TITLE = "TC_NACA0012_3933_L3_finalIceShape_V1 | NACA0012 coordinates rotated +4 degrees about X=0.13335 m"
AUXDATA NUM_LAYERS = "insert the number of total ice layers"
VARIABLES = "X_ICED" "Y_ICED" "Z_ICED"

ZONE T="SLICE_Y_0p9144_BINS01_KS_VAR_SINGLE_LAYER"
0.533397930084 0.9144 0.000667559071678
0.531889237578 0.9144 0.000882842421882
0.531889237578 0.9144 0.000882842421882
0.529469483696 0.9144 0.00122488211527
0.529469483696 0.9144 0.00122488211527
0.525602983845 0.9144 0.00175646362577
0.525602983845 0.9144 0.00175646362577
0.520390191995 0.9144 0.00247458696027
0.520390191995 0.9144 0.00247458696027
0.515168122069 0.9144 0.00318203708953
0.515168122069 0.9144 0.00318203708953
0.509946749707 0.9144 0.00387951157828
0.509946749707 0.9144 0.00387951157828
0.50472607491 0.9144 0.00456701042654
0.50472607491 0.9144 0.00456701042654
0.50472607491 0.9144 0.00456701042654
0.499506097678 0.9144 0.00524453363429
0.494276144806 0.9144 0.0059213592773
0.494276144806 0.9144 0.0059213592773
0.489056865138 0.9144 0.00658890684455
0.489056865138 0.9144 0.00658890684455
0.483828307395 0.9144 0.00724578120656
0.483828307395 0.9144 0.00724578120656
0.478599749652 0.9144 0.00790265556856
0.478599749652 0.9144 0.00790265556856
0.473371889474 0.9144 0.00854955429007
0.473371889474 0.9144 0.00854955429007
0.46814472686 0.9144 0.00918647737107
0.46814472686 0.9144 0.00918647737107
0.462918261812 0.9144 0.00981342481157
0.462918261812 0.9144 0.00981342481157
0.457691796763 0.9144 0.0104403722521
0.457691796763 0.9144 0.0104403722521
0.457691796763 0.9144 0.0104403722521
0.452456053638 0.9144 0.0110566464873
0.447230983719 0.9144 0.0116636426468
0.447230983719 0.9144 0.0116636426468
0.441995938159 0.9144 0.0122699412416
0.441995938159 0.9144 0.0122699412416
0.436761590164 0.9144 0.0128662641958
0.436761590164 0.9144 0.0128662641958
0.431527939733 0.9144 0.0134526115096
0.431527939733 0.9144 0.0134526115096
0.431527939733 0.9144 0.0134526115096
0.426294289303 0.9144 0.0140389588233
0.421061336437 0.9144 0.0146153304966
0.421061336437 0.9144 0.0146153304966
0.415819105496 0.9144 0.0151810289646
0.415819105496 0.9144 0.0151810289646
0.410586850195 0.9144 0.0157474249974
0.410586850195 0.9144 0.0157474249974
0.405345316818 0.9144 0.0163031478249
0.405345316818 0.9144 0.0163031478249
0.400104481006 0.9144 0.0168488950119
0.400104481006 0.9144 0.0168488950119
0.400104481006 0.9144 0.0168488950119
0.394863645194 0.9144 0.0173946421989
0.394863645194 0.9144 0.0173946421989
0.389633482588 0.9144 0.0179311113101
0.389633482588 0.9144 0.0179311113101
0.384384066265 0.9144 0.0184562096514
0.384384066265 0.9144 0.0184562096514
0.379144625582 0.9144 0.0189820055574
0.379144625582 0.9144 0.0189820055574
0.373906580029 0.9144 0.0194878501824
0.368657861271 0.9144 0.0200029728831
0.368657861271 0.9144 0.0200029728831
0.363420513283 0.9144 0.0204988418676
0.363420513283 0.9144 0.0204988418676
0.363420513283 0.9144 0.0204988418676
0.358173189654 0.9144 0.0209940132874
0.35292656359 0.9144 0.0214792090666
0.35292656359 0.9144 0.0214792090666
0.35292656359 0.9144 0.0214792090666
0.347690610731 0.9144 0.0219551267701
0.347690610731 0.9144 0.0219551267701
0.342435404156 0.9144 0.0224196737036
0.342435404156 0.9144 0.0224196737036
0.337190173221 0.9144 0.0228849182019
0.337190173221 0.9144 0.0228849182019
0.331945639851 0.9144 0.0233401870596
0.331945639851 0.9144 0.0233401870596
0.326701804046 0.9144 0.0237854802768
0.326701804046 0.9144 0.0237854802768
0.321448690166 0.9144 0.0242201002888
0.321448690166 0.9144 0.0242201002888
0.316195576285 0.9144 0.0246547203008
0.310953833174 0.9144 0.0250700865966
0.310953833174 0.9144 0.0250700865966
0.310953833174 0.9144 0.0250700865966
0.305702114422 0.9144 0.0254847553276
0.305702114422 0.9144 0.0254847553276
0.300451093236 0.9144 0.0258894484181
0.300451093236 0.9144 0.0258894484181
0.295190793973 0.9144 0.0262834683033
0.295190793973 0.9144 0.0262834683033
0.289941167916 0.9144 0.0266682101128
0.289941167916 0.9144 0.0266682101128
0.284692239424 0.9144 0.0270429762818
0.284692239424 0.9144 0.0270429762818
0.279434032856 0.9144 0.0274070692455
0.279434032856 0.9144 0.0274070692455
0.274177221417 0.9144 0.0277512109283
0.268920409978 0.9144 0.028095352611
0.268920409978 0.9144 0.028095352611
0.263664296104 0.9144 0.0284295186533
0.263664296104 0.9144 0.0284295186533
0.25840957736 0.9144 0.0287437334145
0.25840957736 0.9144 0.0287437334145
0.253154858615 0.9144 0.0290579481757
0.253154858615 0.9144 0.0290579481757
0.24789155936 0.9144 0.0293515140912
0.24789155936 0.9144 0.0293515140912
0.242628957669 0.9144 0.0296351043662
0.242628957669 0.9144 0.0296351043662
0.237367751108 0.9144 0.0298987433602
0.237367751108 0.9144 0.0298987433602
0.232106544546 0.9144 0.0301623823542
0.232106544546 0.9144 0.0301623823542
0.226847430679 0.9144 0.0303960944266
0.226847430679 0.9144 0.0303960944266
0.226847430679 0.9144 0.0303960944266
0.221588316812 0.9144 0.0306298064991
0.216320622434 0.9144 0.0308428697258
0.216320622434 0.9144 0.0308428697258
0.216320622434 0.9144 0.0308428697258
0.211064298826 0.9144 0.0310366792363
0.211064298826 0.9144 0.0310366792363
0.205798697142 0.9144 0.0312198155415
0.205798697142 0.9144 0.0312198155415
0.200534490587 0.9144 0.0313830005657
0.200534490587 0.9144 0.0313830005657
0.195271679162 0.9144 0.031526234309
0.195271679162 0.9144 0.031526234309
0.189999589662 0.9144 0.0316587948469
0.189999589662 0.9144 0.0316587948469
0.184738870931 0.9144 0.0317721016686
0.184738870931 0.9144 0.0317721016686
0.179470269254 0.9144 0.0318547840041
0.174202365142 0.9144 0.0319274906991
0.174202365142 0.9144 0.0319274906991
0.174202365142 0.9144 0.0319274906991
0.168935856159 0.9144 0.031980246113
0.168935856159 0.9144 0.031980246113
0.16367143987 0.9144 0.0320030746055
0.16367143987 0.9144 0.0320030746055
0.158407721146 0.9144 0.0320159274574
0.158407721146 0.9144 0.0320159274574
0.153136119476 0.9144 0.0319981558231
0.153136119476 0.9144 0.0319981558231
0.1478666105 0.9144 0.0319504572673
0.1478666105 0.9144 0.0319504572673
0.142598496654 0.9144 0.0318828074305
0.142598496654 0.9144 0.0318828074305
0.137332475501 0.9144 0.0317852306721
0.137332475501 0.9144 0.0317852306721
0.13230865998 0.9144 0.0316644929055
0.13230865998 0.9144 0.0316644929055
0.12753702573 0.9144 0.0315212916953
0.12753702573 0.9144 0.0315212916953
0.122976275061 0.9144 0.0313727880636
0.118647754381 0.9144 0.0312004258588
0.118647754381 0.9144 0.0312004258588
0.118647754381 0.9144 0.0312004258588
0.114520839206 0.9144 0.0310120880273
0.114520839206 0.9144 0.0310120880273
0.110594831971 0.9144 0.0308177502095
0.110594831971 0.9144 0.0308177502095
0.106849781394 0.9144 0.0306160172759
0.106849781394 0.9144 0.0306160172759
0.10328638504 0.9144 0.0303969135862
0.10328638504 0.9144 0.0303969135862
0.0998932721401 0.9144 0.0301796928564
0.0998932721401 0.9144 0.0301796928564
0.0966711402578 0.9144 0.0299543794463
0.0966711402578 0.9144 0.0299543794463
0.0935900624719 0.9144 0.0297188806614
0.0935900624719 0.9144 0.0297188806614
0.0906692924989 0.9144 0.0294845672718
0.0906692924989 0.9144 0.0294845672718
0.0878789034171 0.9144 0.0292493465833
0.0850094067761 0.9144 0.0289985697364
0.0850094067761 0.9144 0.0289985697364
0.0850094067761 0.9144 0.0289985697364
0.082131329624 0.9144 0.0287271440438
0.0792646232419 0.9144 0.0284364646349
0.0792646232419 0.9144 0.0284364646349
0.0792646232419 0.9144 0.0284364646349
0.0763993119892 0.9144 0.028125833945
0.0763993119892 0.9144 0.028125833945
0.0735346983013 0.9144 0.0278052276145
0.0706608065377 0.9144 0.0274739480789
0.0706608065377 0.9144 0.0274739480789
0.0706608065377 0.9144 0.0274739480789
0.0677989831087 0.9144 0.0271134391865
0.0677989831087 0.9144 0.0271134391865
0.0649385548092 0.9144 0.026732979013
0.0620894972797 0.9144 0.0263332651233
0.0620894972797 0.9144 0.0263332651233
0.0620894972797 0.9144 0.0263332651233
0.0592311616745 0.9144 0.0259228780284
0.0592311616745 0.9144 0.0259228780284
0.0563855919687 0.9144 0.0254732859362
0.0563855919687 0.9144 0.0254732859362
0.0535307441871 0.9144 0.0250130206387
0.0535307441871 0.9144 0.0250130206387
0.0506879647402 0.9144 0.0245235259845
0.0478572536281 0.9144 0.0240048019735
0.0478572536281 0.9144 0.0240048019735
0.0450186595697 0.9144 0.0234554534763
0.0450186595697 0.9144 0.0234554534763
0.0450186595697 0.9144 0.0234554534763
0.0421921338459 0.9144 0.0228768756223
0.0421921338459 0.9144 0.0228768756223
0.0393783740217 0.9144 0.022259092771
0.0393783740217 0.9144 0.022259092771
0.0365667068916 0.9144 0.0216113829982
0.0365667068916 0.9144 0.0216113829982
0.033767805661 0.9144 0.0209244682282
0.033767805661 0.9144 0.0209244682282
0.0309716946894 0.9144 0.0201976508961
0.0309716946894 0.9144 0.0201976508961
0.0281997203871 0.9144 0.0194123748505
0.0281997203871 0.9144 0.0194123748505
0.0254412095491 0.9144 0.0185779181671
0.0254412095491 0.9144 0.0185779181671
0.02269685974 0.9144 0.0176843052054
0.02269685974 0.9144 0.0176843052054
0.0194734741002 0.9144 0.0180503448438
0.0194734741002 0.9144 0.0180503448438
0.0164030695196 0.9144 0.0178055679832
0.0164030695196 0.9144 0.0178055679832
0.0136654856237 0.9144 0.0166718420847
0.0109768726313 0.9144 0.0154112231187
0.0109768726313 0.9144 0.0154112231187
0.00830939631533 0.9144 0.0139916914693
0.00830939631533 0.9144 0.0139916914693
0.00428468134577 0.9144 0.014492160663
0.00428468134577 0.9144 0.014492160663
-0.00167355699808 0.9144 0.0169826015553
-0.00167355699808 0.9144 0.0169826015553
-0.00472052712155 0.9144 0.0152558493823
-0.00472052712155 0.9144 0.0152558493823
-0.00651733710246 0.9144 0.0124236110639
-0.00651733710246 0.9144 0.0124236110639
-0.00781208696873 0.9144 0.00943601624803
-0.00781208696873 0.9144 0.00943601624803
-0.00844516647232 0.9144 0.00630422597054
-0.00844516647232 0.9144 0.00630422597054
-0.00838825355537 0.9144 0.00290992767489
-0.00838825355537 0.9144 0.00290992767489
-0.00838825355537 0.9144 0.00290992767489
-0.00701783418159 0.9144 -0.000202057341136
-0.00701783418159 0.9144 -0.000202057341136
-0.00517172078122 0.9144 -0.00251892274788
-0.00517172078122 0.9144 -0.00251892274788
-0.00356230085616 0.9144 -0.00446138703451
-0.00356230085616 0.9144 -0.00446138703451
-0.0022419647715 0.9144 -0.00628372416675
-0.0022419647715 0.9144 -0.00628372416675
-0.000861774843826 0.9144 -0.00810187591057
-0.000861774843826 0.9144 -0.00810187591057
0.000805615964213 0.9144 -0.00986987135549
0.000805615964213 0.9144 -0.00986987135549
0.00270314406855 0.9144 -0.011631798452
0.00505815650653 0.9144 -0.0133416862895
0.00505815650653 0.9144 -0.0133416862895
0.00777508226155 0.9144 -0.0150663643585
0.00777508226155 0.9144 -0.0150663643585
0.00777508226155 0.9144 -0.0150663643585
0.0104708713403 0.9144 -0.0166321297442
0.0131754506642 0.9144 -0.0180368897524
0.0131754506642 0.9144 -0.0180368897524
0.0159099569096 0.9144 -0.0194395570663
0.0159099569096 0.9144 -0.0194395570663
0.0186402777667 0.9144 -0.0207823705373
0.0186402777667 0.9144 -0.0207823705373
0.0213791791347 0.9144 -0.0221045351625
0.0213791791347 0.9144 -0.0221045351625
0.0241359390895 0.9144 -0.0233953777367
0.0241359390895 0.9144 -0.0233953777367
0.0269379040279 0.9144 -0.024472546472
0.0269379040279 0.9144 -0.024472546472
0.0298307667639 0.9144 -0.0252726997015
0.0298307667639 0.9144 -0.0252726997015
0.0298307667639 0.9144 -0.0252726997015
0.032735210004 0.9144 -0.0259517501156
0.032735210004 0.9144 -0.0259517501156
0.0356440483667 0.9144 -0.0265502978409
0.0356440483667 0.9144 -0.0265502978409
0.0385686526221 0.9144 -0.0270875965937
0.0385686526221 0.9144 -0.0270875965937
0.0414811885427 0.9144 -0.0275956659897
0.0444009098448 0.9144 -0.028063135259
0.0444009098448 0.9144 -0.028063135259
0.0444009098448 0.9144 -0.028063135259
0.0473250262696 0.9144 -0.0284501018395
0.0473250262696 0.9144 -0.0284501018395
0.0502498402591 0.9144 -0.0288470440606
0.0502498402591 0.9144 -0.0288470440606
0.0531690737307 0.9144 -0.0291641811576
0.0531690737307 0.9144 -0.0291641811576
0.0560982828428 0.9144 -0.0294806206899
0.0560982828428 0.9144 -0.0294806206899
0.0590161211849 0.9144 -0.0297778065059
0.0590161211849 0.9144 -0.0297778065059
0.0619858620615 0.9144 -0.0296703861839
0.0619858620615 0.9144 -0.0296703861839
0.0649412321751 0.9144 -0.0296441661154
0.0678780461371 0.9144 -0.0296392924574
0.0678880217776 0.9144 -0.0296385948926
0.0678880217776 0.9144 -0.0296385948926
0.0709121773513 0.9144 -0.0288757822906
0.0709121773513 0.9144 -0.0288757822906
0.0738021814662 0.9144 -0.0292049877223
0.0738021814662 0.9144 -0.0292049877223
0.076692185581 0.9144 -0.0295341931541
0.076692185581 0.9144 -0.0295341931541
0.0795800970016 0.9144 -0.0298334716643
0.0824673108575 0.9144 -0.030122774534
0.0824673108575 0.9144 -0.030122774534
0.0824673108575 0.9144 -0.030122774534
0.0853631052244 0.9144 -0.030391428558
0.0853631052244 0.9144 -0.030391428558
0.0882582020266 0.9144 -0.0306501069415
0.0882582020266 0.9144 -0.0306501069415
0.0911718549803 0.9144 -0.0308874389144
0.0911718549803 0.9144 -0.0308874389144
0.094236537671 0.9144 -0.0311342586974
0.0974608306097 0.9144 -0.0313699174445
0.0974608306097 0.9144 -0.0313699174445
0.100834758156 0.9144 -0.0315951127206
0.100834758156 0.9144 -0.0315951127206
0.104388944796 0.9144 -0.0318177274719
0.104388944796 0.9144 -0.0318177274719
0.108122692965 0.9144 -0.0320277860579
0.108122692965 0.9144 -0.0320277860579
0.108122692965 0.9144 -0.0320277860579
0.112036700228 0.9144 -0.0322352641192
0.112036700228 0.9144 -0.0322352641192
0.116150220301 0.9144 -0.0324287908857
0.116150220301 0.9144 -0.0324287908857
0.120473228825 0.9144 -0.0326076687927
0.120473228825 0.9144 -0.0326076687927
0.125005725799 0.9144 -0.0327718978403
0.125005725799 0.9144 -0.0327718978403
0.129767662504 0.9144 -0.0329200828988
0.129767662504 0.9144 -0.0329200828988
0.134773131608 0.9144 -0.0326803350109
0.134773131608 0.9144 -0.0326803350109
0.140039294132 0.9144 -0.032011356485
0.145275388363 0.9144 -0.0319158724209
0.145275388363 0.9144 -0.0319158724209
0.145275388363 0.9144 -0.0319158724209
0.150501994784 0.9144 -0.0319714180938
0.150501994784 0.9144 -0.0319714180938
0.155737181716 0.9144 -0.0320063149209
0.155737181716 0.9144 -0.0320063149209
0.160960300313 0.9144 -0.0320119823913
0.166191999421 0.9144 -0.031997001016
0.166191999421 0.9144 -0.031997001016
0.166191999421 0.9144 -0.031997001016
0.1714223034 0.9144 -0.0319620683596
0.1714223034 0.9144 -0.0319620683596
0.176650514684 0.9144 -0.0318972087818
0.176650514684 0.9144 -0.0318972087818
0.181888004045 0.9144 -0.0318216759986
0.181888004045 0.9144 -0.0318216759986
0.18711342507 0.9144 -0.0317169138588
0.18711342507 0.9144 -0.0317169138588
0.192348124171 0.9144 -0.0316014785137
0.192348124171 0.9144 -0.0316014785137
0.197571452503 0.9144 -0.0314667894523
0.197571452503 0.9144 -0.0314667894523
0.202803361345 0.9144 -0.0313114515451
0.208024596982 0.9144 -0.0311468355623
0.208024596982 0.9144 -0.0311468355623
0.208024596982 0.9144 -0.0311468355623
0.21325441313 0.9144 -0.0309615707336
0.218482834149 0.9144 -0.030756354624
0.218482834149 0.9144 -0.030756354624
0.218482834149 0.9144 -0.030756354624
0.223710557603 0.9144 -0.0305411628738
0.228936885927 0.9144 -0.0303060198427
0.228936885927 0.9144 -0.0303060198427
0.234162516687 0.9144 -0.030060901171
0.234162516687 0.9144 -0.030060901171
0.234162516687 0.9144 -0.030060901171
0.239386752317 0.9144 -0.0297958312184
0.244601012307 0.9144 -0.0295314588305
0.244601012307 0.9144 -0.0295314588305
0.249823852808 0.9144 -0.0292464375968
0.249823852808 0.9144 -0.0292464375968
0.255045298179 0.9144 -0.0289414650821
0.255045298179 0.9144 -0.0289414650821
0.260276719191 0.9144 -0.0286357950027
0.260276719191 0.9144 -0.0286357950027
0.265496769433 0.9144 -0.0283108712071
0.265496769433 0.9144 -0.0283108712071
0.270716819675 0.9144 -0.0279859474114
0.270716819675 0.9144 -0.0279859474114
0.275935474787 0.9144 -0.0276410723347
0.275935474787 0.9144 -0.0276410723347
0.281153432334 0.9144 -0.0272862216175
0.281153432334 0.9144 -0.0272862216175
0.286370692317 0.9144 -0.0269213952598
0.286370692317 0.9144 -0.0269213952598
0.291587254735 0.9144 -0.0265465932617
0.291587254735 0.9144 -0.0265465932617
0.296803119589 0.9144 -0.026161815623
0.296803119589 0.9144 -0.026161815623
0.302018286877 0.9144 -0.0257670623438
0.302018286877 0.9144 -0.0257670623438
0.307232756601 0.9144 -0.0253623334241
0.307232756601 0.9144 -0.0253623334241
0.312447226325 0.9144 -0.0249576045044
0.312447226325 0.9144 -0.0249576045044
0.31766030092 0.9144 -0.0245329243037
0.31766030092 0.9144 -0.0245329243037
0.322873375514 0.9144 -0.024108244103
0.322873375514 0.9144 -0.024108244103
0.328085752544 0.9144 -0.0236735882618
0.328085752544 0.9144 -0.0236735882618
0.333297432009 0.9144 -0.0232289567801
0.333297432009 0.9144 -0.0232289567801
0.338508413909 0.9144 -0.0227743496579
0.338508413909 0.9144 -0.0227743496579
0.343718698244 0.9144 -0.0223097668952
0.343718698244 0.9144 -0.0223097668952
0.34892898258 0.9144 -0.0218451841325
0.34892898258 0.9144 -0.0218451841325
0.354138569351 0.9144 -0.0213706257293
0.354138569351 0.9144 -0.0213706257293
0.359347458557 0.9144 -0.0208860916856
0.359347458557 0.9144 -0.0208860916856
0.364555650198 0.9144 -0.0203915820013
0.364555650198 0.9144 -0.0203915820013
0.369753866199 0.9144 -0.0198977698819
0.369753866199 0.9144 -0.0198977698819
0.374961360275 0.9144 -0.0193932845572
0.374961360275 0.9144 -0.0193932845572
0.380168156787 0.9144 -0.0188788235919
0.380168156787 0.9144 -0.0188788235919
0.385374255734 0.9144 -0.0183543869862
0.385374255734 0.9144 -0.0183543869862
0.390580354681 0.9144 -0.0178299503805
0.390580354681 0.9144 -0.0178299503805
0.395785756064 0.9144 -0.0172955381343
0.395785756064 0.9144 -0.0172955381343
0.400981181805 0.9144 -0.0167618234528
0.400981181805 0.9144 -0.0167618234528
0.406185885623 0.9144 -0.016217435566
0.406185885623 0.9144 -0.016217435566
0.411389891876 0.9144 -0.0156630720388
0.411389891876 0.9144 -0.0156630720388
0.411389891876 0.9144 -0.0156630720388
0.416583224923 0.9144 -0.0150994304358
0.416583224923 0.9144 -0.0150994304358
0.421786533612 0.9144 -0.0145350912681
0.421786533612 0.9144 -0.0145350912681
0.426989144735 0.9144 -0.0139607764598
0.426989144735 0.9144 -0.0139607764598
0.432181780218 0.9144 -0.0133871592163
0.432181780218 0.9144 -0.0133871592163
0.437382996212 0.9144 -0.0127928931271
0.437382996212 0.9144 -0.0127928931271
0.442584212206 0.9144 -0.0121986270379
0.442584212206 0.9144 -0.0121986270379
0.447775452559 0.9144 -0.0116050585134
0.452975970988 0.9144 -0.0110008167836
0.452975970988 0.9144 -0.0110008167836
0.458165816212 0.9144 -0.0103872969781
0.458165816212 0.9144 -0.0103872969781
0.463354963871 0.9144 -0.00976380153209
0.463354963871 0.9144 -0.00976380153209
0.463354963871 0.9144 -0.00976380153209
0.468554087171 0.9144 -0.00913960852134
0.468554087171 0.9144 -0.00913960852134
0.473742537265 0.9144 -0.00850613743483
0.473742537265 0.9144 -0.00850613743483
0.478930289795 0.9144 -0.00786269070781
0.478930289795 0.9144 -0.00786269070781
0.484127320401 0.9144 -0.00720857077555
0.484127320401 0.9144 -0.00720857077555
0.489314375365 0.9144 -0.00655514840803
0.489314375365 0.9144 -0.00655514840803
0.494500732766 0.9144 -0.00589175040001
0.494500732766 0.9144 -0.00589175040001
0.499687090166 0.9144 -0.00522835239199
0.499687090166 0.9144 -0.00522835239199
0.504872052437 0.9144 -0.00454500310296
0.504872052437 0.9144 -0.00454500310296
0.510057014707 0.9144 -0.00386165381393
0.510057014707 0.9144 -0.00386165381393
0.515241279414 0.9144 -0.0031683288844
0.515241279414 0.9144 -0.0031683288844
0.520424846555 0.9144 -0.00246502831437
0.520424846555 0.9144 -0.00246502831437
0.525607716131 0.9144 -0.00175175210384
0.525607716131 0.9144 -0.00175175210384
0.529480079244 0.9144 -0.00122033520317
0.529480079244 0.9144 -0.00122033520317
0.531892301286 0.9144 -0.000881241083425
0.531892301286 0.9144 -0.000881241083425
0.533401622995 0.9144 -0.000675454838307

ZONE T="SLICE_Y_0p9144_BINS03_KS_VAR_SINGLE_LAYER"
0.533397930084 0.9144 0.000667559071678
0.531889237578 0.9144 0.000882842421882
0.531889237578 0.9144 0.000882842421882
0.529469483696 0.9144 0.00122488211527
0.529469483696 0.9144 0.00122488211527
0.525602983845 0.9144 0.00175646362577
0.525602983845 0.9144 0.00175646362577
0.520390191995 0.9144 0.00247458696027
0.520390191995 0.9144 0.00247458696027
0.515168122069 0.9144 0.00318203708953
0.515168122069 0.9144 0.00318203708953
0.509946749707 0.9144 0.00387951157828
0.509946749707 0.9144 0.00387951157828
0.50472607491 0.9144 0.00456701042654
0.50472607491 0.9144 0.00456701042654
0.50472607491 0.9144 0.00456701042654
0.499506097678 0.9144 0.00524453363429
0.494276144806 0.9144 0.0059213592773
0.494276144806 0.9144 0.0059213592773
0.489056865138 0.9144 0.00658890684455
0.489056865138 0.9144 0.00658890684455
0.483828307395 0.9144 0.00724578120656
0.483828307395 0.9144 0.00724578120656
0.478599749652 0.9144 0.00790265556856
0.478599749652 0.9144 0.00790265556856
0.473371889474 0.9144 0.00854955429007
0.473371889474 0.9144 0.00854955429007
0.46814472686 0.9144 0.00918647737107
0.46814472686 0.9144 0.00918647737107
0.462918261812 0.9144 0.00981342481157
0.462918261812 0.9144 0.00981342481157
0.457691796763 0.9144 0.0104403722521
0.457691796763 0.9144 0.0104403722521
0.457691796763 0.9144 0.0104403722521
0.452456053638 0.9144 0.0110566464873
0.447230983719 0.9144 0.0116636426468
0.447230983719 0.9144 0.0116636426468
0.441995938159 0.9144 0.0122699412416
0.441995938159 0.9144 0.0122699412416
0.436761590164 0.9144 0.0128662641958
0.436761590164 0.9144 0.0128662641958
0.431527939733 0.9144 0.0134526115096
0.431527939733 0.9144 0.0134526115096
0.431527939733 0.9144 0.0134526115096
0.426294289303 0.9144 0.0140389588233
0.421061336437 0.9144 0.0146153304966
0.421061336437 0.9144 0.0146153304966
0.415819105496 0.9144 0.0151810289646
0.415819105496 0.9144 0.0151810289646
0.410586850195 0.9144 0.0157474249974
0.410586850195 0.9144 0.0157474249974
0.405345316818 0.9144 0.0163031478249
0.405345316818 0.9144 0.0163031478249
0.400104481006 0.9144 0.0168488950119
0.400104481006 0.9144 0.0168488950119
0.400104481006 0.9144 0.0168488950119
0.394863645194 0.9144 0.0173946421989
0.394863645194 0.9144 0.0173946421989
0.389633482588 0.9144 0.0179311113101
0.389633482588 0.9144 0.0179311113101
0.384384066265 0.9144 0.0184562096514
0.384384066265 0.9144 0.0184562096514
0.379144625582 0.9144 0.0189820055574
0.379144625582 0.9144 0.0189820055574
0.373906580029 0.9144 0.0194878501824
0.368657861271 0.9144 0.0200029728831
0.368657861271 0.9144 0.0200029728831
0.363420513283 0.9144 0.0204988418676
0.363420513283 0.9144 0.0204988418676
0.363420513283 0.9144 0.0204988418676
0.358173189654 0.9144 0.0209940132874
0.35292656359 0.9144 0.0214792090666
0.35292656359 0.9144 0.0214792090666
0.35292656359 0.9144 0.0214792090666
0.347690610731 0.9144 0.0219551267701
0.347690610731 0.9144 0.0219551267701
0.342435404156 0.9144 0.0224196737036
0.342435404156 0.9144 0.0224196737036
0.337190173221 0.9144 0.0228849182019
0.337190173221 0.9144 0.0228849182019
0.331945639851 0.9144 0.0233401870596
0.331945639851 0.9144 0.0233401870596
0.326701804046 0.9144 0.0237854802768
0.326701804046 0.9144 0.0237854802768
0.321448690166 0.9144 0.0242201002888
0.321448690166 0.9144 0.0242201002888
0.316195576285 0.9144 0.0246547203008
0.310953833174 0.9144 0.0250700865966
0.310953833174 0.9144 0.0250700865966
0.310953833174 0.9144 0.0250700865966
0.305702114422 0.9144 0.0254847553276
0.305702114422 0.9144 0.0254847553276
0.300451093236 0.9144 0.0258894484181
0.300451093236 0.9144 0.0258894484181
0.295190793973 0.9144 0.0262834683033
0.295190793973 0.9144 0.0262834683033
0.289941167916 0.9144 0.0266682101128
0.289941167916 0.9144 0.0266682101128
0.284692239424 0.9144 0.0270429762818
0.284692239424 0.9144 0.0270429762818
0.279434032856 0.9144 0.0274070692455
0.279434032856 0.9144 0.0274070692455
0.274177221417 0.9144 0.0277512109283
0.268920409978 0.9144 0.028095352611
0.268920409978 0.9144 0.028095352611
0.263664296104 0.9144 0.0284295186533
0.263664296104 0.9144 0.0284295186533
0.25840957736 0.9144 0.0287437334145
0.25840957736 0.9144 0.0287437334145
0.253154858615 0.9144 0.0290579481757
0.253154858615 0.9144 0.0290579481757
0.24789155936 0.9144 0.0293515140912
0.24789155936 0.9144 0.0293515140912
0.242628957669 0.9144 0.0296351043662
0.242628957669 0.9144 0.0296351043662
0.237367751108 0.9144 0.0298987433602
0.237367751108 0.9144 0.0298987433602
0.232106544546 0.9144 0.0301623823542
0.232106544546 0.9144 0.0301623823542
0.226847430679 0.9144 0.0303960944266
0.226847430679 0.9144 0.0303960944266
0.226847430679 0.9144 0.0303960944266
0.221588316812 0.9144 0.0306298064991
0.216320622434 0.9144 0.0308428697258
0.216320622434 0.9144 0.0308428697258
0.216320622434 0.9144 0.0308428697258
0.211064298826 0.9144 0.0310366792363
0.211064298826 0.9144 0.0310366792363
0.205798697142 0.9144 0.0312198155415
0.205798697142 0.9144 0.0312198155415
0.200534490587 0.9144 0.0313830005657
0.200534490587 0.9144 0.0313830005657
0.195271679162 0.9144 0.031526234309
0.195271679162 0.9144 0.031526234309
0.189999589662 0.9144 0.0316587948469
0.189999589662 0.9144 0.0316587948469
0.184738870931 0.9144 0.0317721016686
0.184738870931 0.9144 0.0317721016686
0.179470269254 0.9144 0.0318547840041
0.174202365142 0.9144 0.0319274906991
0.174202365142 0.9144 0.0319274906991
0.174202365142 0.9144 0.0319274906991
0.168935856159 0.9144 0.031980246113
0.168935856159 0.9144 0.031980246113
0.16367143987 0.9144 0.0320030746055
0.16367143987 0.9144 0.0320030746055
0.158407721146 0.9144 0.0320159274574
0.158407721146 0.9144 0.0320159274574
0.153136119476 0.9144 0.0319981558231
0.153136119476 0.9144 0.0319981558231
0.1478666105 0.9144 0.0319504572673
0.1478666105 0.9144 0.0319504572673
0.142598496654 0.9144 0.0318828074305
0.142598496654 0.9144 0.0318828074305
0.137332475501 0.9144 0.0317852306721
0.137332475501 0.9144 0.0317852306721
0.13230865998 0.9144 0.0316644929055
0.13230865998 0.9144 0.0316644929055
0.12753702573 0.9144 0.0315212916953
0.12753702573 0.9144 0.0315212916953
0.122976275061 0.9144 0.0313727880636
0.118647754381 0.9144 0.0312004258588
0.118647754381 0.9144 0.0312004258588
0.118647754381 0.9144 0.0312004258588
0.114520839206 0.9144 0.0310120880273
0.114520839206 0.9144 0.0310120880273
0.110594831971 0.9144 0.0308177502095
0.110594831971 0.9144 0.0308177502095
0.106849781394 0.9144 0.0306160172759
0.106849781394 0.9144 0.0306160172759
0.10328638504 0.9144 0.0303969135862
0.10328638504 0.9144 0.0303969135862
0.0998932721401 0.9144 0.0301796928564
0.0998932721401 0.9144 0.0301796928564
0.0966711402578 0.9144 0.0299543794463
0.0966711402578 0.9144 0.0299543794463
0.0935900624719 0.9144 0.0297188806614
0.0935900624719 0.9144 0.0297188806614
0.0906692924989 0.9144 0.0294845672718
0.0906692924989 0.9144 0.0294845672718
0.0878789034171 0.9144 0.0292493465833
0.0850094067761 0.9144 0.0289985697364
0.0850094067761 0.9144 0.0289985697364
0.0850094067761 0.9144 0.0289985697364
0.082131329624 0.9144 0.0287271440438
0.0792646232419 0.9144 0.0284364646349
0.0792646232419 0.9144 0.0284364646349
0.0792646232419 0.9144 0.0284364646349
0.0763993119892 0.9144 0.028125833945
0.0763993119892 0.9144 0.028125833945
0.0735346983013 0.9144 0.0278052276145
0.0706608065377 0.9144 0.0274739480789
0.0706608065377 0.9144 0.0274739480789
0.0706608065377 0.9144 0.0274739480789
0.0677989831087 0.9144 0.0271134391865
0.0677989831087 0.9144 0.0271134391865
0.0649385548092 0.9144 0.026732979013
0.0620894972797 0.9144 0.0263332651233
0.0620894972797 0.9144 0.0263332651233
0.0620894972797 0.9144 0.0263332651233
0.0592311616745 0.9144 0.0259228780284
0.0592311616745 0.9144 0.0259228780284
0.0563855919687 0.9144 0.0254732859362
0.0563855919687 0.9144 0.0254732859362
0.0535307441871 0.9144 0.0250130206387
0.0535307441871 0.9144 0.0250130206387
0.0506879647402 0.9144 0.0245235259845
0.0478572536281 0.9144 0.0240048019735
0.0478572536281 0.9144 0.0240048019735
0.0450186595697 0.9144 0.0234554534763
0.0450186595697 0.9144 0.0234554534763
0.0450186595697 0.9144 0.0234554534763
0.0421921338459 0.9144 0.0228768756223
0.0421921338459 0.9144 0.0228768756223
0.0393783740217 0.9144 0.022259092771
0.0393783740217 0.9144 0.022259092771
0.0365667068916 0.9144 0.0216113829982
0.0365667068916 0.9144 0.0216113829982
0.033767805661 0.9144 0.0209244682282
0.033767805661 0.9144 0.0209244682282
0.0309716946894 0.9144 0.0201976508961
0.0309716946894 0.9144 0.0201976508961
0.0281997203871 0.9144 0.0194123748505
0.0281997203871 0.9144 0.0194123748505
0.0254412095491 0.9144 0.0185779181671
0.0254412095491 0.9144 0.0185779181671
0.0226592596064 0.9144 0.0177919445567
0.0226592596064 0.9144 0.0177919445567
0.0198680315879 0.9144 0.0169952977411
0.0198680315879 0.9144 0.0169952977411
0.0170654327994 0.9144 0.0162179046418
0.0170654327994 0.9144 0.0162179046418
0.014304619533 0.9144 0.0152730183482
0.0115600599897 0.9144 0.0142390488547
0.0115600599897 0.9144 0.0142390488547
0.00806991258106 0.9144 0.0144059951514
0.00806991258106 0.9144 0.0144059951514
0.00195932238049 0.9144 0.0179283221381
0.00195932238049 0.9144 0.0179283221381
-0.00204551431783 0.9144 0.0174277394578
-0.00204551431783 0.9144 0.0174277394578
-0.00475254673727 0.9144 0.0152836836096
-0.00475254673727 0.9144 0.0152836836096
-0.00650666389722 0.9144 0.0124143329881
-0.00650666389722 0.9144 0.0124143329881
-0.00781138940399 0.9144 0.00942604060753
-0.00781138940399 0.9144 0.00942604060753
-0.00845583967756 0.9144 0.00631350404631
-0.00845583967756 0.9144 0.00631350404631
-0.00838825355537 0.9144 0.00290992767489
-0.00838825355537 0.9144 0.00290992767489
-0.00838825355537 0.9144 0.00290992767489
-0.00698720969535 0.9144 -0.000209940287426
-0.00698720969535 0.9144 -0.000209940287426
-0.0051118669382 0.9144 -0.00251473735945
-0.0051118669382 0.9144 -0.00251473735945
-0.00351381778312 0.9144 -0.00443794792982
-0.00351381778312 0.9144 -0.00443794792982
-0.00222271105523 0.9144 -0.00627235339677
-0.00222271105523 0.9144 -0.00627235339677
-0.000813989335525 0.9144 -0.00806846116537
-0.000813989335525 0.9144 -0.00806846116537
0.000832752626771 0.9144 -0.00982787609926
0.000832752626771 0.9144 -0.00982787609926
0.00274025637161 0.9144 -0.011589105631
0.00509457124485 0.9144 -0.013289017828
0.00509457124485 0.9144 -0.013289017828
0.00780221892411 0.9144 -0.0150243691023
0.00780221892411 0.9144 -0.0150243691023
0.00780221892411 0.9144 -0.0150243691023
0.0105065885139 0.9144 -0.0165694856422
0.0132111678378 0.9144 -0.0179742456504
0.0132111678378 0.9144 -0.0179742456504
0.0159178398559 0.9144 -0.0194089325801
0.0159178398559 0.9144 -0.0194089325801
0.0186488582777 0.9144 -0.0207617216915
0.0186488582777 0.9144 -0.0207617216915
0.02137848157 0.9144 -0.022094559522
0.02137848157 0.9144 -0.022094559522
0.0241345439601 0.9144 -0.0233754264557
0.0241345439601 0.9144 -0.0233754264557
0.0269715285073 0.9144 -0.0243799754485
0.0269715285073 0.9144 -0.0243799754485
0.0298458350917 0.9144 -0.0252014750885
0.0298458350917 0.9144 -0.0252014750885
0.0298458350917 0.9144 -0.0252014750885
0.0327416978208 0.9144 -0.0259011743483
0.0327416978208 0.9144 -0.0259011743483
0.0356540240072 0.9144 -0.0265496002761
0.0356540240072 0.9144 -0.0265496002761
0.0385521891647 0.9144 -0.0271388699257
0.0385521891647 0.9144 -0.0271388699257
0.041468212909 0.9144 -0.0276968175242
0.0443786561354 0.9144 -0.0281749599988
0.0443786561354 0.9144 -0.0281749599988
0.0443786561354 0.9144 -0.0281749599988
0.0473034701249 0.9144 -0.0285719022198
0.0473034701249 0.9144 -0.0285719022198
0.0502125182218 0.9144 -0.0290300934133
0.0502125182218 0.9144 -0.0290300934133
0.0531273565708 0.9144 -0.0294277331991
0.0531273565708 0.9144 -0.0294277331991
0.0560565656829 0.9144 -0.0297441727314
0.0560565656829 0.9144 -0.0297441727314
0.0589693113377 0.9144 -0.0301118855956
0.0589693113377 0.9144 -0.0301118855956
0.0618734764815 0.9144 -0.0305002473056
0.0618734764815 0.9144 -0.0305002473056
0.0647762464958 0.9144 -0.0308686577346
0.0676783189453 0.9144 -0.0312270925231
0.0676783189453 0.9144 -0.0312270925231
0.0676783189453 0.9144 -0.0312270925231
0.0705882743411 0.9144 -0.0315549028254
0.0705882743411 0.9144 -0.0315549028254
0.073495439478 0.9144 -0.0318428105656
0.073495439478 0.9144 -0.0318428105656
0.0764033021796 0.9144 -0.0321406939464
0.0764033021796 0.9144 -0.0321406939464
0.0793097697518 0.9144 -0.0324186260461
0.0822248178349 0.9144 -0.0326759093001
0.0822248178349 0.9144 -0.0326759093001
0.0822248178349 0.9144 -0.0326759093001
0.0851284951481 0.9144 -0.0329139388379
0.0851284951481 0.9144 -0.0329139388379
0.0880791920427 0.9144 -0.0326775327541
0.0880791920427 0.9144 -0.0326775327541
0.0911818306208 0.9144 -0.0308867413497
0.0911818306208 0.9144 -0.0308867413497
0.0943025328722 0.9144 -0.0303577636018
0.0975147574763 0.9144 -0.0305641929922
0.0975147574763 0.9144 -0.0305641929922
0.100896567969 0.9144 -0.030758763782
0.100896567969 0.9144 -0.030758763782
0.10444796435 0.9144 -0.0309414759713
0.10444796435 0.9144 -0.0309414759713
0.10816894662 0.9144 -0.0311123295601
0.10816894662 0.9144 -0.0311123295601
0.10816894662 0.9144 -0.0311123295601
0.112088744135 0.9144 -0.0312592562136
0.112088744135 0.9144 -0.0312592562136
0.116190195873 0.9144 -0.0314235536233
0.116190195873 0.9144 -0.0314235536233
0.120510414137 0.9144 -0.0315625289683
0.120510414137 0.9144 -0.0315625289683
0.125039423288 0.9144 -0.0316768798134
0.125039423288 0.9144 -0.0316768798134
0.129798569734 0.9144 -0.0317851623099
0.129798569734 0.9144 -0.0317851623099
0.134796433988 0.9144 -0.0318667276123
0.134796433988 0.9144 -0.0318667276123
0.140045084385 0.9144 -0.0319508050772
0.145270295676 0.9144 -0.0319863994691
0.145270295676 0.9144 -0.0319863994691
0.145270295676 0.9144 -0.0319863994691
0.150504087478 0.9144 -0.0320013450153
0.150504087478 0.9144 -0.0320013450153
0.155737181716 0.9144 -0.0320063149209
0.155737181716 0.9144 -0.0320063149209
0.160960300313 0.9144 -0.0320119823913
0.166191999421 0.9144 -0.031997001016
0.166191999421 0.9144 -0.031997001016
0.166191999421 0.9144 -0.031997001016
0.1714223034 0.9144 -0.0319620683596
0.1714223034 0.9144 -0.0319620683596
0.176650514684 0.9144 -0.0318972087818
0.176650514684 0.9144 -0.0318972087818
0.181888004045 0.9144 -0.0318216759986
0.181888004045 0.9144 -0.0318216759986
0.18711342507 0.9144 -0.0317169138588
0.18711342507 0.9144 -0.0317169138588
0.192348124171 0.9144 -0.0316014785137
0.192348124171 0.9144 -0.0316014785137
0.197571452503 0.9144 -0.0314667894523
0.197571452503 0.9144 -0.0314667894523
0.202803361345 0.9144 -0.0313114515451
0.208024596982 0.9144 -0.0311468355623
0.208024596982 0.9144 -0.0311468355623
0.208024596982 0.9144 -0.0311468355623
0.21325441313 0.9144 -0.0309615707336
0.218482834149 0.9144 -0.030756354624
0.218482834149 0.9144 -0.030756354624
0.218482834149 0.9144 -0.030756354624
0.223710557603 0.9144 -0.0305411628738
0.228936885927 0.9144 -0.0303060198427
0.228936885927 0.9144 -0.0303060198427
0.234162516687 0.9144 -0.030060901171
0.234162516687 0.9144 -0.030060901171
0.234162516687 0.9144 -0.030060901171
0.239386752317 0.9144 -0.0297958312184
0.244601012307 0.9144 -0.0295314588305
0.244601012307 0.9144 -0.0295314588305
0.249823852808 0.9144 -0.0292464375968
0.249823852808 0.9144 -0.0292464375968
0.255045298179 0.9144 -0.0289414650821
0.255045298179 0.9144 -0.0289414650821
0.260276719191 0.9144 -0.0286357950027
0.260276719191 0.9144 -0.0286357950027
0.265496769433 0.9144 -0.0283108712071
0.265496769433 0.9144 -0.0283108712071
0.270716819675 0.9144 -0.0279859474114
0.270716819675 0.9144 -0.0279859474114
0.275935474787 0.9144 -0.0276410723347
0.275935474787 0.9144 -0.0276410723347
0.281153432334 0.9144 -0.0272862216175
0.281153432334 0.9144 -0.0272862216175
0.286370692317 0.9144 -0.0269213952598
0.286370692317 0.9144 -0.0269213952598
0.291587254735 0.9144 -0.0265465932617
0.291587254735 0.9144 -0.0265465932617
0.296803119589 0.9144 -0.026161815623
0.296803119589 0.9144 -0.026161815623
0.302018286877 0.9144 -0.0257670623438
0.302018286877 0.9144 -0.0257670623438
0.307232756601 0.9144 -0.0253623334241
0.307232756601 0.9144 -0.0253623334241
0.312447226325 0.9144 -0.0249576045044
0.312447226325 0.9144 -0.0249576045044
0.31766030092 0.9144 -0.0245329243037
0.31766030092 0.9144 -0.0245329243037
0.322873375514 0.9144 -0.024108244103
0.322873375514 0.9144 -0.024108244103
0.328085752544 0.9144 -0.0236735882618
0.328085752544 0.9144 -0.0236735882618
0.333297432009 0.9144 -0.0232289567801
0.333297432009 0.9144 -0.0232289567801
0.338508413909 0.9144 -0.0227743496579
0.338508413909 0.9144 -0.0227743496579
0.343718698244 0.9144 -0.0223097668952
0.343718698244 0.9144 -0.0223097668952
0.34892898258 0.9144 -0.0218451841325
0.34892898258 0.9144 -0.0218451841325
0.354138569351 0.9144 -0.0213706257293
0.354138569351 0.9144 -0.0213706257293
0.359347458557 0.9144 -0.0208860916856
0.359347458557 0.9144 -0.0208860916856
0.364555650198 0.9144 -0.0203915820013
0.364555650198 0.9144 -0.0203915820013
0.369753866199 0.9144 -0.0198977698819
0.369753866199 0.9144 -0.0198977698819
0.374961360275 0.9144 -0.0193932845572
0.374961360275 0.9144 -0.0193932845572
0.380168156787 0.9144 -0.0188788235919
0.380168156787 0.9144 -0.0188788235919
0.385374255734 0.9144 -0.0183543869862
0.385374255734 0.9144 -0.0183543869862
0.390580354681 0.9144 -0.0178299503805
0.390580354681 0.9144 -0.0178299503805
0.395785756064 0.9144 -0.0172955381343
0.395785756064 0.9144 -0.0172955381343
0.400981181805 0.9144 -0.0167618234528
0.400981181805 0.9144 -0.0167618234528
0.406185885623 0.9144 -0.016217435566
0.406185885623 0.9144 -0.016217435566
0.411389891876 0.9144 -0.0156630720388
0.411389891876 0.9144 -0.0156630720388
0.411389891876 0.9144 -0.0156630720388
0.416583224923 0.9144 -0.0150994304358
0.416583224923 0.9144 -0.0150994304358
0.421786533612 0.9144 -0.0145350912681
0.421786533612 0.9144 -0.0145350912681
0.426989144735 0.9144 -0.0139607764598
0.426989144735 0.9144 -0.0139607764598
0.432181780218 0.9144 -0.0133871592163
0.432181780218 0.9144 -0.0133871592163
0.437382996212 0.9144 -0.0127928931271
0.437382996212 0.9144 -0.0127928931271
0.442584212206 0.9144 -0.0121986270379
0.442584212206 0.9144 -0.0121986270379
0.447775452559 0.9144 -0.0116050585134
0.452975970988 0.9144 -0.0110008167836
0.452975970988 0.9144 -0.0110008167836
0.458165816212 0.9144 -0.0103872969781
0.458165816212 0.9144 -0.0103872969781
0.463354963871 0.9144 -0.00976380153209
0.463354963871 0.9144 -0.00976380153209
0.463354963871 0.9144 -0.00976380153209
0.468554087171 0.9144 -0.00913960852134
0.468554087171 0.9144 -0.00913960852134
0.473742537265 0.9144 -0.00850613743483
0.473742537265 0.9144 -0.00850613743483
0.478930289795 0.9144 -0.00786269070781
0.478930289795 0.9144 -0.00786269070781
0.484127320401 0.9144 -0.00720857077555
0.484127320401 0.9144 -0.00720857077555
0.489314375365 0.9144 -0.00655514840803
0.489314375365 0.9144 -0.00655514840803
0.494500732766 0.9144 -0.00589175040001
0.494500732766 0.9144 -0.00589175040001
0.499687090166 0.9144 -0.00522835239199
0.499687090166 0.9144 -0.00522835239199
0.504872052437 0.9144 -0.00454500310296
0.504872052437 0.9144 -0.00454500310296
0.510057014707 0.9144 -0.00386165381393
0.510057014707 0.9144 -0.00386165381393
0.515241279414 0.9144 -0.0031683288844
0.515241279414 0.9144 -0.0031683288844
0.520424846555 0.9144 -0.00246502831437
0.520424846555 0.9144 -0.00246502831437
0.525607716131 0.9144 -0.00175175210384
0.525607716131 0.9144 -0.00175175210384
0.529480079244 0.9144 -0.00122033520317
0.529480079244 0.9144 -0.00122033520317
0.531892301286 0.9144 -0.000881241083425
0.531892301286 0.9144 -0.000881241083425
0.533401622995 0.9144 -0.000675454838307

ZONE T="SLICE_Y_0p9144_BINS07_KS_VAR_SINGLE_LAYER"
0.533397930084 0.9144 0.000667559071678
0.531889237578 0.9144 0.000882842421882
0.531889237578 0.9144 0.000882842421882
0.529469483696 0.9144 0.00122488211527
0.529469483696 0.9144 0.00122488211527
0.525602983845 0.9144 0.00175646362577
0.525602983845 0.9144 0.00175646362577
0.520390191995 0.9144 0.00247458696027
0.520390191995 0.9144 0.00247458696027
0.515168122069 0.9144 0.00318203708953
0.515168122069 0.9144 0.00318203708953
0.509946749707 0.9144 0.00387951157828
0.509946749707 0.9144 0.00387951157828
0.50472607491 0.9144 0.00456701042654
0.50472607491 0.9144 0.00456701042654
0.50472607491 0.9144 0.00456701042654
0.499506097678 0.9144 0.00524453363429
0.494276144806 0.9144 0.0059213592773
0.494276144806 0.9144 0.0059213592773
0.489056865138 0.9144 0.00658890684455
0.489056865138 0.9144 0.00658890684455
0.483828307395 0.9144 0.00724578120656
0.483828307395 0.9144 0.00724578120656
0.478599749652 0.9144 0.00790265556856
0.478599749652 0.9144 0.00790265556856
0.473371889474 0.9144 0.00854955429007
0.473371889474 0.9144 0.00854955429007
0.46814472686 0.9144 0.00918647737107
0.46814472686 0.9144 0.00918647737107
0.462918261812 0.9144 0.00981342481157
0.462918261812 0.9144 0.00981342481157
0.457691796763 0.9144 0.0104403722521
0.457691796763 0.9144 0.0104403722521
0.457691796763 0.9144 0.0104403722521
0.452456053638 0.9144 0.0110566464873
0.447230983719 0.9144 0.0116636426468
0.447230983719 0.9144 0.0116636426468
0.441995938159 0.9144 0.0122699412416
0.441995938159 0.9144 0.0122699412416
0.436761590164 0.9144 0.0128662641958
0.436761590164 0.9144 0.0128662641958
0.431527939733 0.9144 0.0134526115096
0.431527939733 0.9144 0.0134526115096
0.431527939733 0.9144 0.0134526115096
0.426294289303 0.9144 0.0140389588233
0.421061336437 0.9144 0.0146153304966
0.421061336437 0.9144 0.0146153304966
0.415819105496 0.9144 0.0151810289646
0.415819105496 0.9144 0.0151810289646
0.410586850195 0.9144 0.0157474249974
0.410586850195 0.9144 0.0157474249974
0.405345316818 0.9144 0.0163031478249
0.405345316818 0.9144 0.0163031478249
0.400104481006 0.9144 0.0168488950119
0.400104481006 0.9144 0.0168488950119
0.400104481006 0.9144 0.0168488950119
0.394863645194 0.9144 0.0173946421989
0.394863645194 0.9144 0.0173946421989
0.389633482588 0.9144 0.0179311113101
0.389633482588 0.9144 0.0179311113101
0.384384066265 0.9144 0.0184562096514
0.384384066265 0.9144 0.0184562096514
0.379144625582 0.9144 0.0189820055574
0.379144625582 0.9144 0.0189820055574
0.373906580029 0.9144 0.0194878501824
0.368657861271 0.9144 0.0200029728831
0.368657861271 0.9144 0.0200029728831
0.363420513283 0.9144 0.0204988418676
0.363420513283 0.9144 0.0204988418676
0.363420513283 0.9144 0.0204988418676
0.358173189654 0.9144 0.0209940132874
0.35292656359 0.9144 0.0214792090666
0.35292656359 0.9144 0.0214792090666
0.35292656359 0.9144 0.0214792090666
0.347690610731 0.9144 0.0219551267701
0.347690610731 0.9144 0.0219551267701
0.342435404156 0.9144 0.0224196737036
0.342435404156 0.9144 0.0224196737036
0.337190173221 0.9144 0.0228849182019
0.337190173221 0.9144 0.0228849182019
0.331945639851 0.9144 0.0233401870596
0.331945639851 0.9144 0.0233401870596
0.326701804046 0.9144 0.0237854802768
0.326701804046 0.9144 0.0237854802768
0.321448690166 0.9144 0.0242201002888
0.321448690166 0.9144 0.0242201002888
0.316195576285 0.9144 0.0246547203008
0.310953833174 0.9144 0.0250700865966
0.310953833174 0.9144 0.0250700865966
0.310953833174 0.9144 0.0250700865966
0.305702114422 0.9144 0.0254847553276
0.305702114422 0.9144 0.0254847553276
0.300451093236 0.9144 0.0258894484181
0.300451093236 0.9144 0.0258894484181
0.295190793973 0.9144 0.0262834683033
0.295190793973 0.9144 0.0262834683033
0.289941167916 0.9144 0.0266682101128
0.289941167916 0.9144 0.0266682101128
0.284692239424 0.9144 0.0270429762818
0.284692239424 0.9144 0.0270429762818
0.279434032856 0.9144 0.0274070692455
0.279434032856 0.9144 0.0274070692455
0.274177221417 0.9144 0.0277512109283
0.268920409978 0.9144 0.028095352611
0.268920409978 0.9144 0.028095352611
0.263664296104 0.9144 0.0284295186533
0.263664296104 0.9144 0.0284295186533
0.25840957736 0.9144 0.0287437334145
0.25840957736 0.9144 0.0287437334145
0.253154858615 0.9144 0.0290579481757
0.253154858615 0.9144 0.0290579481757
0.24789155936 0.9144 0.0293515140912
0.24789155936 0.9144 0.0293515140912
0.242628957669 0.9144 0.0296351043662
0.242628957669 0.9144 0.0296351043662
0.237367751108 0.9144 0.0298987433602
0.237367751108 0.9144 0.0298987433602
0.232106544546 0.9144 0.0301623823542
0.232106544546 0.9144 0.0301623823542
0.226847430679 0.9144 0.0303960944266
0.226847430679 0.9144 0.0303960944266
0.226847430679 0.9144 0.0303960944266
0.221588316812 0.9144 0.0306298064991
0.216320622434 0.9144 0.0308428697258
0.216320622434 0.9144 0.0308428697258
0.216320622434 0.9144 0.0308428697258
0.211064298826 0.9144 0.0310366792363
0.211064298826 0.9144 0.0310366792363
0.205798697142 0.9144 0.0312198155415
0.205798697142 0.9144 0.0312198155415
0.200534490587 0.9144 0.0313830005657
0.200534490587 0.9144 0.0313830005657
0.195271679162 0.9144 0.031526234309
0.195271679162 0.9144 0.031526234309
0.189999589662 0.9144 0.0316587948469
0.189999589662 0.9144 0.0316587948469
0.184738870931 0.9144 0.0317721016686
0.184738870931 0.9144 0.0317721016686
0.179470269254 0.9144 0.0318547840041
0.174202365142 0.9144 0.0319274906991
0.174202365142 0.9144 0.0319274906991
0.174202365142 0.9144 0.0319274906991
0.168935856159 0.9144 0.031980246113
0.168935856159 0.9144 0.031980246113
0.16367143987 0.9144 0.0320030746055
0.16367143987 0.9144 0.0320030746055
0.158407721146 0.9144 0.0320159274574
0.158407721146 0.9144 0.0320159274574
0.153136119476 0.9144 0.0319981558231
0.153136119476 0.9144 0.0319981558231
0.1478666105 0.9144 0.0319504572673
0.1478666105 0.9144 0.0319504572673
0.142598496654 0.9144 0.0318828074305
0.142598496654 0.9144 0.0318828074305
0.137332475501 0.9144 0.0317852306721
0.137332475501 0.9144 0.0317852306721
0.13230865998 0.9144 0.0316644929055
0.13230865998 0.9144 0.0316644929055
0.12753702573 0.9144 0.0315212916953
0.12753702573 0.9144 0.0315212916953
0.122976275061 0.9144 0.0313727880636
0.118647754381 0.9144 0.0312004258588
0.118647754381 0.9144 0.0312004258588
0.118647754381 0.9144 0.0312004258588
0.114520839206 0.9144 0.0310120880273
0.114520839206 0.9144 0.0310120880273
0.110594831971 0.9144 0.0308177502095
0.110594831971 0.9144 0.0308177502095
0.106849781394 0.9144 0.0306160172759
0.106849781394 0.9144 0.0306160172759
0.10328638504 0.9144 0.0303969135862
0.10328638504 0.9144 0.0303969135862
0.0998932721401 0.9144 0.0301796928564
0.0998932721401 0.9144 0.0301796928564
0.0966711402578 0.9144 0.0299543794463
0.0966711402578 0.9144 0.0299543794463
0.0935900624719 0.9144 0.0297188806614
0.0935900624719 0.9144 0.0297188806614
0.0906692924989 0.9144 0.0294845672718
0.0906692924989 0.9144 0.0294845672718
0.0878789034171 0.9144 0.0292493465833
0.0850094067761 0.9144 0.0289985697364
0.0850094067761 0.9144 0.0289985697364
0.0850094067761 0.9144 0.0289985697364
0.082131329624 0.9144 0.0287271440438
0.0792646232419 0.9144 0.0284364646349
0.0792646232419 0.9144 0.0284364646349
0.0792646232419 0.9144 0.0284364646349
0.0763993119892 0.9144 0.028125833945
0.0763993119892 0.9144 0.028125833945
0.0735346983013 0.9144 0.0278052276145
0.0706608065377 0.9144 0.0274739480789
0.0706608065377 0.9144 0.0274739480789
0.0706608065377 0.9144 0.0274739480789
0.0677989831087 0.9144 0.0271134391865
0.0677989831087 0.9144 0.0271134391865
0.0649385548092 0.9144 0.026732979013
0.062088799715 0.9144 0.0263432407638
0.062088799715 0.9144 0.0263432407638
0.062088799715 0.9144 0.0263432407638
0.0592311616745 0.9144 0.0259228780284
0.0592311616745 0.9144 0.0259228780284
0.0563848944039 0.9144 0.0254832615767
0.0563848944039 0.9144 0.0254832615767
0.0535307441871 0.9144 0.0250130206387
0.0535307441871 0.9144 0.0250130206387
0.0506879647402 0.9144 0.0245235259845
0.0478572536281 0.9144 0.0240048019735
0.0478572536281 0.9144 0.0240048019735
0.0450186595697 0.9144 0.0234554534763
0.0450186595697 0.9144 0.0234554534763
0.0450186595697 0.9144 0.0234554534763
0.0421921338459 0.9144 0.0228768756223
0.0421921338459 0.9144 0.0228768756223
0.0393783740217 0.9144 0.022259092771
0.0393783740217 0.9144 0.022259092771
0.0365667068916 0.9144 0.0216113829982
0.0365667068916 0.9144 0.0216113829982
0.033767805661 0.9144 0.0209244682282
0.033767805661 0.9144 0.0209244682282
0.0309716946894 0.9144 0.0201976508961
0.0309716946894 0.9144 0.0201976508961
0.0281876520524 0.9144 0.0194416042072
0.0281876520524 0.9144 0.0194416042072
0.0254156777502 0.9144 0.0186563281616
0.0254156777502 0.9144 0.0186563281616
0.0226344253722 0.9144 0.0178603789108
0.0226344253722 0.9144 0.0178603789108
0.0198431973537 0.9144 0.0170637320952
0.0198431973537 0.9144 0.0170637320952
0.0170654327994 0.9144 0.0162179046418
0.0170654327994 0.9144 0.0162179046418
0.014293248763 0.9144 0.0152922720644
0.0115131817803 0.9144 0.0143360150008
0.0115131817803 0.9144 0.0143360150008
0.00862847543943 0.9144 0.0134426117733
0.00862847543943 0.9144 0.0134426117733
0.00242782637796 0.9144 0.0172493493814
0.00242782637796 0.9144 0.0172493493814
-0.00237477881662 0.9144 0.0178357650573
-0.00237477881662 0.9144 0.0178357650573
-0.00475324430201 0.9144 0.0152936592501
-0.00475324430201 0.9144 0.0152936592501
-0.00649599069198 0.9144 0.0124050549124
-0.00649599069198 0.9144 0.0124050549124
-0.00779143812299 0.9144 0.009427435737
-0.00779143812299 0.9144 0.009427435737
-0.00844516647232 0.9144 0.00630422597054
-0.00844516647232 0.9144 0.00630422597054
-0.00837827791487 0.9144 0.00291062523963
-0.00837827791487 0.9144 0.00291062523963
-0.00837827791487 0.9144 0.00291062523963
-0.00698720969535 0.9144 -0.000209940287426
-0.00698720969535 0.9144 -0.000209940287426
-0.00510258886244 0.9144 -0.00250406415421
-0.00510258886244 0.9144 -0.00250406415421
-0.00348389086162 0.9144 -0.0044358552356
-0.00348389086162 0.9144 -0.0044358552356
-0.0021941792632 0.9144 -0.00625030942155
-0.0021941792632 0.9144 -0.00625030942155
-0.00080471125976 0.9144 -0.00805778796013
-0.00080471125976 0.9144 -0.00805778796013
0.000852006343039 0.9144 -0.00981650532929
0.000852006343039 0.9144 -0.00981650532929
0.00275881252314 0.9144 -0.0115677592205
0.00511312739638 0.9144 -0.0132676714175
0.00511312739638 0.9144 -0.0132676714175
0.00781079943514 0.9144 -0.0150037202565
0.00781079943514 0.9144 -0.0150037202565
0.00781079943514 0.9144 -0.0150037202565
0.0105158665896 0.9144 -0.016558812437
0.0132104702731 0.9144 -0.0179642700099
0.0132104702731 0.9144 -0.0179642700099
0.015926420367 0.9144 -0.0193882837343
0.015926420367 0.9144 -0.0193882837343
0.0186474631482 0.9144 -0.0207417704105
0.0186474631482 0.9144 -0.0207417704105
0.02137848157 0.9144 -0.022094559522
0.02137848157 0.9144 -0.022094559522
0.0241503098526 0.9144 -0.0233141774832
0.0241503098526 0.9144 -0.0233141774832
0.0269951773461 0.9144 -0.0242881019897
0.0269951773461 0.9144 -0.0242881019897
0.0298701814953 0.9144 -0.0251195772703
0.0298701814953 0.9144 -0.0251195772703
0.0298701814953 0.9144 -0.0251195772703
0.0327495807671 0.9144 -0.0258705498621
0.0327495807671 0.9144 -0.0258705498621
0.0356533264425 0.9144 -0.0265396246356
0.0356533264425 0.9144 -0.0265396246356
0.0385450037832 0.9144 -0.0271794700524
0.0385450037832 0.9144 -0.0271794700524
0.0414524470165 0.9144 -0.0277580664967
0.0443557048613 0.9144 -0.028276809098
0.0443557048613 0.9144 -0.028276809098
0.0443557048613 0.9144 -0.028276809098
0.0472761237282 0.9144 -0.0287542540078
0.0472761237282 0.9144 -0.0287542540078
0.0501844742604 0.9144 -0.0292024695608
0.0501844742604 0.9144 -0.0292024695608
0.0530993126094 0.9144 -0.0296001093466
0.0530993126094 0.9144 -0.0296001093466
0.0560055704473 0.9144 -0.0300183979781
0.0560055704473 0.9144 -0.0300183979781
0.0589204087963 0.9144 -0.0304160377639
0.0589204087963 0.9144 -0.0304160377639
0.0618310617569 0.9144 -0.0307538237066
0.0618310617569 0.9144 -0.0307538237066
0.0647431098469 0.9144 -0.0311115609304
0.0676537628075 0.9144 -0.0314493468732
0.0676537628075 0.9144 -0.0314493468732
0.0676537628075 0.9144 -0.0314493468732
0.0705616255091 0.9144 -0.0317472302539
0.0705616255091 0.9144 -0.0317472302539
0.0734780687218 0.9144 -0.0320244647889
0.0734780687218 0.9144 -0.0320244647889
0.0763938143697 0.9144 -0.0322917236834
0.0763938143697 0.9144 -0.0322917236834
0.0792988868124 0.9144 -0.0325497045021
0.0822125397661 0.9144 -0.0327870364751
0.0822125397661 0.9144 -0.0327870364751
0.0822125397661 0.9144 -0.0327870364751
0.0851241000255 0.9144 -0.0329944415266
0.0851241000255 0.9144 -0.0329944415266
0.0881530701902 0.9144 -0.0318704131723
0.0881530701902 0.9144 -0.0318704131723
0.0912153867379 0.9144 -0.0303631250904
0.0912153867379 0.9144 -0.0303631250904
0.0942939523612 0.9144 -0.0303784124476
0.0975147574763 0.9144 -0.0305641929922
0.0975147574763 0.9144 -0.0305641929922
0.100896567969 0.9144 -0.030758763782
0.100896567969 0.9144 -0.030758763782
0.10444656922 0.9144 -0.0309215246903
0.10444656922 0.9144 -0.0309215246903
0.108168249055 0.9144 -0.0311023539196
0.108168249055 0.9144 -0.0311023539196
0.108168249055 0.9144 -0.0311023539196
0.112088744135 0.9144 -0.0312592562136
0.112088744135 0.9144 -0.0312592562136
0.116199473949 0.9144 -0.0314128804181
0.116199473949 0.9144 -0.0314128804181
0.120510414137 0.9144 -0.0315625289683
0.120510414137 0.9144 -0.0315625289683
0.125040120853 0.9144 -0.0316868554539
0.125040120853 0.9144 -0.0316868554539
0.129798569734 0.9144 -0.0317851623099
0.129798569734 0.9144 -0.0317851623099
0.134797131553 0.9144 -0.0318767032528
0.134797131553 0.9144 -0.0318767032528
0.140045084385 0.9144 -0.0319508050772
0.145271690805 0.9144 -0.0320063507501
0.145271690805 0.9144 -0.0320063507501
0.145271690805 0.9144 -0.0320063507501
0.150504785043 0.9144 -0.0320113206558
0.150504785043 0.9144 -0.0320113206558
0.155737879281 0.9144 -0.0320162905614
0.155737879281 0.9144 -0.0320162905614
0.160960997878 0.9144 -0.0320219580318
0.166191999421 0.9144 -0.031997001016
0.166191999421 0.9144 -0.031997001016
0.166191999421 0.9144 -0.031997001016
0.1714223034 0.9144 -0.0319620683596
0.1714223034 0.9144 -0.0319620683596
0.176650514684 0.9144 -0.0318972087818
0.176650514684 0.9144 -0.0318972087818
0.181888004045 0.9144 -0.0318216759986
0.181888004045 0.9144 -0.0318216759986
0.18711342507 0.9144 -0.0317169138588
0.18711342507 0.9144 -0.0317169138588
0.192348124171 0.9144 -0.0316014785137
0.192348124171 0.9144 -0.0316014785137
0.197571452503 0.9144 -0.0314667894523
0.197571452503 0.9144 -0.0314667894523
0.202803361345 0.9144 -0.0313114515451
0.208024596982 0.9144 -0.0311468355623
0.208024596982 0.9144 -0.0311468355623
0.208024596982 0.9144 -0.0311468355623
0.21325441313 0.9144 -0.0309615707336
0.218482834149 0.9144 -0.030756354624
0.218482834149 0.9144 -0.030756354624
0.218482834149 0.9144 -0.030756354624
0.223710557603 0.9144 -0.0305411628738
0.228936885927 0.9144 -0.0303060198427
0.228936885927 0.9144 -0.0303060198427
0.234162516687 0.9144 -0.030060901171
0.234162516687 0.9144 -0.030060901171
0.234162516687 0.9144 -0.030060901171
0.239387449882 0.9144 -0.0298058068589
0.244601012307 0.9144 -0.0295314588305
0.244601012307 0.9144 -0.0295314588305
0.249823852808 0.9144 -0.0292464375968
0.249823852808 0.9144 -0.0292464375968
0.255045995744 0.9144 -0.0289514407226
0.255045995744 0.9144 -0.0289514407226
0.260276719191 0.9144 -0.0286357950027
0.260276719191 0.9144 -0.0286357950027
0.265496769433 0.9144 -0.0283108712071
0.265496769433 0.9144 -0.0283108712071
0.270716819675 0.9144 -0.0279859474114
0.270716819675 0.9144 -0.0279859474114
0.275935474787 0.9144 -0.0276410723347
0.275935474787 0.9144 -0.0276410723347
0.281153432334 0.9144 -0.0272862216175
0.281153432334 0.9144 -0.0272862216175
0.286370692317 0.9144 -0.0269213952598
0.286370692317 0.9144 -0.0269213952598
0.291587254735 0.9144 -0.0265465932617
0.291587254735 0.9144 -0.0265465932617
0.296803119589 0.9144 -0.026161815623
0.296803119589 0.9144 -0.026161815623
0.302018286877 0.9144 -0.0257670623438
0.302018286877 0.9144 -0.0257670623438
0.307232756601 0.9144 -0.0253623334241
0.307232756601 0.9144 -0.0253623334241
0.312447226325 0.9144 -0.0249576045044
0.312447226325 0.9144 -0.0249576045044
0.31766030092 0.9144 -0.0245329243037
0.31766030092 0.9144 -0.0245329243037
0.322873375514 0.9144 -0.024108244103
0.322873375514 0.9144 -0.024108244103
0.328085752544 0.9144 -0.0236735882618
0.328085752544 0.9144 -0.0236735882618
0.333297432009 0.9144 -0.0232289567801
0.333297432009 0.9144 -0.0232289567801
0.338508413909 0.9144 -0.0227743496579
0.338508413909 0.9144 -0.0227743496579
0.343718698244 0.9144 -0.0223097668952
0.343718698244 0.9144 -0.0223097668952
0.34892898258 0.9144 -0.0218451841325
0.34892898258 0.9144 -0.0218451841325
0.354138569351 0.9144 -0.0213706257293
0.354138569351 0.9144 -0.0213706257293
0.359347458557 0.9144 -0.0208860916856
0.359347458557 0.9144 -0.0208860916856
0.364555650198 0.9144 -0.0203915820013
0.364555650198 0.9144 -0.0203915820013
0.369753866199 0.9144 -0.0198977698819
0.369753866199 0.9144 -0.0198977698819
0.374961360275 0.9144 -0.0193932845572
0.374961360275 0.9144 -0.0193932845572
0.380168156787 0.9144 -0.0188788235919
0.380168156787 0.9144 -0.0188788235919
0.385374255734 0.9144 -0.0183543869862
0.385374255734 0.9144 -0.0183543869862
0.390580354681 0.9144 -0.0178299503805
0.390580354681 0.9144 -0.0178299503805
0.395785756064 0.9144 -0.0172955381343
0.395785756064 0.9144 -0.0172955381343
0.400981181805 0.9144 -0.0167618234528
0.400981181805 0.9144 -0.0167618234528
0.406185885623 0.9144 -0.016217435566
0.406185885623 0.9144 -0.016217435566
0.411389891876 0.9144 -0.0156630720388
0.411389891876 0.9144 -0.0156630720388
0.411389891876 0.9144 -0.0156630720388
0.416583224923 0.9144 -0.0150994304358
0.416583224923 0.9144 -0.0150994304358
0.421786533612 0.9144 -0.0145350912681
0.421786533612 0.9144 -0.0145350912681
0.426989144735 0.9144 -0.0139607764598
0.426989144735 0.9144 -0.0139607764598
0.432181780218 0.9144 -0.0133871592163
0.432181780218 0.9144 -0.0133871592163
0.437382996212 0.9144 -0.0127928931271
0.437382996212 0.9144 -0.0127928931271
0.442584212206 0.9144 -0.0121986270379
0.442584212206 0.9144 -0.0121986270379
0.447775452559 0.9144 -0.0116050585134
0.452975970988 0.9144 -0.0110008167836
0.452975970988 0.9144 -0.0110008167836
0.458165816212 0.9144 -0.0103872969781
0.458165816212 0.9144 -0.0103872969781
0.463354963871 0.9144 -0.00976380153209
0.463354963871 0.9144 -0.00976380153209
0.463354963871 0.9144 -0.00976380153209
0.468554087171 0.9144 -0.00913960852134
0.468554087171 0.9144 -0.00913960852134
0.473742537265 0.9144 -0.00850613743483
0.473742537265 0.9144 -0.00850613743483
0.478930289795 0.9144 -0.00786269070781
0.478930289795 0.9144 -0.00786269070781
0.484127320401 0.9144 -0.00720857077555
0.484127320401 0.9144 -0.00720857077555
0.489314375365 0.9144 -0.00655514840803
0.489314375365 0.9144 -0.00655514840803
0.494500732766 0.9144 -0.00589175040001
0.494500732766 0.9144 -0.00589175040001
0.499687090166 0.9144 -0.00522835239199
0.499687090166 0.9144 -0.00522835239199
0.504872052437 0.9144 -0.00454500310296
0.504872052437 0.9144 -0.00454500310296
0.510057014707 0.9144 -0.00386165381393
0.510057014707 0.9144 -0.00386165381393
0.515241279414 0.9144 -0.0031683288844
0.515241279414 0.9144 -0.0031683288844
0.520424846555 0.9144 -0.00246502831437
0.520424846555 0.9144 -0.00246502831437
0.525607716131 0.9144 -0.00175175210384
0.525607716131 0.9144 -0.00175175210384
0.529480079244 0.9144 -0.00122033520317
0.529480079244 0.9144 -0.00122033520317
0.531892301286 0.9144 -0.000881241083425
0.531892301286 0.9144 -0.000881241083425
0.533401622995 0.9144 -0.000675454838307

ZONE T="SLICE_Y_0p9144_BINS15_KS_VAR_SINGLE_LAYER"
0.533397930084 0.9144 0.000667559071678
0.531889237578 0.9144 0.000882842421882
0.531889237578 0.9144 0.000882842421882
0.529469483696 0.9144 0.00122488211527
0.529469483696 0.9144 0.00122488211527
0.525602983845 0.9144 0.00175646362577
0.525602983845 0.9144 0.00175646362577
0.520390191995 0.9144 0.00247458696027
0.520390191995 0.9144 0.00247458696027
0.515168122069 0.9144 0.00318203708953
0.515168122069 0.9144 0.00318203708953
0.509946749707 0.9144 0.00387951157828
0.509946749707 0.9144 0.00387951157828
0.50472607491 0.9144 0.00456701042654
0.50472607491 0.9144 0.00456701042654
0.50472607491 0.9144 0.00456701042654
0.499506097678 0.9144 0.00524453363429
0.494276144806 0.9144 0.0059213592773
0.494276144806 0.9144 0.0059213592773
0.489056865138 0.9144 0.00658890684455
0.489056865138 0.9144 0.00658890684455
0.483828307395 0.9144 0.00724578120656
0.483828307395 0.9144 0.00724578120656
0.478599749652 0.9144 0.00790265556856
0.478599749652 0.9144 0.00790265556856
0.473371889474 0.9144 0.00854955429007
0.473371889474 0.9144 0.00854955429007
0.46814472686 0.9144 0.00918647737107
0.46814472686 0.9144 0.00918647737107
0.462918261812 0.9144 0.00981342481157
0.462918261812 0.9144 0.00981342481157
0.457691796763 0.9144 0.0104403722521
0.457691796763 0.9144 0.0104403722521
0.457691796763 0.9144 0.0104403722521
0.452456053638 0.9144 0.0110566464873
0.447230983719 0.9144 0.0116636426468
0.447230983719 0.9144 0.0116636426468
0.441995938159 0.9144 0.0122699412416
0.441995938159 0.9144 0.0122699412416
0.436761590164 0.9144 0.0128662641958
0.436761590164 0.9144 0.0128662641958
0.431527939733 0.9144 0.0134526115096
0.431527939733 0.9144 0.0134526115096
0.431527939733 0.9144 0.0134526115096
0.426294289303 0.9144 0.0140389588233
0.421061336437 0.9144 0.0146153304966
0.421061336437 0.9144 0.0146153304966
0.415819105496 0.9144 0.0151810289646
0.415819105496 0.9144 0.0151810289646
0.410586850195 0.9144 0.0157474249974
0.410586850195 0.9144 0.0157474249974
0.405345316818 0.9144 0.0163031478249
0.405345316818 0.9144 0.0163031478249
0.400104481006 0.9144 0.0168488950119
0.400104481006 0.9144 0.0168488950119
0.400104481006 0.9144 0.0168488950119
0.394863645194 0.9144 0.0173946421989
0.394863645194 0.9144 0.0173946421989
0.389633482588 0.9144 0.0179311113101
0.389633482588 0.9144 0.0179311113101
0.384384066265 0.9144 0.0184562096514
0.384384066265 0.9144 0.0184562096514
0.379144625582 0.9144 0.0189820055574
0.379144625582 0.9144 0.0189820055574
0.373906580029 0.9144 0.0194878501824
0.368657861271 0.9144 0.0200029728831
0.368657861271 0.9144 0.0200029728831
0.363420513283 0.9144 0.0204988418676
0.363420513283 0.9144 0.0204988418676
0.363420513283 0.9144 0.0204988418676
0.358173189654 0.9144 0.0209940132874
0.35292656359 0.9144 0.0214792090666
0.35292656359 0.9144 0.0214792090666
0.35292656359 0.9144 0.0214792090666
0.347690610731 0.9144 0.0219551267701
0.347690610731 0.9144 0.0219551267701
0.342435404156 0.9144 0.0224196737036
0.342435404156 0.9144 0.0224196737036
0.337190173221 0.9144 0.0228849182019
0.337190173221 0.9144 0.0228849182019
0.331945639851 0.9144 0.0233401870596
0.331945639851 0.9144 0.0233401870596
0.326701804046 0.9144 0.0237854802768
0.326701804046 0.9144 0.0237854802768
0.321448690166 0.9144 0.0242201002888
0.321448690166 0.9144 0.0242201002888
0.316195576285 0.9144 0.0246547203008
0.310953833174 0.9144 0.0250700865966
0.310953833174 0.9144 0.0250700865966
0.310953833174 0.9144 0.0250700865966
0.305702114422 0.9144 0.0254847553276
0.305702114422 0.9144 0.0254847553276
0.300451093236 0.9144 0.0258894484181
0.300451093236 0.9144 0.0258894484181
0.295190793973 0.9144 0.0262834683033
0.295190793973 0.9144 0.0262834683033
0.289941167916 0.9144 0.0266682101128
0.289941167916 0.9144 0.0266682101128
0.284692239424 0.9144 0.0270429762818
0.284692239424 0.9144 0.0270429762818
0.279434032856 0.9144 0.0274070692455
0.279434032856 0.9144 0.0274070692455
0.274177221417 0.9144 0.0277512109283
0.268920409978 0.9144 0.028095352611
0.268920409978 0.9144 0.028095352611
0.263664296104 0.9144 0.0284295186533
0.263664296104 0.9144 0.0284295186533
0.25840957736 0.9144 0.0287437334145
0.25840957736 0.9144 0.0287437334145
0.253154858615 0.9144 0.0290579481757
0.253154858615 0.9144 0.0290579481757
0.24789155936 0.9144 0.0293515140912
0.24789155936 0.9144 0.0293515140912
0.242628957669 0.9144 0.0296351043662
0.242628957669 0.9144 0.0296351043662
0.237367751108 0.9144 0.0298987433602
0.237367751108 0.9144 0.0298987433602
0.232106544546 0.9144 0.0301623823542
0.232106544546 0.9144 0.0301623823542
0.226847430679 0.9144 0.0303960944266
0.226847430679 0.9144 0.0303960944266
0.226847430679 0.9144 0.0303960944266
0.221588316812 0.9144 0.0306298064991
0.216320622434 0.9144 0.0308428697258
0.216320622434 0.9144 0.0308428697258
0.216320622434 0.9144 0.0308428697258
0.211064298826 0.9144 0.0310366792363
0.211064298826 0.9144 0.0310366792363
0.205798697142 0.9144 0.0312198155415
0.205798697142 0.9144 0.0312198155415
0.200534490587 0.9144 0.0313830005657
0.200534490587 0.9144 0.0313830005657
0.195271679162 0.9144 0.031526234309
0.195271679162 0.9144 0.031526234309
0.189999589662 0.9144 0.0316587948469
0.189999589662 0.9144 0.0316587948469
0.184738870931 0.9144 0.0317721016686
0.184738870931 0.9144 0.0317721016686
0.179470269254 0.9144 0.0318547840041
0.174202365142 0.9144 0.0319274906991
0.174202365142 0.9144 0.0319274906991
0.174202365142 0.9144 0.0319274906991
0.168935856159 0.9144 0.031980246113
0.168935856159 0.9144 0.031980246113
0.16367143987 0.9144 0.0320030746055
0.16367143987 0.9144 0.0320030746055
0.158407721146 0.9144 0.0320159274574
0.158407721146 0.9144 0.0320159274574
0.153136119476 0.9144 0.0319981558231
0.153136119476 0.9144 0.0319981558231
0.1478666105 0.9144 0.0319504572673
0.1478666105 0.9144 0.0319504572673
0.142598496654 0.9144 0.0318828074305
0.142598496654 0.9144 0.0318828074305
0.137332475501 0.9144 0.0317852306721
0.137332475501 0.9144 0.0317852306721
0.13230865998 0.9144 0.0316644929055
0.13230865998 0.9144 0.0316644929055
0.12753702573 0.9144 0.0315212916953
0.12753702573 0.9144 0.0315212916953
0.122976275061 0.9144 0.0313727880636
0.118647754381 0.9144 0.0312004258588
0.118647754381 0.9144 0.0312004258588
0.118647754381 0.9144 0.0312004258588
0.114520839206 0.9144 0.0310120880273
0.114520839206 0.9144 0.0310120880273
0.110594831971 0.9144 0.0308177502095
0.110594831971 0.9144 0.0308177502095
0.106849781394 0.9144 0.0306160172759
0.106849781394 0.9144 0.0306160172759
0.10328638504 0.9144 0.0303969135862
0.10328638504 0.9144 0.0303969135862
0.0998932721401 0.9144 0.0301796928564
0.0998932721401 0.9144 0.0301796928564
0.0966711402578 0.9144 0.0299543794463
0.0966711402578 0.9144 0.0299543794463
0.0935900624719 0.9144 0.0297188806614
0.0935900624719 0.9144 0.0297188806614
0.0906692924989 0.9144 0.0294845672718
0.0906692924989 0.9144 0.0294845672718
0.0878789034171 0.9144 0.0292493465833
0.0850094067761 0.9144 0.0289985697364
0.0850094067761 0.9144 0.0289985697364
0.0850094067761 0.9144 0.0289985697364
0.082131329624 0.9144 0.0287271440438
0.0792646232419 0.9144 0.0284364646349
0.0792646232419 0.9144 0.0284364646349
0.0792646232419 0.9144 0.0284364646349
0.0763993119892 0.9144 0.028125833945
0.0763993119892 0.9144 0.028125833945
0.0735346983013 0.9144 0.0278052276145
0.0706608065377 0.9144 0.0274739480789
0.0706608065377 0.9144 0.0274739480789
0.0706608065377 0.9144 0.0274739480789
0.0677989831087 0.9144 0.0271134391865
0.0677989831087 0.9144 0.0271134391865
0.0649385548092 0.9144 0.026732979013
0.062088799715 0.9144 0.0263432407638
0.062088799715 0.9144 0.0263432407638
0.062088799715 0.9144 0.0263432407638
0.0592311616745 0.9144 0.0259228780284
0.0592311616745 0.9144 0.0259228780284
0.0563848944039 0.9144 0.0254832615767
0.0563848944039 0.9144 0.0254832615767
0.0535307441871 0.9144 0.0250130206387
0.0535307441871 0.9144 0.0250130206387
0.0506879647402 0.9144 0.0245235259845
0.0478572536281 0.9144 0.0240048019735
0.0478572536281 0.9144 0.0240048019735
0.0450186595697 0.9144 0.0234554534763
0.0450186595697 0.9144 0.0234554534763
0.0450186595697 0.9144 0.0234554534763
0.0421921338459 0.9144 0.0228768756223
0.0421921338459 0.9144 0.0228768756223
0.0393783740217 0.9144 0.022259092771
0.0393783740217 0.9144 0.022259092771
0.0365667068916 0.9144 0.0216113829982
0.0365667068916 0.9144 0.0216113829982
0.033767805661 0.9144 0.0209244682282
0.033767805661 0.9144 0.0209244682282
0.0309716946894 0.9144 0.0201976508961
0.0309716946894 0.9144 0.0201976508961
0.0281862569229 0.9144 0.0194615554882
0.0281862569229 0.9144 0.0194615554882
0.0254029118507 0.9144 0.0186955331589
0.0254029118507 0.9144 0.0186955331589
0.0226223570375 0.9144 0.0178896082675
0.0226223570375 0.9144 0.0178896082675
0.0198418022242 0.9144 0.0170836833762
0.0198418022242 0.9144 0.0170836833762
0.0170647352347 0.9144 0.0162278802823
0.0170647352347 0.9144 0.0162278802823
0.014281877993 0.9144 0.0153115257807
0.0115018110103 0.9144 0.0143552687171
0.0115018110103 0.9144 0.0143552687171
0.00862847543943 0.9144 0.0134426117733
0.00862847543943 0.9144 0.0134426117733
0.00246193868789 0.9144 0.0171915882326
0.00246193868789 0.9144 0.0171915882326
-0.00240749599708 0.9144 0.0178735749251
-0.00240749599708 0.9144 0.0178735749251
-0.00474257109677 0.9144 0.0152843811744
-0.00474257109677 0.9144 0.0152843811744
-0.00649599069198 0.9144 0.0124050549124
-0.00649599069198 0.9144 0.0124050549124
-0.00780141376349 0.9144 0.00942673817226
-0.00780141376349 0.9144 0.00942673817226
-0.00844516647232 0.9144 0.00630422597054
-0.00844516647232 0.9144 0.00630422597054
-0.00837827791487 0.9144 0.00291062523963
-0.00837827791487 0.9144 0.00291062523963
-0.00837827791487 0.9144 0.00291062523963
-0.00697723405484 0.9144 -0.000209242722688
-0.00697723405484 0.9144 -0.000209242722688
-0.00510258886244 0.9144 -0.00250406415421
-0.00510258886244 0.9144 -0.00250406415421
-0.00348458842635 0.9144 -0.0044258795951
-0.00348389086162 0.9144 -0.0044358552356
-0.0021941792632 0.9144 -0.00625030942155
-0.0021941792632 0.9144 -0.00625030942155
-0.00080471125976 0.9144 -0.00805778796013
-0.00080471125976 0.9144 -0.00805778796013
0.000852006343039 0.9144 -0.00981650532929
0.000852006343039 0.9144 -0.00981650532929
0.00275881252314 0.9144 -0.0115677592205
0.00511312739638 0.9144 -0.0132676714175
0.00511312739638 0.9144 -0.0132676714175
0.00782077507564 0.9144 -0.0150030226918
0.00782077507564 0.9144 -0.0150030226918
0.00782077507564 0.9144 -0.0150030226918
0.0105151690249 0.9144 -0.0165488367965
0.0132197483488 0.9144 -0.0179535968047
0.0132197483488 0.9144 -0.0179535968047
0.015926420367 0.9144 -0.0193882837343
0.015926420367 0.9144 -0.0193882837343
0.0186474631482 0.9144 -0.0207417704105
0.0186474631482 0.9144 -0.0207417704105
0.02137848157 0.9144 -0.022094559522
0.02137848157 0.9144 -0.022094559522
0.0241602854931 0.9144 -0.0233134799185
0.0241602854931 0.9144 -0.0233134799185
0.0269944797814 0.9144 -0.0242781263492
0.0269944797814 0.9144 -0.0242781263492
0.0298701814953 0.9144 -0.0251195772703
0.0298701814953 0.9144 -0.0251195772703
0.0298701814953 0.9144 -0.0251195772703
0.0327581612781 0.9144 -0.0258499010163
0.0327581612781 0.9144 -0.0258499010163
0.0356605118241 0.9144 -0.0264990245089
0.0356605118241 0.9144 -0.0264990245089
0.0385528867295 0.9144 -0.0271488455662
0.0385528867295 0.9144 -0.0271488455662
0.041451051887 0.9144 -0.0277381152157
0.0443642853723 0.9144 -0.0282561602523
0.0443642853723 0.9144 -0.0282561602523
0.0443642853723 0.9144 -0.0282561602523
0.0472761237282 0.9144 -0.0287542540078
0.0472761237282 0.9144 -0.0287542540078
0.0501851718251 0.9144 -0.0292124452013
0.0501851718251 0.9144 -0.0292124452013
0.0531014053036 0.9144 -0.0296300362681
0.0531014053036 0.9144 -0.0296300362681
0.0560069655768 0.9144 -0.0300383492591
0.0560069655768 0.9144 -0.0300383492591
0.0589211063611 0.9144 -0.0304260134044
0.0589211063611 0.9144 -0.0304260134044
0.0618331544511 0.9144 -0.0307837506281
0.0618331544511 0.9144 -0.0307837506281
0.0647431098469 0.9144 -0.0311115609304
0.0676530652428 0.9144 -0.0314393712326
0.0676530652428 0.9144 -0.0314393712326
0.0676530652428 0.9144 -0.0314393712326
0.0705695084554 0.9144 -0.0317166057677
0.0705695084554 0.9144 -0.0317166057677
0.073477371157 0.9144 -0.0320144891484
0.073477371157 0.9144 -0.0320144891484
0.0763931168049 0.9144 -0.0322817480429
0.0763931168049 0.9144 -0.0322817480429
0.0792981892476 0.9144 -0.0325397288616
0.0822118422013 0.9144 -0.0327770608346
0.0822118422013 0.9144 -0.0327770608346
0.0822118422013 0.9144 -0.0327770608346
0.0851370756592 0.9144 -0.0328932899921
0.0851370756592 0.9144 -0.0328932899921
0.088187114138 0.9144 -0.0314971290853
0.088187114138 0.9144 -0.0314971290853
0.0912269672421 0.9144 -0.0302420222749
0.0912269672421 0.9144 -0.0302420222749
0.0942967426201 0.9144 -0.0304183150096
0.0975168501705 0.9144 -0.0305941199137
0.0975168501705 0.9144 -0.0305941199137
0.100897963098 0.9144 -0.030778715063
0.100897963098 0.9144 -0.030778715063
0.104439383839 0.9144 -0.0309621248171
0.104439383839 0.9144 -0.0309621248171
0.10816894662 0.9144 -0.0311123295601
0.10816894662 0.9144 -0.0311123295601
0.10816894662 0.9144 -0.0311123295601
0.112088744135 0.9144 -0.0312592562136
0.112088744135 0.9144 -0.0312592562136
0.116189498308 0.9144 -0.0314135779828
0.116189498308 0.9144 -0.0314135779828
0.120510414137 0.9144 -0.0315625289683
0.120510414137 0.9144 -0.0315625289683
0.125039423288 0.9144 -0.0316768798134
0.125039423288 0.9144 -0.0316768798134
0.129799267299 0.9144 -0.0317951379504
0.129799267299 0.9144 -0.0317951379504
0.134797829118 0.9144 -0.0318866788933
0.134797829118 0.9144 -0.0318866788933
0.140035806309 0.9144 -0.0319614782825
0.14527238837 0.9144 -0.0320163263906
0.14527238837 0.9144 -0.0320163263906
0.14527238837 0.9144 -0.0320163263906
0.150506877737 0.9144 -0.0320412475773
0.150506877737 0.9144 -0.0320412475773
0.155729996334 0.9144 -0.0320469150477
0.155729996334 0.9144 -0.0320469150477
0.160962393007 0.9144 -0.0320419093128
0.166192696986 0.9144 -0.0320069766565
0.166192696986 0.9144 -0.0320069766565
0.166192696986 0.9144 -0.0320069766565
0.1714223034 0.9144 -0.0319620683596
0.1714223034 0.9144 -0.0319620683596
0.176650514684 0.9144 -0.0318972087818
0.176650514684 0.9144 -0.0318972087818
0.181888004045 0.9144 -0.0318216759986
0.181888004045 0.9144 -0.0318216759986
0.18711342507 0.9144 -0.0317169138588
0.18711342507 0.9144 -0.0317169138588
0.192348124171 0.9144 -0.0316014785137
0.192348124171 0.9144 -0.0316014785137
0.197571452503 0.9144 -0.0314667894523
0.197571452503 0.9144 -0.0314667894523
0.202803361345 0.9144 -0.0313114515451
0.208024596982 0.9144 -0.0311468355623
0.208024596982 0.9144 -0.0311468355623
0.208024596982 0.9144 -0.0311468355623
0.21325441313 0.9144 -0.0309615707336
0.218482834149 0.9144 -0.030756354624
0.218482834149 0.9144 -0.030756354624
0.218482834149 0.9144 -0.030756354624
0.223710557603 0.9144 -0.0305411628738
0.228936885927 0.9144 -0.0303060198427
0.228936885927 0.9144 -0.0303060198427
0.234162516687 0.9144 -0.030060901171
0.234162516687 0.9144 -0.030060901171
0.234162516687 0.9144 -0.030060901171
0.239387449882 0.9144 -0.0298058068589
0.244601012307 0.9144 -0.0295314588305
0.244601012307 0.9144 -0.0295314588305
0.249823852808 0.9144 -0.0292464375968
0.249823852808 0.9144 -0.0292464375968
0.255045995744 0.9144 -0.0289514407226
0.255045995744 0.9144 -0.0289514407226
0.260276719191 0.9144 -0.0286357950027
0.260276719191 0.9144 -0.0286357950027
0.265496769433 0.9144 -0.0283108712071
0.265496769433 0.9144 -0.0283108712071
0.270716819675 0.9144 -0.0279859474114
0.270716819675 0.9144 -0.0279859474114
0.275935474787 0.9144 -0.0276410723347
0.275935474787 0.9144 -0.0276410723347
0.281153432334 0.9144 -0.0272862216175
0.281153432334 0.9144 -0.0272862216175
0.286370692317 0.9144 -0.0269213952598
0.286370692317 0.9144 -0.0269213952598
0.291587254735 0.9144 -0.0265465932617
0.291587254735 0.9144 -0.0265465932617
0.296803119589 0.9144 -0.026161815623
0.296803119589 0.9144 -0.026161815623
0.302018286877 0.9144 -0.0257670623438
0.302018286877 0.9144 -0.0257670623438
0.307232756601 0.9144 -0.0253623334241
0.307232756601 0.9144 -0.0253623334241
0.312447226325 0.9144 -0.0249576045044
0.312447226325 0.9144 -0.0249576045044
0.31766030092 0.9144 -0.0245329243037
0.31766030092 0.9144 -0.0245329243037
0.322873375514 0.9144 -0.024108244103
0.322873375514 0.9144 -0.024108244103
0.328085752544 0.9144 -0.0236735882618
0.328085752544 0.9144 -0.0236735882618
0.333297432009 0.9144 -0.0232289567801
0.333297432009 0.9144 -0.0232289567801
0.338508413909 0.9144 -0.0227743496579
0.338508413909 0.9144 -0.0227743496579
0.343718698244 0.9144 -0.0223097668952
0.343718698244 0.9144 -0.0223097668952
0.34892898258 0.9144 -0.0218451841325
0.34892898258 0.9144 -0.0218451841325
0.354138569351 0.9144 -0.0213706257293
0.354138569351 0.9144 -0.0213706257293
0.359347458557 0.9144 -0.0208860916856
0.359347458557 0.9144 -0.0208860916856
0.364555650198 0.9144 -0.0203915820013
0.364555650198 0.9144 -0.0203915820013
0.369753866199 0.9144 -0.0198977698819
0.369753866199 0.9144 -0.0198977698819
0.374961360275 0.9144 -0.0193932845572
0.374961360275 0.9144 -0.0193932845572
0.380168156787 0.9144 -0.0188788235919
0.380168156787 0.9144 -0.0188788235919
0.385374255734 0.9144 -0.0183543869862
0.385374255734 0.9144 -0.0183543869862
0.390580354681 0.9144 -0.0178299503805
0.390580354681 0.9144 -0.0178299503805
0.395785756064 0.9144 -0.0172955381343
0.395785756064 0.9144 -0.0172955381343
0.400981181805 0.9144 -0.0167618234528
0.400981181805 0.9144 -0.0167618234528
0.406185885623 0.9144 -0.016217435566
0.406185885623 0.9144 -0.016217435566
0.411389891876 0.9144 -0.0156630720388
0.411389891876 0.9144 -0.0156630720388
0.411389891876 0.9144 -0.0156630720388
0.416583224923 0.9144 -0.0150994304358
0.416583224923 0.9144 -0.0150994304358
0.421786533612 0.9144 -0.0145350912681
0.421786533612 0.9144 -0.0145350912681
0.426989144735 0.9144 -0.0139607764598
0.426989144735 0.9144 -0.0139607764598
0.432181780218 0.9144 -0.0133871592163
0.432181780218 0.9144 -0.0133871592163
0.437382996212 0.9144 -0.0127928931271
0.437382996212 0.9144 -0.0127928931271
0.442584212206 0.9144 -0.0121986270379
0.442584212206 0.9144 -0.0121986270379
0.447775452559 0.9144 -0.0116050585134
0.452975970988 0.9144 -0.0110008167836
0.452975970988 0.9144 -0.0110008167836
0.458165816212 0.9144 -0.0103872969781
0.458165816212 0.9144 -0.0103872969781
0.463354963871 0.9144 -0.00976380153209
0.463354963871 0.9144 -0.00976380153209
0.463354963871 0.9144 -0.00976380153209
0.468554087171 0.9144 -0.00913960852134
0.468554087171 0.9144 -0.00913960852134
0.473742537265 0.9144 -0.00850613743483
0.473742537265 0.9144 -0.00850613743483
0.478930289795 0.9144 -0.00786269070781
0.478930289795 0.9144 -0.00786269070781
0.484127320401 0.9144 -0.00720857077555
0.484127320401 0.9144 -0.00720857077555
0.489314375365 0.9144 -0.00655514840803
0.489314375365 0.9144 -0.00655514840803
0.494500732766 0.9144 -0.00589175040001
0.494500732766 0.9144 -0.00589175040001
0.499687090166 0.9144 -0.00522835239199
0.499687090166 0.9144 -0.00522835239199
0.504872052437 0.9144 -0.00454500310296
0.504872052437 0.9144 -0.00454500310296
0.510057014707 0.9144 -0.00386165381393
0.510057014707 0.9144 -0.00386165381393
0.515241279414 0.9144 -0.0031683288844
0.515241279414 0.9144 -0.0031683288844
0.520424846555 0.9144 -0.00246502831437
0.520424846555 0.9144 -0.00246502831437
0.525607716131 0.9144 -0.00175175210384
0.525607716131 0.9144 -0.00175175210384
0.529480079244 0.9144 -0.00122033520317
0.529480079244 0.9144 -0.00122033520317
0.531892301286 0.9144 -0.000881241083425
0.531892301286 0.9144 -0.000881241083425
0.533401622995 0.9144 -0.000675454838307
