TITLE = "TC_NACA0012_3933_L4_finalIceShape_V1 | NACA0012 coordinates rotated +4 degrees about X=0.13335 m"
AUXDATA NUM_LAYERS = "insert the number of total ice layers"
VARIABLES = "X_ICED" "Y_ICED" "Z_ICED"

ZONE T="SLICE_Y_0p9144_BINS01_KS_0p5mm_SINGLE_LAYER"
0.533400004369 0.914399982 0.000672085793331
0.532685624049 0.914399982 0.000772192997406
0.531542577751 0.914399982 0.000932090620926
0.529713585349 0.914399982 0.00118707869855
0.526786897433 0.914399982 0.00159289982968
0.52210341722 0.914399982 0.00223657472484
0.514607964371 0.914399982 0.00325264245494
0.506371576298 0.914399982 0.00434943880735
0.498132609208 0.914399982 0.00542667761543
0.489891152896 0.914399982 0.00648470899588
0.481647322901 0.914399982 0.00752408836118
0.473401216337 0.914399982 0.00854524753756
0.46515290763 0.914399982 0.00954845537171
0.456902477111 0.914399982 0.0105340683355
0.448649991973 0.914399982 0.0115023297087
0.440395521956 0.914399982 0.0124535180346
0.432139116037 0.914399982 0.013387750014
0.423880818816 0.914399982 0.0143051189855
0.415620669238 0.914399982 0.0152056557406
0.407358709516 0.914399982 0.0160894303948
0.399094962705 0.914399982 0.016956328277
0.390829444514 0.914399982 0.0178061820755
0.382562185623 0.914399982 0.0186389257695
0.374293194033 0.914399982 0.0194542872544
0.366022465103 0.914399982 0.0202518311458
0.357750021087 0.914399982 0.02103138257
0.349475864089 0.914399982 0.0217925386927
0.341199976096 0.914399982 0.0225346396499
0.332922358138 0.914399982 0.0232571832901
0.324643001871 0.914399982 0.0239595435062
0.316361902045 0.914399982 0.0246410212291
0.308079049478 0.914399982 0.0253008589731
0.299794432734 0.914399982 0.0259381737896
0.291508046947 0.914399982 0.0265520460991
0.283219883073 0.914399982 0.0271414297223
0.274929939337 0.914399982 0.0277052318734
0.266638215888 0.914399982 0.0282422175545
0.258344719265 0.914399982 0.0287510890605
0.250049460604 0.914399982 0.0292303826025
0.241752466563 0.914399982 0.0296786274575
0.233453768382 0.914399982 0.0300941296782
0.225153415681 0.914399982 0.0304751474832
0.216851468791 0.914399982 0.0308197142903
0.208548015586 0.914399982 0.0311257992825
0.200243155761 0.914399982 0.0313910306364
0.191937029929 0.914399982 0.0316130534243
0.183629804313 0.914399982 0.031789246857
0.175535795505 0.914399982 0.0319140984764
0.167826646151 0.914399982 0.0319872566115
0.160484313614 0.914399982 0.0320130031018
0.153491594785 0.914399982 0.0319952544596
0.146832089065 0.914399982 0.0319378189136
0.140490159617 0.914399982 0.0318441190303
0.134450890488 0.914399982 0.0317176759028
0.128700067246 0.914399982 0.0315614542041
0.123224125183 0.914399982 0.0313785743091
0.118010132853 0.914399982 0.0311717878687
0.113045762907 0.914399982 0.0309436511974
0.108319244079 0.914399982 0.0306967675147
0.10381937751 0.914399982 0.0304331234668
0.0995354563387 0.914399982 0.0301550669003
0.0954572808173 0.914399982 0.0298645460625
0.0915751266435 0.914399982 0.0295633760417
0.0878797115195 0.914399982 0.0292533156221
0.0840469840845 0.914399982 0.0289062095384
0.0802167991358 0.914399982 0.0285320910087
0.0763895072949 0.914399982 0.0281294437975
0.0725655177456 0.914399982 0.027696559286
0.0687452749984 0.914399982 0.0272317684159
0.0649293362798 0.914399982 0.026732879719
0.0611183308427 0.914399982 0.0261976035124
0.0573129847104 0.914399982 0.0256234704255
0.0535142237233 0.914399982 0.0250072752339
0.0497231098573 0.914399982 0.0243456578323
0.0459409436719 0.914399982 0.0236346703263
0.042169407713 0.914399982 0.0228692888464
0.0384104774607 0.914399982 0.022044228321
0.0346668644304 0.914399982 0.021152236229
0.0309419386315 0.914399982 0.0201851728225
0.0272403817563 0.914399982 0.0191321962695
0.0235685345489 0.914399982 0.0179798841819
0.0199356238999 0.914399982 0.0167101391104
0.0163551784905 0.914399982 0.015299210914
0.0127938164324 0.914399982 0.0140702892637
0.00874117212222 0.914399982 0.015478119491
0.00334797317483 0.914399982 0.017772693417
-0.000750406529312 0.914399981 0.0166948473219
-0.00227728467092 0.914399981 0.0162932895122
-0.00604829798529 0.914399981 0.0124697349342
-0.00850058976945 0.914399981 0.00875145817142
-0.0102480320342 0.914399981 0.00501508213672
-0.0112458253155 0.914399981 0.000695593538767
-0.0111461681107 0.914399981 -0.00411559353595
-0.00972038609655 0.914399981 -0.00874979970362
-0.00733267208016 0.914399981 -0.0128332151884
-0.0042588576071 0.914399981 -0.0163077144354
-0.00278844297728 0.914399981 -0.0175319416518
-0.000537823536847 0.914399981 -0.0194057468713
0.00386094311237 0.914399981 -0.0220428422528
0.00812694416052 0.914399981 -0.0240298733706
0.0122044654089 0.914399982 -0.0257974886888
0.0162843751025 0.914399981 -0.0273547239221
0.0204397106607 0.914399982 -0.0286878528013
0.0229696514161 0.914399981 -0.0293401069137
0.0246536080614 0.914399981 -0.0297742545981
0.0288884687809 0.914399981 -0.0306014296043
0.0331219569722 0.914399981 -0.0311765393348
0.0373600384224 0.914399981 -0.03152334151
0.0416117432613 0.914399981 -0.0316438020088
0.0458358995342 0.914399981 -0.0314104393028
0.0499340893323 0.914399981 -0.0307992532152
0.0538691906727 0.914399981 -0.0300392611193
0.0576984670696 0.914399981 -0.0292481441798
0.0608862403698 0.914399981 -0.0286120318175
0.061486263832 0.914399981 -0.0284922986326
0.0652871644376 0.914399982 -0.0278553656726
0.0691266895193 0.914399982 -0.027610702956
0.0729840169552 0.914399982 -0.0277454887274
0.076827320214 0.914399982 -0.0281770066003
0.0806739049351 0.914399982 -0.028578225764
0.0845233664161 0.914399982 -0.0289508275444
0.0883753576674 0.914399982 -0.0292963007733
0.0921723097309 0.914399982 -0.0296113522359
0.0961611503712 0.914399982 -0.0299165572425
0.100351403434 0.914399982 -0.0302101331008
0.104753054043 0.914399982 -0.0304901846672
0.109376581845 0.914399982 -0.0307545346147
0.114232956643 0.914399982 -0.0310011628075
0.119333704026 0.914399982 -0.0312274388537
0.124690889551 0.914399982 -0.0314310284162
0.130317180222 0.914399982 -0.0316090378408
0.13622584477 0.914399982 -0.0317587348918
0.142430806706 0.914399982 -0.0318769455827
0.148946664083 0.914399982 -0.0319604657997
0.155788726364 0.914399982 -0.032005800094
0.162973049328 0.914399982 -0.0320092594846
0.170516470695 0.914399982 -0.0319670120976
0.178436651242 0.914399982 -0.0318748828089
0.186668493403 0.914399982 -0.0317302913097
0.194899382058 0.914399982 -0.0315389775106
0.203129128645 0.914399982 -0.0313035920216
0.211357580655 0.914399982 -0.0310266415877
0.219584618254 0.914399982 -0.0307104121364
0.227810143115 0.914399982 -0.0303570527617
0.236034083261 0.914399982 -0.0299685302756
0.244256381637 0.914399982 -0.0295466951657
0.252476995753 0.914399982 -0.0290932335031
0.260695898231 0.914399982 -0.028609732063
0.268913069094 0.914399982 -0.0280976397684
0.277128496931 0.914399982 -0.0275582986844
0.285342173165 0.914399982 -0.0269929193582
0.293554103325 0.914399982 -0.0264027133555
0.301764289827 0.914399982 -0.0257887330712
0.309972740112 0.914399982 -0.0251519593757
0.318179461048 0.914399982 -0.0244932789498
0.326384462949 0.914399982 -0.0238135130745
0.334587753335 0.914399982 -0.023113400024
0.342789341591 0.914399982 -0.0223936187972
0.350989234588 0.914399982 -0.0216547693766
0.359187430266 0.914399982 -0.0208973240563
0.367383933926 0.914399982 -0.0201217886988
0.375578750301 0.914399982 -0.0193286180817
0.383771878666 0.914399982 -0.0185182032082
0.39196329254 0.914399982 -0.0176906241203
0.400152993469 0.914399982 -0.0168462756721
0.408340957108 0.914399982 -0.0159852397613
0.416527173285 0.914399982 -0.015107743651
0.424711587916 0.914399982 -0.0142136016618
0.432894189733 0.914399982 -0.01330301106
0.441074934182 0.914399982 -0.0123758937635
0.449253776749 0.914399982 -0.0114321436188
0.457430648346 0.914399982 -0.0104714607147
0.465605511643 0.914399982 -0.00949384164684
0.473778287821 0.914399982 -0.00849891901846
0.481948900319 0.914399982 -0.00748638642375
0.490117271879 0.914399982 -0.00645592748127
0.498283312939 0.914399982 -0.00540716451865
0.506446902229 0.914399982 -0.00433948149447
0.514607963015 0.914399982 -0.00325264118363
0.522103416069 0.914399982 -0.00223657071289
0.526786896571 0.914399982 -0.00159289967796
0.529713584844 0.914399982 -0.00118707365249
0.531542578167 0.914399982 -0.000932086391576
0.532685624832 0.914399982 -0.00077219098975
0.533400004811 0.914399982 -0.000672082502282
0.533400004811 0.914399982 -0.000672082502282
0.533400008418 0.914399982 -0.000448054529761
0.53339999393 0.914399982 -0.000224025817728
0.533399990554 0.914399982 1.66649804373e-09
0.533399987109 0.914399982 0.000224030148288
0.533399994776 0.914399982 0.000448057402271

ZONE T="SLICE_Y_0p9144_BINS03_KS_0p5mm_SINGLE_LAYER"
0.533400004811 0.914399982 -0.000672082502282
0.532685624832 0.914399982 -0.00077219098975
0.531542578167 0.914399982 -0.000932086391576
0.529713584844 0.914399982 -0.00118707365249
0.526786896571 0.914399982 -0.00159289967796
0.522103416069 0.914399982 -0.00223657071289
0.514607963015 0.914399982 -0.00325264118363
0.506446902229 0.914399982 -0.00433948149447
0.498283312939 0.914399982 -0.00540716451865
0.490117271879 0.914399982 -0.00645592748127
0.481948900319 0.914399982 -0.00748638642375
0.473778287821 0.914399982 -0.00849891901846
0.465605511643 0.914399982 -0.00949384164684
0.457430648346 0.914399982 -0.0104714607147
0.449253776749 0.914399982 -0.0114321436188
0.441074934182 0.914399982 -0.0123758937635
0.432894189733 0.914399982 -0.01330301106
0.424711587916 0.914399982 -0.0142136016618
0.416527173285 0.914399982 -0.015107743651
0.408340957108 0.914399982 -0.0159852397613
0.400152993469 0.914399982 -0.0168462756721
0.39196329254 0.914399982 -0.0176906241203
0.383771878666 0.914399982 -0.0185182032082
0.375578750301 0.914399982 -0.0193286180817
0.367383933926 0.914399982 -0.0201217886988
0.359187430266 0.914399982 -0.0208973240563
0.350989234588 0.914399982 -0.0216547693766
0.342789341591 0.914399982 -0.0223936187972
0.334587753335 0.914399982 -0.023113400024
0.326384462949 0.914399982 -0.0238135130745
0.318179461048 0.914399982 -0.0244932789498
0.309972740112 0.914399982 -0.0251519593757
0.301764289827 0.914399982 -0.0257887330712
0.293554103325 0.914399982 -0.0264027133555
0.285342173165 0.914399982 -0.0269929193582
0.277128496931 0.914399982 -0.0275582986844
0.268913069094 0.914399982 -0.0280976397684
0.260695898231 0.914399982 -0.028609732063
0.252476995753 0.914399982 -0.0290932335031
0.244256381637 0.914399982 -0.0295466951657
0.236034083261 0.914399982 -0.0299685302756
0.227810143115 0.914399982 -0.0303570527617
0.219584618254 0.914399982 -0.0307104121364
0.211357580655 0.914399982 -0.0310266415877
0.203129128645 0.914399982 -0.0313035920216
0.194899382058 0.914399982 -0.0315389775106
0.186668493403 0.914399982 -0.0317302913097
0.178436651242 0.914399982 -0.0318748828089
0.170516470695 0.914399982 -0.0319670120976
0.162973511517 0.914399982 -0.0320622733832
0.155789886551 0.914399982 -0.0321800686729
0.148948048774 0.914399982 -0.0323254974072
0.14243060654 0.914399982 -0.0324506460511
0.136221643589 0.914399982 -0.0325441251225
0.130306491102 0.914399981 -0.0326073382857
0.124671261906 0.914399981 -0.0326417428109
0.11930271016 0.914399981 -0.0326490077469
0.114188233223 0.914399981 -0.0326309115415
0.109315880429 0.914399981 -0.0325895248755
0.104674295822 0.914399981 -0.0325276246645
0.10025278417 0.914399981 -0.032447717075
0.0960411928997 0.914399981 -0.0323531875617
0.0920295593041 0.914399981 -0.0322490472949
0.0882080149184 0.914399982 -0.032141225106
0.0843285638711 0.914399982 -0.0320183275589
0.0804484231455 0.914399981 -0.0318886636388
0.0765671796664 0.914399982 -0.0317543683611
0.072685880625 0.914399981 -0.0316153935601
0.0688112085736 0.914399982 -0.0314723595958
0.0649564772418 0.914399981 -0.0313343308296
0.0611252353332 0.914399982 -0.0312768136462
0.0610865547581 0.914399981 -0.0312777260894
0.0572979455864 0.914399981 -0.0313670466861
0.0534239573839 0.914399981 -0.0315872217779
0.0494375597143 0.914399981 -0.0318329193292
0.0453340687033 0.914399981 -0.0318927401126
0.0411964002886 0.914399981 -0.0316433688147
0.0370737488272 0.914399981 -0.031227036278
0.0329674613217 0.914399981 -0.0306614286228
0.0288650585077 0.914399981 -0.02992902969
0.0247709328239 0.914399981 -0.0290219368281
0.0222450556993 0.914399981 -0.0283496233877
0.0206958322206 0.914399981 -0.0279372652709
0.0166214576577 0.914399982 -0.0266797821074
0.0124923078115 0.914399981 -0.0252573701161
0.00833471979838 0.914399981 -0.0235232896623
0.00417744092883 0.914399981 -0.0213987134157
-8.3997216661e-05 0.914399981 -0.0188489071138
-0.00299572205068 0.914399981 -0.016594478095
-0.00382062619684 0.914399981 -0.0159557886841
-0.0069417710852 0.914399981 -0.0125443356173
-0.00928181580497 0.914399981 -0.00847237679834
-0.0105939364323 0.914399981 -0.00395094171782
-0.0106955491562 0.914399981 0.000683498400075
-0.00973177713818 0.914399981 0.00488747641671
-0.00810476212357 0.914399981 0.00849077369793
-0.00587658042159 0.914399981 0.0117973203778
-0.00293426913889 0.914399981 0.015340934704
0.00128534461843 0.914399981 0.0183476091882
0.00151657465699 0.914399982 0.0185123713326
0.00735826081656 0.914399981 0.0184206794029
0.0117583189008 0.914399981 0.0180906058966
0.0155370121434 0.914399982 0.018658172777
0.019394996712 0.914399981 0.0190364787105
0.0232818799638 0.914399982 0.0192831368268
0.0271260001012 0.914399981 0.0196496970144
0.0309196862403 0.914399982 0.0202819693656
0.0346668644304 0.914399982 0.021152236229
0.0384104774607 0.914399982 0.022044228321
0.042169407713 0.914399982 0.0228692888464
0.0459409436719 0.914399982 0.0236346703263
0.0497231098573 0.914399982 0.0243456578323
0.0535142237233 0.914399982 0.0250072752339
0.0573129847104 0.914399982 0.0256234704255
0.0611183308427 0.914399982 0.0261976035124
0.0649293362798 0.914399982 0.026732879719
0.0687452749984 0.914399982 0.0272317684159
0.0725655177456 0.914399982 0.027696559286
0.0763895072949 0.914399982 0.0281294437975
0.0802167991358 0.914399982 0.0285320910087
0.0840469840845 0.914399982 0.0289062095384
0.0878797115195 0.914399982 0.0292533156221
0.0915751266435 0.914399982 0.0295633760417
0.0954572808173 0.914399982 0.0298645460625
0.0995354563387 0.914399982 0.0301550669003
0.10381937751 0.914399982 0.0304331234668
0.108319244079 0.914399982 0.0306967675147
0.113045762907 0.914399982 0.0309436511974
0.118010132853 0.914399982 0.0311717878687
0.123224125183 0.914399982 0.0313785743091
0.128700067246 0.914399982 0.0315614542041
0.134450890488 0.914399982 0.0317176759028
0.140490159617 0.914399982 0.0318441190303
0.146832089065 0.914399982 0.0319378189136
0.153491594785 0.914399982 0.0319952544596
0.160484313614 0.914399982 0.0320130031018
0.167826646151 0.914399982 0.0319872566115
0.175535795505 0.914399982 0.0319140984764
0.183629804313 0.914399982 0.031789246857
0.191937029929 0.914399982 0.0316130534243
0.200243155761 0.914399982 0.0313910306364
0.208548015586 0.914399982 0.0311257992825
0.216851468791 0.914399982 0.0308197142903
0.225153415681 0.914399982 0.0304751474832
0.233453768382 0.914399982 0.0300941296782
0.241752466563 0.914399982 0.0296786274575
0.250049460604 0.914399982 0.0292303826025
0.258344719265 0.914399982 0.0287510890605
0.266638215888 0.914399982 0.0282422175545
0.274929939337 0.914399982 0.0277052318734
0.283219883073 0.914399982 0.0271414297223
0.291508046947 0.914399982 0.0265520460991
0.299794432734 0.914399982 0.0259381737896
0.308079049478 0.914399982 0.0253008589731
0.316361902045 0.914399982 0.0246410212291
0.324643001871 0.914399982 0.0239595435062
0.332922358138 0.914399982 0.0232571832901
0.341199976096 0.914399982 0.0225346396499
0.349475864089 0.914399982 0.0217925386927
0.357750021087 0.914399982 0.02103138257
0.366022465103 0.914399982 0.0202518311458
0.374293194033 0.914399982 0.0194542872544
0.382562185623 0.914399982 0.0186389257695
0.390829444514 0.914399982 0.0178061820755
0.399094962705 0.914399982 0.016956328277
0.407358709516 0.914399982 0.0160894303948
0.415620669238 0.914399982 0.0152056557406
0.423880818816 0.914399982 0.0143051189855
0.432139116037 0.914399982 0.013387750014
0.440395521956 0.914399982 0.0124535180346
0.448649991973 0.914399982 0.0115023297087
0.456902477111 0.914399982 0.0105340683355
0.46515290763 0.914399982 0.00954845537171
0.473401216337 0.914399982 0.00854524753756
0.481647322901 0.914399982 0.00752408836118
0.489891152896 0.914399982 0.00648470899588
0.498132609208 0.914399982 0.00542667761543
0.506371576298 0.914399982 0.00434943880735
0.514607964371 0.914399982 0.00325264245494
0.52210341722 0.914399982 0.00223657472484
0.526786897433 0.914399982 0.00159289982968
0.529713585349 0.914399982 0.00118707869855
0.531542577751 0.914399982 0.000932090620926
0.532685624049 0.914399982 0.000772192997406
0.533400004369 0.914399982 0.000672085793331

ZONE T="SLICE_Y_0p9144_BINS07_KS_0p5mm_SINGLE_LAYER"
0.533400004811 0.914399982 -0.000672082502282
0.532685624832 0.914399982 -0.00077219098975
0.531542578167 0.914399982 -0.000932086391576
0.529713584844 0.914399982 -0.00118707365249
0.526786896571 0.914399982 -0.00159289967796
0.522103416069 0.914399982 -0.00223657071289
0.514607963015 0.914399982 -0.00325264118363
0.506446902229 0.914399982 -0.00433948149447
0.498283312939 0.914399982 -0.00540716451865
0.490117271879 0.914399982 -0.00645592748127
0.481948900319 0.914399982 -0.00748638642375
0.473778287821 0.914399982 -0.00849891901846
0.465605511643 0.914399982 -0.00949384164684
0.457430648346 0.914399982 -0.0104714607147
0.449253776749 0.914399982 -0.0114321436188
0.441074934182 0.914399982 -0.0123758937635
0.432894189733 0.914399982 -0.01330301106
0.424711587916 0.914399982 -0.0142136016618
0.416527173285 0.914399982 -0.015107743651
0.408340957108 0.914399982 -0.0159852397613
0.400152993469 0.914399982 -0.0168462756721
0.39196329254 0.914399982 -0.0176906241203
0.383771878666 0.914399982 -0.0185182032082
0.375578750301 0.914399982 -0.0193286180817
0.367383933926 0.914399982 -0.0201217886988
0.359187430266 0.914399982 -0.0208973240563
0.350989234588 0.914399982 -0.0216547693766
0.342789341591 0.914399982 -0.0223936187972
0.334587753335 0.914399982 -0.023113400024
0.326384462949 0.914399982 -0.0238135130745
0.318179461048 0.914399982 -0.0244932789498
0.309972740112 0.914399982 -0.0251519593757
0.301764289827 0.914399982 -0.0257887330712
0.293554103325 0.914399982 -0.0264027133555
0.285342173165 0.914399982 -0.0269929193582
0.277128496931 0.914399982 -0.0275582986844
0.268913069094 0.914399982 -0.0280976397684
0.26069594254 0.914399982 -0.0286104517252
0.252477147109 0.914399982 -0.0290958854049
0.244256693974 0.914399982 -0.0295525666809
0.236034564523 0.914399982 -0.0299782654188
0.227810770949 0.914399982 -0.0303708766405
0.219585368572 0.914399982 -0.0307285680237
0.211358792332 0.914399982 -0.0310590790815
0.203131224559 0.914399982 -0.0313666945326
0.194902579503 0.914399982 -0.0316503457556
0.186672482797 0.914399982 -0.0318989448552
0.178440812517 0.914399982 -0.0321040678162
0.170520132258 0.914399982 -0.0322589798988
0.162975614878 0.914399982 -0.0323652737538
0.155789860519 0.914399982 -0.0324268275811
0.148946271703 0.914399982 -0.0324754656846
0.142428384197 0.914399982 -0.0325328473121
0.136219904666 0.914399982 -0.032602862505
0.130305299354 0.914399981 -0.0326616437032
0.124670381604 0.914399981 -0.0326945528603
0.119302044978 0.914399981 -0.0327033745825
0.11418784661 0.914399981 -0.0326904806176
0.10931594818 0.914399981 -0.0326583297546
0.10467560752 0.914399981 -0.0326094164056
0.100257810434 0.914399981 -0.0325464178908
0.0960537183436 0.914399982 -0.0324851743441
0.0920515074689 0.914399981 -0.0324569376788
0.0882372208677 0.914399982 -0.0324657513316
0.0843589431569 0.914399982 -0.0324894420182
0.0804739116528 0.914399981 -0.0325024477978
0.0765840681193 0.914399982 -0.0325018160271
0.072691841035 0.914399982 -0.0324886299429
0.0687990804989 0.914399981 -0.0324666396237
0.064905814487 0.914399982 -0.0324415349784
0.0618987921019 0.914399981 -0.0324248135238
0.0610039381559 0.914399981 -0.0324198372577
0.0570696507061 0.914399981 -0.0324082580705
0.0530815282004 0.914399981 -0.0323439537914
0.0490489243555 0.914399981 -0.0321515182523
0.0450239460122 0.914399981 -0.0317681316379
0.0410352152838 0.914399981 -0.0312955392169
0.0370875851586 0.914399981 -0.030776563776
0.0331636582821 0.914399981 -0.0302267597832
0.0291924207963 0.914399981 -0.0296643352688
0.0250432063652 0.914399981 -0.029110477667
0.0238943523087 0.914399981 -0.0288725140073
0.0207550825766 0.914399982 -0.0282222714357
0.0164909072272 0.914399982 -0.0268904089214
0.0123211991577 0.914399981 -0.0252933547091
0.00823650104969 0.914399982 -0.0234445372189
0.00414763164418 0.914399982 -0.0213122602106
-6.08437557501e-05 0.914399982 -0.0187549812112
-0.00375295571713 0.914399982 -0.0158595056895
-0.00441667973615 0.914399981 -0.0151344515411
-0.00684920382282 0.914399981 -0.0124771558049
-0.0091795768824 0.914399981 -0.00844181151613
-0.010507260519 0.914399981 -0.00395327519598
-0.0106117767018 0.914399981 0.000651940196898
-0.00961853554571 0.914399981 0.0048345387975
-0.00794968583298 0.914399981 0.00852930012155
-0.00573426149799 0.914399981 0.0120646612731
-0.00229228257013 0.914399981 0.0148985568129
0.00161311248956 0.914399981 0.0177794691585
0.00681992010825 0.914399981 0.0188580199931
0.0113616496817 0.914399981 0.0192423692884
0.0118584914288 0.914399981 0.0192248445272
0.0155057969174 0.914399982 0.0190961993236
0.0193825731646 0.914399981 0.0192411376265
0.0231987762144 0.914399982 0.019620973756
0.0270024674022 0.914399981 0.0201671081966
0.030781245223 0.914399982 0.0208900675049
0.0345609455827 0.914399982 0.0216350277596
0.0383503472594 0.914399982 0.0223332298433
0.0421396163351 0.914399982 0.0230201251345
0.045927180319 0.914399982 0.0237079226824
0.0497143827561 0.914399982 0.0243947406237
0.0535080961496 0.914399982 0.0250440122856
0.057309042218 0.914399982 0.0256488141472
0.061116189421 0.914399982 0.0262123721099
0.0649284686712 0.914399982 0.0267392948246
0.0687450767883 0.914399982 0.0272333414212
0.0725655177456 0.914399982 0.027696559286
0.0763895072949 0.914399982 0.0281294437975
0.0802167991358 0.914399982 0.0285320910087
0.0840469840845 0.914399982 0.0289062095384
0.0878797115195 0.914399982 0.0292533156221
0.0915751266435 0.914399982 0.0295633760417
0.0954572808173 0.914399982 0.0298645460625
0.0995354563387 0.914399982 0.0301550669003
0.10381937751 0.914399982 0.0304331234668
0.108319244079 0.914399982 0.0306967675147
0.113045762907 0.914399982 0.0309436511974
0.118010132853 0.914399982 0.0311717878687
0.123224125183 0.914399982 0.0313785743091
0.128700067246 0.914399982 0.0315614542041
0.134450890488 0.914399982 0.0317176759028
0.140490159617 0.914399982 0.0318441190303
0.146832089065 0.914399982 0.0319378189136
0.153491594785 0.914399982 0.0319952544596
0.160484313614 0.914399982 0.0320130031018
0.167826646151 0.914399982 0.0319872566115
0.175535795505 0.914399982 0.0319140984764
0.183629804313 0.914399982 0.031789246857
0.191937029929 0.914399982 0.0316130534243
0.200243155761 0.914399982 0.0313910306364
0.208548015586 0.914399982 0.0311257992825
0.216851468791 0.914399982 0.0308197142903
0.225153415681 0.914399982 0.0304751474832
0.233453768382 0.914399982 0.0300941296782
0.241752466563 0.914399982 0.0296786274575
0.250049460604 0.914399982 0.0292303826025
0.258344719265 0.914399982 0.0287510890605
0.266638215888 0.914399982 0.0282422175545
0.274929939337 0.914399982 0.0277052318734
0.283219883073 0.914399982 0.0271414297223
0.291508046947 0.914399982 0.0265520460991
0.299794432734 0.914399982 0.0259381737896
0.308079049478 0.914399982 0.0253008589731
0.316361902045 0.914399982 0.0246410212291
0.324643001871 0.914399982 0.0239595435062
0.332922358138 0.914399982 0.0232571832901
0.341199976096 0.914399982 0.0225346396499
0.349475864089 0.914399982 0.0217925386927
0.357750021087 0.914399982 0.02103138257
0.366022465103 0.914399982 0.0202518311458
0.374293194033 0.914399982 0.0194542872544
0.382562185623 0.914399982 0.0186389257695
0.390829444514 0.914399982 0.0178061820755
0.399094962705 0.914399982 0.016956328277
0.407358709516 0.914399982 0.0160894303948
0.415620669238 0.914399982 0.0152056557406
0.423880818816 0.914399982 0.0143051189855
0.432139116037 0.914399982 0.013387750014
0.440395521956 0.914399982 0.0124535180346
0.448649991973 0.914399982 0.0115023297087
0.456902477111 0.914399982 0.0105340683355
0.46515290763 0.914399982 0.00954845537171
0.473401216337 0.914399982 0.00854524753756
0.481647322901 0.914399982 0.00752408836118
0.489891152896 0.914399982 0.00648470899588
0.498132609208 0.914399982 0.00542667761543
0.506371576298 0.914399982 0.00434943880735
0.514607964371 0.914399982 0.00325264245494
0.52210341722 0.914399982 0.00223657472484
0.526786897433 0.914399982 0.00159289982968
0.529713585349 0.914399982 0.00118707869855
0.531542577751 0.914399982 0.000932090620926
0.532685624049 0.914399982 0.000772192997406
0.533400004369 0.914399982 0.000672085793331

ZONE T="SLICE_Y_0p9144_BINS15_KS_0p5mm_SINGLE_LAYER"
0.533400004811 0.914399982 -0.000672082502282
0.532685624832 0.914399982 -0.00077219098975
0.531542578167 0.914399982 -0.000932086391576
0.529713584844 0.914399982 -0.00118707365249
0.526786896571 0.914399982 -0.00159289967796
0.522103416069 0.914399982 -0.00223657071289
0.514607963015 0.914399982 -0.00325264118363
0.506446902229 0.914399982 -0.00433948149447
0.498283312939 0.914399982 -0.00540716451865
0.490117271879 0.914399982 -0.00645592748127
0.481948900319 0.914399982 -0.00748638642375
0.473778287821 0.914399982 -0.00849891901846
0.465605511643 0.914399982 -0.00949384164684
0.457430648346 0.914399982 -0.0104714607147
0.449253776749 0.914399982 -0.0114321436188
0.441074934182 0.914399982 -0.0123758937635
0.432894189733 0.914399982 -0.01330301106
0.424711587916 0.914399982 -0.0142136016618
0.416527173285 0.914399982 -0.015107743651
0.408340957108 0.914399982 -0.0159852397613
0.400152993469 0.914399982 -0.0168462756721
0.39196329254 0.914399982 -0.0176906241203
0.383771878666 0.914399982 -0.0185182032082
0.375578750301 0.914399982 -0.0193286180817
0.367383933926 0.914399982 -0.0201217886988
0.359187430266 0.914399982 -0.0208973240563
0.350989234588 0.914399982 -0.0216547693766
0.342789341591 0.914399982 -0.0223936187972
0.334587753335 0.914399982 -0.023113400024
0.326384462949 0.914399982 -0.0238135130745
0.318179461048 0.914399982 -0.0244932789498
0.309972740112 0.914399982 -0.0251519593757
0.301764289827 0.914399982 -0.0257887330712
0.293554103325 0.914399982 -0.0264027133555
0.285342173165 0.914399982 -0.0269929193582
0.277128496931 0.914399982 -0.0275582986844
0.268913069094 0.914399982 -0.0280976397684
0.26069594254 0.914399982 -0.0286104517252
0.252477147109 0.914399982 -0.0290958854049
0.244256694972 0.914399982 -0.0295525666111
0.236034691938 0.914399982 -0.0299807756456
0.227811194794 0.914399982 -0.0303800343824
0.219586213987 0.914399982 -0.0307487863012
0.211359677659 0.914399982 -0.0310828642637
0.203131778876 0.914399982 -0.0313841834676
0.194902719364 0.914399982 -0.0316567325572
0.186672464102 0.914399982 -0.0318988208573
0.178440892012 0.914399982 -0.0321028392783
0.170520607284 0.914399982 -0.0322684538407
0.16297654987 0.914399982 -0.0323988292716
0.155790873969 0.914399982 -0.0325036660611
0.148946480724 0.914399982 -0.0325788469356
0.142427170059 0.914399982 -0.0326333658642
0.136217466185 0.914399982 -0.0326681676849
0.130302570947 0.914399982 -0.0326896302009
0.124668518761 0.914399981 -0.0326947061791
0.119301755311 0.914399981 -0.0326937272883
0.114189546671 0.914399981 -0.0326832113197
0.109319818488 0.914399981 -0.0326653238127
0.104681065926 0.914399981 -0.0326433503077
0.100262294736 0.914399981 -0.0326193627718
0.0960530474476 0.914399982 -0.0325958126528
0.0920435708396 0.914399982 -0.0325702132437
0.0882233239877 0.914399981 -0.0325539004558
0.0843435449187 0.914399981 -0.0325357068438
0.0804611902522 0.914399981 -0.0325194295645
0.0765771658103 0.914399982 -0.0324967341286
0.0726908508904 0.914399981 -0.0324788712402
0.0688015306095 0.914399981 -0.0324613518318
0.064906220473 0.914399981 -0.0324463373566
0.060997308596 0.914399982 -0.0324268558092
0.0608308466385 0.914399981 -0.0324256306239
0.0570576850455 0.914399981 -0.0323978574174
0.0530753335932 0.914399981 -0.032311978014
0.0490671383961 0.914399981 -0.0321050805853
0.0450718745009 0.914399981 -0.0317495059443
0.0410857036855 0.914399981 -0.0313446158723
0.0370826407022 0.914399981 -0.030903470823
0.0330752596306 0.914399981 -0.0303388451959
0.029072882923 0.914399981 -0.0296694432521
0.0252667728518 0.914399981 -0.0289849536871
0.0250169827089 0.914399981 -0.0289400307366
0.020817153486 0.914399981 -0.0281089014243
0.0165502482009 0.914399981 -0.0268957334747
0.0123540033944 0.914399982 -0.0252850160887
0.00824565294775 0.914399982 -0.0234262823468
0.00415407059725 0.914399981 -0.0212909040294
-4.3134938506e-05 0.914399981 -0.0187308641587
-0.00373606617749 0.914399981 -0.0158478852279
-0.00650024239267 0.914399981 -0.0128317662994
-0.0068339720387 0.914399981 -0.0124676180558
-0.00916720298474 0.914399981 -0.00843185911311
-0.0104817968321 0.914399981 -0.00394304902854
-0.0105777823695 0.914399981 0.000665178770145
-0.00957569901657 0.914399981 0.00487371535484
-0.0079105235711 0.914399981 0.00857630845278
-0.00553501335002 0.914399981 0.0119105567304
-0.00241403349689 0.914399981 0.0149677023326
0.00169062389756 0.914399981 0.0175948182808
0.00579377473136 0.914399981 0.0187043674201
0.00674450398369 0.914399981 0.018961457198
0.0113550978628 0.914399982 0.0191946871052
0.0154662078929 0.914399981 0.0191909946495
0.0193507252641 0.914399982 0.0193534185399
0.0231734920503 0.914399982 0.0197365124684
0.0269789402275 0.914399981 0.0202849591027
0.0307717551137 0.914399982 0.0209442845784
0.0345597059695 0.914399982 0.0216445264268
0.0383431826484 0.914399982 0.0223667487156
0.0421285716618 0.914399982 0.0230753281689
0.0459156396275 0.914399982 0.0237699467319
0.049708422717 0.914399982 0.0244292108401
0.0535064160354 0.914399982 0.0250546209289
0.0573090666688 0.914399982 0.025648822874
0.0611161955459 0.914399982 0.0262123705334
0.0649284697385 0.914399982 0.0267392938968
0.0687450767883 0.914399982 0.0272333414212
0.0725655177456 0.914399982 0.027696559286
0.0763895072949 0.914399982 0.0281294437975
0.0802167991358 0.914399982 0.0285320910087
0.0840469840845 0.914399982 0.0289062095384
0.0878797115195 0.914399982 0.0292533156221
0.0915751266435 0.914399982 0.0295633760417
0.0954572808173 0.914399982 0.0298645460625
0.0995354563387 0.914399982 0.0301550669003
0.10381937751 0.914399982 0.0304331234668
0.108319244079 0.914399982 0.0306967675147
0.113045762907 0.914399982 0.0309436511974
0.118010132853 0.914399982 0.0311717878687
0.123224125183 0.914399982 0.0313785743091
0.128700067246 0.914399982 0.0315614542041
0.134450890488 0.914399982 0.0317176759028
0.140490159617 0.914399982 0.0318441190303
0.146832089065 0.914399982 0.0319378189136
0.153491594785 0.914399982 0.0319952544596
0.160484313614 0.914399982 0.0320130031018
0.167826646151 0.914399982 0.0319872566115
0.175535795505 0.914399982 0.0319140984764
0.183629804313 0.914399982 0.031789246857
0.191937029929 0.914399982 0.0316130534243
0.200243155761 0.914399982 0.0313910306364
0.208548015586 0.914399982 0.0311257992825
0.216851468791 0.914399982 0.0308197142903
0.225153415681 0.914399982 0.0304751474832
0.233453768382 0.914399982 0.0300941296782
0.241752466563 0.914399982 0.0296786274575
0.250049460604 0.914399982 0.0292303826025
0.258344719265 0.914399982 0.0287510890605
0.266638215888 0.914399982 0.0282422175545
0.274929939337 0.914399982 0.0277052318734
0.283219883073 0.914399982 0.0271414297223
0.291508046947 0.914399982 0.0265520460991
0.299794432734 0.914399982 0.0259381737896
0.308079049478 0.914399982 0.0253008589731
0.316361902045 0.914399982 0.0246410212291
0.324643001871 0.914399982 0.0239595435062
0.332922358138 0.914399982 0.0232571832901
0.341199976096 0.914399982 0.0225346396499
0.349475864089 0.914399982 0.0217925386927
0.357750021087 0.914399982 0.02103138257
0.366022465103 0.914399982 0.0202518311458
0.374293194033 0.914399982 0.0194542872544
0.382562185623 0.914399982 0.0186389257695
0.390829444514 0.914399982 0.0178061820755
0.399094962705 0.914399982 0.016956328277
0.407358709516 0.914399982 0.0160894303948
0.415620669238 0.914399982 0.0152056557406
0.423880818816 0.914399982 0.0143051189855
0.432139116037 0.914399982 0.013387750014
0.440395521956 0.914399982 0.0124535180346
0.448649991973 0.914399982 0.0115023297087
0.456902477111 0.914399982 0.0105340683355
0.46515290763 0.914399982 0.00954845537171
0.473401216337 0.914399982 0.00854524753756
0.481647322901 0.914399982 0.00752408836118
0.489891152896 0.914399982 0.00648470899588
0.498132609208 0.914399982 0.00542667761543
0.506371576298 0.914399982 0.00434943880735
0.514607964371 0.914399982 0.00325264245494
0.52210341722 0.914399982 0.00223657472484
0.526786897433 0.914399982 0.00159289982968
0.529713585349 0.914399982 0.00118707869855
0.531542577751 0.914399982 0.000932090620926
0.532685624049 0.914399982 0.000772192997406
0.533400004369 0.914399982 0.000672085793331

ZONE T="SLICE_Y_0p9144_BINS01_KS_0p5mm_FINAL_LAYER"
-999 -999 -999

ZONE T="SLICE_Y_0p9144_BINS03_KS_0p5mm_FINAL_LAYER"
-999 -999 -999

ZONE T="SLICE_Y_0p9144_BINS07_KS_0p5mm_FINAL_LAYER"
-999 -999 -999

ZONE T="SLICE_Y_0p9144_BINS15_KS_0p5mm_FINAL_LAYER"
-999 -999 -999
