#+++++++++++++++++++++++++++++++++++++++++++++++++++++++++++++++++++++++++++++++++++++++++++++++++++++++++++++++++++++++++++++++++
#
#   IPW-3 Cut/Slice DATA SUBMITTAL FORM for Test Case NACA0012_AE3932, May 18th 2026
#
#       NOMENCLATURE:
#               X [m]:  X-coordinate of the surface (clean for reference)
#               Y [m]:  Y-coordinate of the surface (clean for reference)
#               Z [m]:  Z-coordinate of the surface (clean for reference)
#                 Cp [-]:  Pressure coefficient
#
#                XXmm:  Roughness height used for the case, in mm.
#                       In the zone name, use the format KS_XXmm.
#                       For example, if k_s = 1.5 mm, use KS_1p5mm.
#                       For Variable roughness, use KS_VAR
#
#    FLOW CONDITIONS:
#                                   AOA: 4.0 deg
#                           Mach Number: 0.3151 [-]
#       Mean aerodynamic chord (M.A.C.): 0.5334 [m]
#                       Reynolds Number: 3.9795 million (based on MAC)
#                       Freestream Temp: 267.55 [K]
#                        Reference area: 0.97548 [m2]
#               Moment Reference Center: 0.13335, 0, 0 [m] (X, Y, Z)
#
#    ICING CONDITIONS:
#                           Icing Time: 420 [s]
#                                  LWC: 0.55 [g/m3]
#                                  MVD: 20 [μm]
#
#              NOTES: 1. Please use at least 5 decimal places in the numerical values
#                     2. If data are NOT provided, please fill data fields with a numerical value of "-999"
#
#++++++++++++++++++++++++++++++++++++++++++++++++++++++++++++++++++++++++++++++++++++++++++++++++++++++++++++++++++++

                                                    <- Optional ->
VARIABLES = "X" "Y" "Z" "Cp"

ZONE T="SLICE_Y_0p9144_BINS15_KS_VAR_CUTDATA"

0.532378599198	0.9144	-0.0285765200122	0.115486503
0.0003248256648	0.9144	0.0093020250332	0.30082953
0.0883488042266	0.9144	-0.0263841211204	-0.067808814
0.0864413080162	0.9144	-0.0260876639282	-0.06407509
0.0903527092866	0.9144	-0.0266886901074	-0.071455844
0.08453594345	0.9144	-0.0257849783258	-0.060210831
0.0924578678652	0.9144	-0.0270014253976	-0.075092912
0.0946694213288	0.9144	-0.0273220483784	-0.078720018
0.0969927533598	0.9144	-0.027650322906	-0.082289331
0.0994334837336	0.9144	-0.02798619752	-0.085822769
0.10199754114	0.9144	-0.0283293724242	-0.089324318
0.104691150942	0.9144	-0.028679426766	-0.092756115
0.107520847417	0.9144	-0.0290360274498	-0.096126132
0.110493449396	0.9144	-0.0293989231934	-0.099433377
0.113616211807	0.9144	-0.0297673418368	-0.102633998
0.116896643829	0.9144	-0.0301408897562	-0.105681159
0.120342690759	0.9144	-0.0305189099298	-0.108564906
0.123962661167	0.9144	-0.030900687754	-0.111285239
0.127710906224	0.9144	-0.0312800765304	-0.113835171
0.131460689453	0.9144	-0.0316439623914	-0.116173856
0.135211901864	0.9144	-0.0319927540738	-0.118219584
0.13896443444	0.9144	-0.032327084444	-0.119988292
0.142718190281	0.9144	-0.0326474076794	-0.121544763
0.146473072535	0.9144	-0.0329541446326	-0.122895956
0.150229020598	0.9144	-0.0332477283482	-0.124046862
0.153985925479	0.9144	-0.0335285917692	-0.125008449
0.157743738741	0.9144	-0.0337971134064	-0.125790671
0.161502387713	0.9144	-0.0340536354232	-0.12641345
0.165261823933	0.9144	-0.0342985241892	-0.126892745
0.169021974757	0.9144	-0.0345320612888	-0.127233535
0.172782779605	0.9144	-0.0347546282554	-0.127440795
0.176544214246	0.9144	-0.0349665520886	-0.127514541
0.180306218152	0.9144	-0.035168126514	-0.127457738
0.18406874286	0.9144	-0.0353596603702	-0.127287343
0.187831752022	0.9144	-0.0355413474338	-0.127008334
0.191595209316	0.9144	-0.0357134602214	-0.126622707
0.195359078395	0.9144	-0.035876328806	-0.12615636
0.199123335077	0.9144	-0.0360302044698	-0.125617281
0.202887942991	0.9144	-0.0361752052974	-0.12498752
0.206652865789	0.9144	-0.0363116432008	-0.124271065
0.210418067174	0.9144	-0.0364397846006	-0.123481877
0.214183559237	0.9144	-0.0365597324684	-0.122621931
0.217949293514	0.9144	-0.0366717320412	-0.121697217
0.221715245824	0.9144	-0.0367760709994	-0.120720692
0.225481391912	0.9144	-0.0368727796198	-0.119682379
0.229247731775	0.9144	-0.036962142484	-0.118585281
0.233014217003	0.9144	-0.0370443958374	-0.117441349
0.236780871776	0.9144	-0.0371195184202	-0.116241619
0.240547647657	0.9144	-0.0371878706076	-0.11499206
0.244314544669	0.9144	-0.037249518973	-0.113700651
0.248081538583	0.9144	-0.0373046058326	-0.112369381
0.251848605166	0.9144	-0.0373533946606	-0.111000247
0.255615768676	0.9144	-0.0373958399656	-0.109590262
0.259382980598	0.9144	-0.037432256733	-0.108140416
0.263150265164	0.9144	-0.0374626933244	-0.106659681
0.26691757386	0.9144	-0.037487283039	-0.105147064
0.27068493107	0.9144	-0.037506237789	-0.103602551
0.274452288534	0.9144	-0.0375195030914	-0.102025159
0.278219669874	0.9144	-0.0375273726464	-0.100415885
0.281987075598	0.9144	-0.0375298615924	-0.098783687
0.285754481322	0.9144	-0.0375271062004	-0.097127572
0.289521862916	0.9144	-0.0375192608516	-0.095450535
0.293289220126	0.9144	-0.0375062922974	-0.093749583
0.297056577336	0.9144	-0.0374884427268	-0.092023723
0.300823910416	0.9144	-0.0374657303262	-0.090275936
0.304591194982	0.9144	-0.0374382459514	-0.088505231
0.308358455164	0.9144	-0.037406137913	-0.086711608
0.31212569147	0.9144	-0.0373693820556	-0.084894069
0.315892854878	0.9144	-0.0373281448508	-0.083053611
0.319659970026	0.9144	-0.0372825141572	-0.08119522
0.323427036406	0.9144	-0.037232459698	-0.079312913
0.327194030396	0.9144	-0.0371781418996	-0.077409677
0.330960975872	0.9144	-0.0371196334822	-0.075492494
0.334727848704	0.9144	-0.0370569223046	-0.073551394
0.338494648638	0.9144	-0.0369901204316	-0.071584389
0.342261376182	0.9144	-0.036919294462	-0.069597453
0.346028031082	0.9144	-0.0368444928082	-0.067586601
0.349794613084	0.9144	-0.0367657215916	-0.065540873
0.353561098312	0.9144	-0.0366829989224	-0.063460276
0.357327486512	0.9144	-0.0365965458568	-0.061360743
0.361093802322	0.9144	-0.0365063018666	-0.059245262
0.364860045234	0.9144	-0.0364122971778	-0.057098895
0.368626167242	0.9144	-0.0363145348638	-0.054913662
0.372392191968	0.9144	-0.0362130693822	-0.052689571
0.376158120174	0.9144	-0.0361079552922	-0.050431598
0.379923951352	0.9144	-0.0359992258424	-0.048139747
0.383689661372	0.9144	-0.0358869113604	-0.045812022
0.387455274618	0.9144	-0.035771020914	-0.043443445
0.391220790836	0.9144	-0.0356515726642	-0.041031022
0.394986161766	0.9144	-0.0355286089782	-0.03857575
0.398751435922	0.9144	-0.0354021420226	-0.036073647
0.40251658892	0.9144	-0.0352721172636	-0.033514746
0.406281620506	0.9144	-0.0351385982774	-0.030896053
0.410046531188	0.9144	-0.0350015971798	-0.028218573
0.413811272452	0.9144	-0.034861126112	-0.025481304
0.417575916688	0.9144	-0.0347172032096	-0.02268126
0.42134046415	0.9144	-0.03456982545	-0.019816445
0.425104817556	0.9144	-0.0344190201128	-0.0168759
0.428869025928	0.9144	-0.0342646115316	-0.013848664
0.432633137018	0.9144	-0.0341067723248	-0.010737725
0.436397103074	0.9144	-0.033945505515	-0.007543083
0.440160875328	0.9144	-0.0337806839498	-0.004247799
0.443924502294	0.9144	-0.0336123439258	-0.000839915
0.447687983718	0.9144	-0.0334405732762	0.002683558
0.45145127134	0.9144	-0.033265123716	0.006341552
0.455214413928	0.9144	-0.033086237485	0.010146026
0.458977410974	0.9144	-0.032903654157	0.014101961
0.462740214218	0.9144	-0.0327175493476	0.018216334
0.46650282366	0.9144	-0.032527820136	0.022505086
0.4702652393	0.9144	-0.032334360528	0.026991136
0.474027461138	0.9144	-0.0321372583314	0.03169043
0.477789489428	0.9144	-0.031936431809	0.036615916
0.481551323662	0.9144	-0.0317318627744	0.04180048
0.485312964348	0.9144	-0.031523493722	0.047272027
0.489074410978	0.9144	-0.0313113034174	0.053069416
0.492835567032	0.9144	-0.0310952616092	0.059235495
0.496596577798	0.9144	-0.0308752623286	0.065817095
0.500357297988	0.9144	-0.0306513418976	0.072881982
0.504117775862	0.9144	-0.0304233034916	0.080510855
0.50787801142	0.9144	-0.0301913469578	0.088780455
0.511638004662	0.9144	-0.0299553087964	0.097792409
0.515397755842	0.9144	-0.029715040646	0.107687235
0.519157216192	0.9144	-0.0294706393822	0.118646272
0.522916385966	0.9144	-0.0292219112284	0.130865812
0.526689847558	0.9144	-0.0289677721634	0.143087357
0.529048085412	0.9144	-0.0288068747712	0.152602538
0.53052197807	0.9144	-0.0287053275524	0.158382982
0.531443094338	0.9144	-0.0286415111954	0.161097333
0.532018785846	0.9144	-0.0286015699748	0.163937241
0.0826316326028	0.9144	-0.0254757766328	-0.056185145
0.0807284178672	0.9144	-0.025159880211	-0.051979098
0.0788263537516	0.9144	-0.0248371437216	-0.047577746
0.0769255007842	0.9144	-0.0245073416126	-0.042944219
0.075025919544	0.9144	-0.0241702876258	-0.038052611
0.0731276766298	0.9144	-0.0238257789168	-0.032903917
0.0712308447364	0.9144	-0.0234736095932	-0.027495144
0.0693354965332	0.9144	-0.0231135207528	-0.021821318
0.0674416985936	0.9144	-0.0227453624848	-0.015864497
0.0655495599852	0.9144	-0.0223687503094	-0.009583827
0.0636591654424	0.9144	-0.0219835070616	-0.002953401
0.0617706300272	0.9144	-0.0215892254524	0.003984931
0.0598840445954	0.9144	-0.0211857571712	0.011248107
0.0579995302796	0.9144	-0.020772696453	0.018912857
0.0561172142068	0.9144	-0.0203497117262	0.027007079
0.0542372599022	0.9144	-0.0199163897074	0.035575613
0.05235981273	0.9144	-0.0194723140398	0.044647358
0.0504850392126	0.9144	-0.0190170789838	0.054212354
0.0486131119176	0.9144	-0.0185502909156	0.064285539
0.0467442398108	0.9144	-0.0180714093486	0.075021371
0.0448786681292	0.9144	-0.0175798226508	0.086541414
0.0430166481804	0.9144	-0.017074949467	0.09885563
0.0411584797352	0.9144	-0.0165560842868	0.111974992
0.0393044262424	0.9144	-0.0160227062832	0.125988171
0.0374548631394	0.9144	-0.0154739585872	0.140692875
0.0356102203974	0.9144	-0.0149088828568	0.156200737
0.0337709703802	0.9144	-0.014326502589	0.173081726
0.0319376066352	0.9144	-0.013725845802	0.191404581
0.0301106802408	0.9144	-0.0131058891044	0.211117491
0.0282909542384	0.9144	-0.0124651048894	0.23257719
0.026479303658	0.9144	-0.0118018270186	0.255981982
0.0246766369306	0.9144	-0.0111145143216	0.280866504
0.0228839789716	0.9144	-0.010401502946	0.307990074
0.0211028149952	0.9144	-0.0096602426302	0.338117957
0.0193349117492	0.9144	-0.008887888625	0.371188372
0.0175821390038	0.9144	-0.008081789272	0.407640785
0.0158469236528	0.9144	-0.0072385578368	0.448124856
0.0141327613712	0.9144	-0.0063533148016	0.493839324
0.0124436755698	0.9144	-0.0054211144816	0.545352221
0.0107845850348	0.9144	-0.0044365191178	0.602412343
0.0091633336164	0.9144	-0.0033907878336	0.665952444
0.0075894410568	0.9144	-0.0022750488662	0.736512542
0.0060898619122	0.9144	-0.0010899375204	0.808398962
0.0048000060464	0.9144	6.47677394e-05	0.878867447
0.0036969472416	0.9144	0.0011937880366	0.943361104
0.0027859735492	0.9144	0.0022774691306	0.992239356
0.0020347182572	0.9144	0.003337615372	1.017704844
0.0014308062062	0.9144	0.004374316626	1.011183977
0.0009675767796	0.9144	0.0053816194882	0.964766026
0.0006332888528	0.9144	0.0063677201322	0.872081578
0.000416868102	0.9144	0.007352468785	0.730641425
0.0003142706694	0.9144	0.008336980532	0.539115369
0.0003248256648	0.9144	0.0093020250332	0.30082953
0.532472343486	0.9144	-0.0272356286376	0.129572421
0.0004477983932	0.9144	0.0102545225948	0.030473754
0.090031078002	0.9144	0.0323539027038	-0.879606545
0.0918850588254	0.9144	0.0323826133906	-0.872092247
0.0881115670328	0.9144	0.0323178402156	-0.887339056
0.0938318271188	0.9144	0.0324064249254	-0.864381671
0.095876003447	0.9144	0.0324247771366	-0.856417
0.098022438575	0.9144	0.0324367646412	-0.848219156
0.100276231477	0.9144	0.0324414518556	-0.839728355
0.102642705255	0.9144	0.0324380817836	-0.830973446
0.105127485757	0.9144	0.0324255795226	-0.821943581
0.107736435022	0.9144	0.0324028308	-0.812628686
0.110475730026	0.9144	0.0323687213178	-0.80300492
0.113351814165	0.9144	0.0323216796034	-0.793046296
0.116371506322	0.9144	0.0322607155648	-0.782779813
0.119541891777	0.9144	0.032183982114	-0.772218347
0.122870443438	0.9144	0.0320900500946	-0.761348009
0.126364997587	0.9144	0.0319770937038	-0.750149786
0.130033753775	0.9144	0.0318432689016	-0.738632739
0.133817897794	0.9144	0.031689420492	-0.727016032
0.137601375673	0.9144	0.0315200994184	-0.715558767
0.14138416318	0.9144	0.0313357992536	-0.70428586
0.145166211902	0.9144	0.0311369984066	-0.693214238
0.148947497558	0.9144	0.0309242055632	-0.682377756
0.152728008082	0.9144	0.0306978688556	-0.671726644
0.156507707126	0.9144	0.0304584363906	-0.661231935
0.16028657046	0.9144	0.0302063442354	-0.650895715
0.164064610199	0.9144	0.0299419405478	-0.640713871
0.167841777905	0.9144	0.0296655917482	-0.630676568
0.171618085668	0.9144	0.029377655113	-0.620777786
0.175393521399	0.9144	0.0290784425034	-0.611015499
0.179168085097	0.9144	0.0287683294076	-0.601410627
0.182941752531	0.9144	0.0284476307094	-0.591970205
0.1867145237	0.9144	0.0281166492276	-0.582677245
0.190486422836	0.9144	0.0277757028686	-0.573506832
0.194257425683	0.9144	0.027424967248	-0.564431131
0.198027520175	0.9144	0.0270647300208	-0.55541414
0.201796730518	0.9144	0.0266953151894	-0.546461999
0.205565044597	0.9144	0.0263169831546	-0.537629426
0.209332498733	0.9144	0.025929870162	-0.528895438
0.213099032399	0.9144	0.025534239635	-0.520309985
0.216864718238	0.9144	0.0251303807272	-0.511895895
0.220629532045	0.9144	0.0247184569892	-0.503599405
0.224393449587	0.9144	0.0242986107118	-0.495407552
0.228156519327	0.9144	0.023871167396	-0.48731035
0.231918741216	0.9144	0.0234362420784	-0.479276896
0.235680091098	0.9144	0.022993974078	-0.47128731
0.239440617359	0.9144	0.022544673732	-0.463376433
0.24320032005	0.9144	0.0220883955742	-0.455548257
0.246959174915	0.9144	0.0216253288092	-0.447789848
0.250717206185	0.9144	0.0211557202488	-0.440084249
0.254474438218	0.9144	0.020679563797	-0.432439417
0.258230846504	0.9144	0.0201971562274	-0.424878299
0.261986479582	0.9144	0.0197085974636	-0.417405874
0.265741313322	0.9144	0.019213954079	-0.410014153
0.269495372108	0.9144	0.0187134925704	-0.402694166
0.273248655432	0.9144	0.0182072189576	-0.395438969
0.277001163802	0.9144	0.0176953300906	-0.388239563
0.280752945478	0.9144	0.017177959167	-0.381094962
0.284503951946	0.9144	0.016655118328	-0.374000192
0.288254231974	0.9144	0.0161270588558	-0.366956234
0.29200376067	0.9144	0.0155937944156	-0.35998702
0.295752587056	0.9144	0.0150554445906	-0.353084564
0.299500686748	0.9144	0.0145121728806	-0.346228927
0.303248059746	0.9144	0.013963956578	-0.339410186
0.306994754564	0.9144	0.0134109925074	-0.33262828
0.310740746818	0.9144	0.0128533639554	-0.325882286
0.314486036762	0.9144	0.0122910542088	-0.319164157
0.318230672402	0.9144	0.011724258619	-0.312479913
0.321974605732	0.9144	0.0111530407622	-0.305832565
0.325717885012	0.9144	0.0105773869986	-0.299223065
0.329460486112	0.9144	0.0099974563322	-0.292669356
0.333202432908	0.9144	0.0094133198576	-0.286166489
0.336943725908	0.9144	0.008824973841	-0.279688507
0.340684389242	0.9144	0.0082325272738	-0.273230463
0.344424374142	0.9144	0.0076360482534	-0.266778409
0.348163753252	0.9144	0.0070355928376	-0.260316372
0.351902478566	0.9144	0.006431162525	-0.253855348
0.35564057396	0.9144	0.0058228462664	-0.24739632
0.359378039688	0.9144	0.0052106281614	-0.240940273
0.363114875496	0.9144	0.0045946648772	-0.234489202
0.366851105768	0.9144	0.0039749591316	-0.228044122
0.370586730504	0.9144	0.0033515392456	-0.221596047
0.374321725574	0.9144	0.0027244353182	-0.215140998
0.37805609047	0.9144	0.0020936837222	-0.208675981
0.381789850084	0.9144	0.00145932017	-0.20220001
0.385523003908	0.9144	0.0008213566504	-0.195709094
0.389255552196	0.9144	0.0001798299934	-0.189203218
0.392987494948	0.9144	-0.0004652424528	-0.182678416
0.396718808034	0.9144	-0.0011138296748	-0.176127702
0.40044951533	0.9144	-0.0017659265672	-0.169543117
0.40417961709	0.9144	-0.0024215061552	-0.162920669
0.407909113314	0.9144	-0.003080558736	-0.156253368
0.411637955488	0.9144	-0.0037430646754	-0.149533257
0.415366216256	0.9144	-0.0044090805138	-0.142750382
0.419093847358	0.9144	-0.0050785830102	-0.135897741
0.42282084854	0.9144	-0.0057515184182	-0.12897335
0.426547219802	0.9144	-0.006427871193	-0.121971242
0.430273009912	0.9144	-0.0071076322668	-0.114871487
0.433998121588	0.9144	-0.0077909829194	-0.107654147
0.437722603598	0.9144	-0.0084777551552	-0.100321218
0.441446455688	0.9144	-0.0091679246918	-0.092876688
0.445169629598	0.9144	-0.0098617057782	-0.085299626
0.448892173842	0.9144	-0.010558925796	-0.077582069
0.452614039652	0.9144	-0.0112596688192	-0.069717027
0.456335275542	0.9144	-0.011963939369	-0.061692562
0.460055784992	0.9144	-0.0126718040442	-0.0534967
0.463775664522	0.9144	-0.0133831614226	-0.045123473
0.467494817358	0.9144	-0.0140982401042	-0.036560915
0.471213292014	0.9144	-0.014816909914	-0.027805043
0.474931039722	0.9144	-0.0155392162418	-0.018843904
0.47864806099	0.9144	-0.0162652241878	-0.009643614
0.482364403824	0.9144	-0.0169949488904	-0.000169299
0.48607992319	0.9144	-0.0177284645684	0.009606943
0.489794764376	0.9144	-0.0184657711964	0.01970803
0.49350878184	0.9144	-0.019206868749	0.03015987
0.49722207261	0.9144	-0.0199519177542	0.040998332
0.500934539912	0.9144	-0.020700837948	0.052260295
0.504646231752	0.9144	-0.0214538654996	0.063982613
0.508357051864	0.9144	-0.0222107657638	0.076208152
0.512067096768	0.9144	-0.0229717234494	0.088984728
0.515776269436	0.9144	-0.0237368566156	0.102361172
0.51948461889	0.9144	-0.0245061016862	0.116388299
0.523192047594	0.9144	-0.0252796312542	0.131044179
0.52689342043	0.9144	-0.0260564582248	0.144776359
0.529206360686	0.9144	-0.026544001141	0.154901356
0.530651718222	0.9144	-0.0268496783554	0.160952851
0.531555005976	0.9144	-0.027041072918	0.164072752
0.532119555012	0.9144	-0.0271607482692	0.167471662
0.0006845372898	0.9144	0.011210761932	-0.252748281
0.001032922623	0.9144	0.0121516678988	-0.527912974
0.0014969343696	0.9144	0.0130772177622	-0.773702085
0.0020912946744	0.9144	0.0140074147588	-0.978857696
0.002827733232	0.9144	0.0149468483892	-1.143361807
0.0037124592502	0.9144	0.0158891040358	-1.270172954
0.0047543386244	0.9144	0.0168300304242	-1.361357689
0.005990826728	0.9144	0.017789699625	-1.420510411
0.0074160966486	0.9144	0.0187503665124	-1.453647614
0.0090480434482	0.9144	0.0197103612142	-1.464943409
0.0107514225408	0.9144	0.0205959933266	-1.461889267
0.0124920707486	0.9144	0.0214059229996	-1.44905591
0.0142618308362	0.9144	0.022150096924	-1.427792549
0.0160541269722	0.9144	0.0228382211002	-1.404729486
0.0178647767926	0.9144	0.023476493687	-1.381979465
0.0196905026306	0.9144	0.0240702695124	-1.359277129
0.02152851422	0.9144	0.0246248474482	-1.337470651
0.0233768495124	0.9144	0.0251439821478	-1.316602826
0.0252340066312	0.9144	0.0256306151598	-1.295760989
0.0270986759778	0.9144	0.0260876124678	-1.275014758
0.028969710031	0.9144	0.0265178187702	-1.2553128
0.0308463124246	0.9144	0.026923050802	-1.236784697
0.0327277927866	0.9144	0.0273049860808	-1.218877316
0.034613539485	0.9144	0.0276652626526	-1.201446295
0.0365029923482	0.9144	0.028005573148	-1.184734702
0.0383957456366	0.9144	0.0283270227718	-1.168822289
0.0402914420484	0.9144	0.0286306318928	-1.153465867
0.042189757632	0.9144	0.0289174149108	-1.138525963
0.0440903956138	0.9144	0.0291883740082	-1.12413919
0.0459930956184	0.9144	0.0294444478928	-1.110401034
0.0478976759342	0.9144	0.0296861543182	-1.097166061
0.0498039307196	0.9144	0.0299142593484	-1.084314704
0.0517116994466	0.9144	0.0301293503838	-1.071847081
0.0536208246606	0.9144	0.0303320542202	-1.059759974
0.0555311671188	0.9144	0.0305229643032	-1.048075557
0.0574426056886	0.9144	0.0307024924684	-1.036759853
0.0593550495142	0.9144	0.0308710565458	-1.02572906
0.0612683896042	0.9144	0.0310290865066	-1.014945388
0.0631825411734	0.9144	0.031176976	-1.004422784
0.065097419462	0.9144	0.0313151337374	-0.99418515
0.0670129457046	0.9144	0.0314439412776	-0.984233558
0.0689290714634	0.9144	0.0315635893746	-0.974514127
0.0708457240944	0.9144	0.0316744595618	-0.964982986
0.0727628490892	0.9144	0.0317767546582	-0.955642223
0.0746803979846	0.9144	0.0318708471548	-0.946511686
0.0765983223428	0.9144	0.0319569641022	-0.937597394
0.0785165797712	0.9144	0.0320352932572	-0.928859413
0.0804351278772	0.9144	0.0321060708144	-0.920267999
0.082353936384	0.9144	0.0321695147312	-0.911808074
0.084272962899	0.9144	0.0322257431176	-0.903484643
0.086192183216	0.9144	0.0322752102018	-0.895341575
