#+++++++++++++++++++++++++++++++++++++++++++++++++++++++++++++++++++++++++++++++++++++++++++++++++++++++++++++++++++++++++++++++++
#
#   IPW-3 Cut/Slice DATA SUBMITTAL FORM for Test Case NACA0012_AE3932, May 18th 2026
#
#       NOMENCLATURE:
#                  X [m]:  X-coordinate of the surface (clean for reference)
#                  Y [m]:  Y-coordinate of the surface (clean for reference)
#                  Z [m]:  Z-coordinate of the surface (clean for reference)
#            HTC [W/m2K]:  Convective Heat Transfer Coefficient (on the rough surface)
#               Beta [-]:  Collection efficiency
#                 Ts [K]:  Surface temperature
#                 FF [-]:  Freezing fraction
#                  k [m]:  Surface roughness height if variable (OPTIONAL)
#         RhoIce [kg/m3]:  Ice density (OPTIONAL)
#      HTC_CLEAN [W/m2K]:  Convective Heat Transfer Coefficient on the surface without roughness (OPTIONAL)
#
#                XXmm:  Roughness height used for the case, in mm.
#                       In the zone name, use the format KS_XXmm.
#                       For example, if k_s = 1.5 mm, use KS_1p5mm. 
#                       For Variable roughness, use KS_VAR
#
#    FLOW CONDITIONS:
#                                   AOA: 4.0 deg
#                           Mach Number: 0.3151 [-]
#       Mean aerodynamic chord (M.A.C.): 0.5334 [m]
#                       Reynolds Number: 3.9795 million (based on MAC)
#                       Freestream Temp: 267.55 [K]
#                        Reference area: 0.97548 [m2]
#               Moment Reference Center: 0.13335, 0, 0 [m] (X, Y, Z)
#
#    ICING CONDITIONS:
#                           Icing Time: 420 [s]
#                                  LWC: 0.55 [g/m3]
#                                  MVD: 20 [μm]
#
#              NOTES: 1. Please use at least 5 decimal places in the numerical values
#                     2. If data are NOT provided, please fill data fields with a numerical value of "-999" 
#
#++++++++++++++++++++++++++++++++++++++++++++++++++++++++++++++++++++++++++++++++++++++++++++++++++++++++++++++++++++

                                                    <- Optional ->                 
VARIABLES = "X" "Y" "Z" "Beta" "HTC_CLEAN" "HTC" "Ts" "FF" "k"

ZONE T="SLICE_Y_0p9144_BINS15_KS_VAR_CUTDATA"

0.399422519	0.9144	-0.00158598	0	149.2701433	149.2701433	267.1007435	-1	0
0.396882873	0.9144	-0.001142424	0	150.3559478	150.3559478	267.0989678	-1	0
0.396882776	0.9144	-0.001142407	0	150.3559892	150.3559892	267.0989678	-1	0
0.394342839	0.9144	-0.000700386	0	151.4474731	151.4474731	267.0971983	-1	0
0.394342742	0.9144	-0.000700369	0	151.4475148	151.4475148	267.0971982	-1	0
0.391802538	0.9144	-0.000259971	0	152.5384732	152.5384732	267.0954348	-1	0
0.391802441	0.9144	-0.000259954	0	152.5385149	152.5385149	267.0954348	-1	0
0.391802344	0.9144	-0.000259937	0	152.5385559	152.5385559	267.0954347	-1	0
0.389261826	0.9144	0.000178747	0	153.6130473	153.6130473	267.0936772	-1	0
0.389261729	0.9144	0.000178764	0	153.6130886	153.6130886	267.0936772	-1	0
0.386720969	0.9144	0.000615925	0	154.6949124	154.6949124	267.0919255	-1	0
0.384179893	0.9144	0.001051331	0	155.7407862	155.7407862	267.0901783	-1	0
0.384179796	0.9144	0.001051347	0	155.7408261	155.7408261	267.0901782	-1	0
0.381638454	0.9144	0.001485123	0	156.8077918	156.8077918	267.0884339	-1	0
0.381638357	0.9144	0.00148514	0	156.8078325	156.8078325	267.0884338	-1	0
0.379096749	0.9144	0.001917362	0	157.8930047	157.8930047	267.0866939	-1	0
0.379096652	0.9144	0.001917378	0	157.8930461	157.8930461	267.0866938	-1	0
0.376554729	0.9144	0.002347737	0	158.9021205	158.9021205	267.0849576	-1	0
0.376554632	0.9144	0.002347753	0	158.902159	158.902159	267.0849575	-1	0
0.374012418	0.9144	0.00277652	0	159.9521847	159.9521847	267.0832216	-1	0
0.374012321	0.9144	0.002776536	0	159.9522248	159.9522248	267.0832216	-1	0
0.371469865	0.9144	0.003203719	0	161.0411216	161.0411216	267.0814874	-1	0
0.371469768	0.9144	0.003203735	0	161.0411632	161.0411632	267.0814874	-1	0
0.368926972	0.9144	0.00362901	0	162.0403129	162.0403129	267.0797554	-1	0
0.368926875	0.9144	0.003629026	0	162.0403511	162.0403511	267.0797554	-1	0
0.368926778	0.9144	0.003629042	0	162.0403907	162.0403907	267.0797553	-1	0
0.366383717	0.9144	0.0040527	0	163.0798001	163.0798001	267.0780224	-1	0
0.36638362	0.9144	0.004052717	0	163.0798417	163.0798417	267.0780224	-1	0
0.363840316	0.9144	0.00447475	0	164.1705102	164.1705102	267.0762897	-1	0
0.361296673	0.9144	0.004894861	0	165.1680697	165.1680697	267.0745583	-1	0
0.361296576	0.9144	0.004894877	0	165.1681078	165.1681078	267.0745582	-1	0
0.358752642	0.9144	0.005313304	0	166.1787911	166.1787911	267.0728235	-1	0
0.358752545	0.9144	0.00531332	0	166.1788336	166.1788336	267.0728235	-1	0
0.356208345	0.9144	0.005730111	0	167.2624834	167.2624834	267.071084	-1	0
0.356208248	0.9144	0.005730127	0	167.262521	167.262521	267.0710839	-1	0
0.356208151	0.9144	0.005730143	0	167.2625573	167.2625573	267.0710838	-1	0
0.35366366	0.9144	0.006145045	0	168.3191441	168.3191441	267.0693434	-1	0
0.353663563	0.9144	0.00614506	0	168.319187	168.319187	267.0693433	-1	0
0.351118781	0.9144	0.006558206	0	169.3484328	169.3484328	267.0676026	-1	0
0.348573685	0.9144	0.006969486	0	170.3879354	170.3879354	267.0658597	-1	0
0.348573588	0.9144	0.006969502	0	170.3879751	170.3879751	267.0658596	-1	0
0.346028225	0.9144	0.007379012	0	171.4388807	171.4388807	267.0641129	-1	0
0.346028128	0.9144	0.007379027	0	171.4389209	171.4389209	267.0641128	-1	0
0.346028031	0.9144	0.007379043	0	171.438961	171.438961	267.0641127	-1	0
0.343482353	0.9144	0.007786675	0	172.492135	172.492135	267.0623622	-1	0
0.343482256	0.9144	0.00778669	0	172.4921752	172.4921752	267.0623621	-1	0
0.340936287	0.9144	0.008192492	0	173.5464444	173.5464444	267.0606075	-1	0
0.338390028	0.9144	0.008596406	0	174.6017189	174.6017189	267.0588485	-1	0
0.338389931	0.9144	0.008596421	0	174.6017592	174.6017592	267.0588484	-1	0
0.335843357	0.9144	0.008998441	0	175.6604533	175.6604533	267.057085	-1	0
0.33584326	0.9144	0.008998457	0	175.6604937	175.6604937	267.0570849	-1	0
0.333296396	0.9144	0.009398584	0	176.7246604	176.7246604	267.0553166	-1	0
0.333296298	0.9144	0.009398599	0	176.724701	176.724701	267.0553165	-1	0
0.330749143	0.9144	0.009796769	0	177.7911208	177.7911208	267.0535433	-1	0
0.330749046	0.9144	0.009796784	0	177.7911615	177.7911615	267.0535432	-1	0
0.328201576	0.9144	0.010193035	0	178.8611585	178.8611585	267.0517648	-1	0
0.328201479	0.9144	0.010193051	0	178.8611993	178.8611993	267.0517647	-1	0
0.328201381	0.9144	0.010193066	0	178.8612403	178.8612403	267.0517646	-1	0
0.325653596	0.9144	0.010587306	0	179.9352722	179.9352722	267.049981	-1	0
0.323105521	0.9144	0.010979594	0	181.0113742	181.0113742	267.0481911	-1	0
0.323105423	0.9144	0.010979609	0	181.0114153	181.0114153	267.048191	-1	0
0.323105326	0.9144	0.010979623	0	181.0114565	181.0114565	267.048191	-1	0
0.320556911	0.9144	0.011369846	0	182.0923225	182.0923225	267.0463955	-1	0
0.318008206	0.9144	0.011758081	0	183.1773268	183.1773268	267.0445937	-1	0
0.318008109	0.9144	0.011758096	0	183.1773682	183.1773682	267.0445937	-1	0
0.315459088	0.9144	0.012144209	0	184.2659192	184.2659192	267.0427873	-1	0
0.315458991	0.9144	0.012144224	0	184.2659608	184.2659608	267.0427872	-1	0
0.315458894	0.9144	0.012144238	0	184.2660063	184.2660063	267.0427871	-1	0
0.312909558	0.9144	0.012528325	0	185.3576293	185.3576293	267.0409782	-1	0
0.310359908	0.9144	0.012910239	0	186.4438339	186.4438339	267.0391658	-1	0
0.310359811	0.9144	0.012910254	0	186.4438714	186.4438714	267.0391657	-1	0
0.310359714	0.9144	0.012910268	0	186.4439088	186.4439088	267.0391657	-1	0
0.307809748	0.9144	0.013290092	0	187.5275552	187.5275552	267.0373482	-1	0
0.305259444	0.9144	0.013667705	0	188.6126883	188.6126883	267.0355227	-1	0
0.305259347	0.9144	0.013667719	0	188.6127376	188.6127376	267.0355227	-1	0
0.302708728	0.9144	0.014043175	0	189.7012225	189.7012225	267.033689	-1	0
0.302708631	0.9144	0.01404319	0	189.7012601	189.7012601	267.0336889	-1	0
0.302708533	0.9144	0.014043204	0	189.7012978	189.7012978	267.0336889	-1	0
0.300157575	0.9144	0.014416403	0	190.7925478	190.7925478	267.0318462	-1	0
0.300157478	0.9144	0.014416417	0	190.7925936	190.7925936	267.0318461	-1	0
0.297606205	0.9144	0.014787392	0	191.889996	191.889996	267.0299914	-1	0
0.295054617	0.9144	0.015156072	0	192.9974587	192.9974587	267.0281224	-1	0
0.295054519	0.9144	0.015156086	0	192.997501	192.997501	267.0281223	-1	0
0.292502568	0.9144	0.015522455	0	194.1189063	194.1189063	267.0262401	-1	0
0.292502471	0.9144	0.015522469	0	194.1189532	194.1189532	267.02624	-1	0
0.289950204	0.9144	0.015886503	0	195.2504052	195.2504052	267.0243469	-1	0
0.289950107	0.9144	0.015886517	0	195.25045	195.25045	267.0243469	-1	0
0.287397502	0.9144	0.01624815	0	196.3867304	196.3867304	267.0224438	-1	0
0.287397404	0.9144	0.016248163	0	196.386768	196.386768	267.0224437	-1	0
0.284844436	0.9144	0.016607421	0	197.5280581	197.5280581	267.0205303	-1	0
0.284844338	0.9144	0.016607435	0	197.5281058	197.5281058	267.0205303	-1	0
0.282291055	0.9144	0.016964205	0	198.680604	198.680604	267.0186063	-1	0
0.282290957	0.9144	0.016964219	0	198.6806437	198.6806437	267.0186062	-1	0
0.28229086	0.9144	0.016964232	0	198.6806838	198.6806838	267.0186062	-1	0
0.279737213	0.9144	0.017318589	0	199.8413994	199.8413994	267.0166722	-1	0
0.279737116	0.9144	0.017318603	0	199.8414479	199.8414479	267.0166722	-1	0
0.27718313	0.9144	0.017670359	0	201.0028907	201.0028907	267.0147284	-1	0
0.274628804	0.9144	0.018019647	0	202.1724747	202.1724747	267.0127745	-1	0
0.274628707	0.9144	0.018019661	0	202.1725193	202.1725193	267.0127745	-1	0
0.272073994	0.9144	0.018366273	0	203.3445513	203.3445513	267.0108108	-1	0
0.272073897	0.9144	0.018366286	0	203.3446003	203.3446003	267.0108107	-1	0
0.269518869	0.9144	0.018710338	0	204.5226695	204.5226695	267.0088362	-1	0
0.269518772	0.9144	0.018710351	0	204.5227102	204.5227102	267.0088361	-1	0
0.269518674	0.9144	0.018710364	0	204.5227512	204.5227512	267.008836	-1	0
0.266963259	0.9144	0.0190517	0	205.7098126	205.7098126	267.00685	-1	0
0.264407505	0.9144	0.019390364	0	206.905327	206.905327	267.0048499	-1	0
0.264407407	0.9144	0.019390377	0	206.905377	206.905377	267.0048499	-1	0
0.261851266	0.9144	0.019726275	0	208.114422	208.114422	267.0028337	-1	0
0.261851168	0.9144	0.019726288	0	208.1144726	208.1144726	267.0028336	-1	0
0.259294687	0.9144	0.020059388	0	209.3410561	209.3410561	267.0008002	-1	0
0.25929459	0.9144	0.020059401	0	209.3411047	209.3411047	267.0008001	-1	0
0.256737721	0.9144	0.020389681	0	210.5858522	210.5858522	266.9987514	-1	0
0.256737624	0.9144	0.020389694	0	210.5858935	210.5858935	266.9987514	-1	0
0.254180392	0.9144	0.020717055	0	211.8484711	211.8484711	266.9966886	-1	0
0.254180294	0.9144	0.020717068	0	211.8485239	211.8485239	266.9966885	-1	0
0.251622699	0.9144	0.021041563	0	213.1264327	213.1264327	266.994612	-1	0
0.251622602	0.9144	0.021041575	0	213.1264767	213.1264767	266.9946119	-1	0
0.251622504	0.9144	0.021041588	0	213.1265214	213.1265214	266.9946118	-1	0
0.249064521	0.9144	0.021363031	0	214.4199511	214.4199511	266.9925223	-1	0
0.249064424	0.9144	0.021363043	0	214.4200057	214.4200057	266.9925222	-1	0
0.246506053	0.9144	0.02168156	0	215.7291463	215.7291463	266.9904194	-1	0
0.24394732	0.9144	0.021996894	0	217.0459432	217.0459432	266.988303	-1	0
0.243947222	0.9144	0.021996906	0	217.0459934	217.0459934	266.9883029	-1	0
0.241388101	0.9144	0.022309223	0	218.3767363	218.3767363	266.986173	-1	0
0.241388003	0.9144	0.022309235	0	218.376787	218.376787	266.9861729	-1	0
0.238828495	0.9144	0.022618269	0	219.7175596	219.7175596	266.9840286	-1	0
0.238828397	0.9144	0.022618281	0	219.7176107	219.7176107	266.9840285	-1	0
0.236268501	0.9144	0.022924184	0	221.0735618	221.0735618	266.9818689	-1	0
0.236268403	0.9144	0.022924196	0	221.0736135	221.0736135	266.9818688	-1	0
0.233708119	0.9144	0.023226737	0	222.4481678	222.4481678	266.979693	-1	0
0.233708022	0.9144	0.023226748	0	222.4482202	222.4482202	266.9796929	-1	0
0.23114735	0.9144	0.023526028	0	223.8389346	223.8389346	266.9775	-1	0
0.231147252	0.9144	0.023526039	0	223.8389876	223.8389876	266.9774999	-1	0
0.228586169	0.9144	0.023821859	0	225.2485815	225.2485815	266.9752884	-1	0
0.228586072	0.9144	0.02382187	0	225.2486353	225.2486353	266.9752883	-1	0
0.228585974	0.9144	0.023821881	0	225.248695	225.248695	266.9752882	-1	0
0.226024503	0.9144	0.024114308	0	226.6791638	226.6791638	266.9730582	-1	0
0.223462645	0.9144	0.024403163	0	228.1293682	228.1293682	266.9708094	-1	0
0.223462547	0.9144	0.024403174	0	228.1294183	228.1294183	266.9708094	-1	0
0.223462449	0.9144	0.024403185	0	228.129469	228.129469	266.9708093	-1	0
0.220900179	0.9144	0.024688518	0	229.5995278	229.5995278	266.9685452	-1	0
0.218337497	0.9144	0.024970172	0	231.087698	231.087698	266.9662646	-1	0
0.2183374	0.9144	0.024970183	0	231.0877601	231.0877601	266.9662645	-1	0
0.21577433	0.9144	0.025248188	0	232.5896356	232.5896356	266.9639661	-1	0
0.215774232	0.9144	0.025248198	0	232.589693	232.589693	266.963966	-1	0
0.215774135	0.9144	0.025248209	0	232.5897566	232.5897566	266.9639659	-1	0
0.213210653	0.9144	0.025522391	0	234.1124798	234.1124798	266.9616492	-1	0
0.210646785	0.9144	0.025792813	0	235.6535452	235.6535452	266.9593125	-1	0
0.210646687	0.9144	0.025792824	0	235.6535984	235.6535984	266.9593124	-1	0
0.210646589	0.9144	0.025792834	0	235.6536522	235.6536522	266.9593123	-1	0
0.208082284	0.9144	0.026059262	0	237.2131003	237.2131003	266.9569573	-1	0
0.205517592	0.9144	0.026321818	0	238.7862926	238.7862926	266.9545848	-1	0
0.205517494	0.9144	0.026321828	0	238.7863641	238.7863641	266.9545847	-1	0
0.202952366	0.9144	0.026580223	0	240.3772	240.3772	266.9521978	-1	0
0.202952268	0.9144	0.026580233	0	240.3772549	240.3772549	266.9521977	-1	0
0.20295217	0.9144	0.026580243	0	240.3773104	240.3773104	266.9521976	-1	0
0.200386654	0.9144	0.02683466	0	241.9837995	241.9837995	266.9497962	-1	0
0.197820715	0.9144	0.027084729	0	243.5785365	243.5785365	266.9473763	-1	0
0.197820617	0.9144	0.027084738	0	243.5786032	243.5786032	266.9473762	-1	0
0.195254265	0.9144	0.027330644	0	245.1859603	245.1859603	266.9449367	-1	0
0.195254167	0.9144	0.027330654	0	245.1860217	245.1860217	266.9449366	-1	0
0.192687392	0.9144	0.027572133	0	246.8140147	246.8140147	266.9424733	-1	0
0.192687294	0.9144	0.027572142	0	246.8140768	246.8140768	266.9424732	-1	0
0.190120119	0.9144	0.027809216	0	248.4624752	248.4624752	266.9399759	-1	0
0.190120021	0.9144	0.027809225	0	248.462538	248.462538	266.9399758	-1	0
0.187552422	0.9144	0.02804179	0	250.1399372	250.1399372	266.9374366	-1	0
0.187552324	0.9144	0.028041799	0	250.1400074	250.1400074	266.9374365	-1	0
0.184984325	0.9144	0.028269708	0	251.8788869	251.8788869	266.9348602	-1	0
0.184984227	0.9144	0.028269716	0	251.8789468	251.8789468	266.9348601	-1	0
0.184984129	0.9144	0.028269725	0	251.8790087	251.8790087	266.93486	-1	0
0.182415707	0.9144	0.028493043	0	253.6669315	253.6669315	266.9322567	-1	0
0.182415609	0.9144	0.028493052	0	253.6670053	253.6670053	266.9322566	-1	0
0.179846774	0.9144	0.028711432	0	255.4328902	255.4328902	266.9296304	-1	0
0.177277528	0.9144	0.028925004	0	257.2437562	257.2437562	266.9269857	-1	0
0.17727743	0.9144	0.028925012	0	257.2438253	257.2438253	266.9269856	-1	0
0.174707784	0.9144	0.029133624	0	259.0780381	259.0780381	266.9243253	-1	0
0.174707686	0.9144	0.029133632	0	259.0781081	259.0781081	266.9243251	-1	0
0.172137629	0.9144	0.029337067	0	260.8908306	260.8908306	266.9216432	-1	0
0.172137531	0.9144	0.029337075	0	260.8909065	260.8909065	266.9216431	-1	0
0.169567061	0.9144	0.029535435	0	262.7736031	262.7736031	266.9189352	-1	0
0.169566963	0.9144	0.029535443	0	262.7736682	262.7736682	266.9189351	-1	0
0.169566865	0.9144	0.02953545	0	262.7737406	262.7737406	266.918935	-1	0
0.166995996	0.9144	0.029728466	0	264.6740146	264.6740146	266.9162033	-1	0
0.164424727	0.9144	0.029916045	0	266.5771165	266.5771165	266.9134444	-1	0
0.164424629	0.9144	0.029916052	0	266.5771989	266.5771989	266.9134443	-1	0
0.164424531	0.9144	0.029916059	0	266.5772655	266.5772655	266.9134442	-1	0
0.161852875	0.9144	0.030098193	0	268.5784133	268.5784133	266.9106578	-1	0
0.159280819	0.9144	0.030274681	0	270.5871189	270.5871189	266.9078458	-1	0
0.159280721	0.9144	0.030274687	0	270.5871956	270.5871956	266.9078457	-1	0
0.159280623	0.9144	0.030274694	0	270.5872708	270.5872708	266.9078455	-1	0
0.156708167	0.9144	0.03044535	0	272.5583971	272.5583971	266.905005	-1	0
0.156708069	0.9144	0.030445356	0	272.5584767	272.5584767	266.9050048	-1	0
0.15413525	0.9144	0.030610226	0	274.6447619	274.6447619	266.9021262	-1	0
0.151562044	0.9144	0.03076914	0	276.8245222	276.8245222	266.8992107	-1	0
0.151561946	0.9144	0.030769146	0	276.8246054	276.8246054	266.8992106	-1	0
0.148988376	0.9144	0.030921817	0	278.9591777	278.9591777	266.8962629	-1	0
0.148988278	0.9144	0.030921823	0	278.9592591	278.9592591	266.8962628	-1	0
0.146414332	0.9144	0.031068229	0	281.1081979	281.1081979	266.8932767	-1	0
0.146414234	0.9144	0.031068234	0	281.1082799	281.1082799	266.8932766	-1	0
0.146414136	0.9144	0.03106824	0	281.1083663	281.1083663	266.8932765	-1	0
0.143839839	0.9144	0.031208273	0	283.3751119	283.3751119	266.8902462	-1	0
0.141265192	0.9144	0.031341796	0	285.7324812	285.7324812	266.8871737	-1	0
0.141265093	0.9144	0.031341801	0	285.7325712	285.7325712	266.8871735	-1	0
0.141264995	0.9144	0.031341805	0	285.7326614	285.7326614	266.8871734	-1	0
0.138690008	0.9144	0.031468582	0	288.0989991	288.0989991	266.8840678	-1	0
0.136114695	0.9144	0.031588447	0	290.4654079	290.4654079	266.8809288	-1	0
0.136114596	0.9144	0.031588452	0	290.4654983	290.4654983	266.8809287	-1	0
0.133538968	0.9144	0.031701298	0	292.8799569	292.8799569	266.8777517	-1	0
0.133538869	0.9144	0.031701302	0	292.8800491	292.8800491	266.8777515	-1	0
0.133538771	0.9144	0.031701306	0	292.8801303	292.8801303	266.8777514	-1	0
0.130962827	0.9144	0.031806961	0	295.3428863	295.3428863	266.8745328	-1	0
0.130962729	0.9144	0.031806965	0	295.3429854	295.3429854	266.8745327	-1	0
0.128386507	0.9144	0.031905259	0	297.8482507	297.8482507	266.8712688	-1	0
0.125810006	0.9144	0.031996024	0	300.4004198	300.4004198	266.8679568	-1	0
0.125809908	0.9144	0.031996027	0	300.4005263	300.4005263	266.8679566	-1	0
0.123233141	0.9144	0.032079034	0	302.9911224	302.9911224	266.8645939	-1	0
0.123233042	0.9144	0.032079038	0	302.9912212	302.9912212	266.8645937	-1	0
0.120656033	0.9144	0.032154097	0	305.6593526	305.6593526	266.8611752	-1	0
0.120655935	0.9144	0.0321541	0	305.6594544	305.6594544	266.8611751	-1	0
0.118078695	0.9144	0.032220999	0	308.4584606	308.4584606	266.8577014	-1	0
0.118078597	0.9144	0.032221001	0	308.4585778	308.4585778	266.8577013	-1	0
0.115501151	0.9144	0.032279523	0	311.3095196	311.3095196	266.8541757	-1	0
0.115501053	0.9144	0.032279525	0	311.3096323	311.3096323	266.8541756	-1	0
0.112919163	0.9144	0.032329517	0	314.0737854	314.0737854	266.8506346	-1	0
0.112919064	0.9144	0.032329519	0	314.0738763	314.0738763	266.8506345	-1	0
0.11045997	0.9144	0.032368941	0	316.7088432	316.7088432	266.8471623	-1	0
0.110459876	0.9144	0.032368942	0	316.7089438	316.7089438	266.8471621	-1	0
0.108117775	0.9144	0.032398739	0	319.2584579	319.2584579	266.8438105	-1	0
0.108117686	0.9144	0.03239874	0	319.2585421	319.2585421	266.8438104	-1	0
0.108117601	0.9144	0.032398741	0	319.2586542	319.2586542	266.8438102	-1	0
0.105886948	0.9144	0.03241996	0	321.8529732	321.8529732	266.8405742	-1	0
0.103762461	0.9144	0.032433645	0	324.4376186	324.4376186	266.8374438	-1	0
0.10376238	0.9144	0.032433646	0	324.4377301	324.4377301	266.8374436	-1	0
0.101739034	0.9144	0.032440359	0	326.8925823	326.8925823	266.8344193	-1	0
0.101738957	0.9144	0.032440359	0	326.892663	326.892663	266.8344192	-1	0
0.09981195	0.9144	0.032441167	0	329.3409237	329.3409237	266.8314978	-1	0
0.099811876	0.9144	0.032441167	0	329.3410171	329.3410171	266.8314977	-1	0
0.09797663	0.9144	0.032436565	0	331.7289637	331.7289637	266.8286783	-1	0
0.09797656	0.9144	0.032436565	0	331.7290548	331.7290548	266.8286782	-1	0
0.096228732	0.9144	0.032427206	0	333.9458248	333.9458248	266.8259598	-1	0
0.096228665	0.9144	0.032427206	0	333.9459094	333.9459094	266.8259597	-1	0
0.094564095	0.9144	0.032413768	0	336.0727271	336.0727271	266.8233285	-1	0
0.094564032	0.9144	0.032413768	0	336.0728082	336.0728082	266.8233284	-1	0
0.092978766	0.9144	0.032396742	0	338.206699	338.206699	266.8207729	-1	0
0.092978706	0.9144	0.032396742	0	338.2067804	338.2067804	266.8207728	-1	0
0.091468978	0.9144	0.032376716	0	340.3655319	340.3655319	266.8183041	-1	0
0.09146892	0.9144	0.032376715	0	340.3656143	340.3656143	266.818304	-1	0
0.090031133	0.9144	0.032353904	0	342.4862406	342.4862406	266.8159082	-1	0
0.090031078	0.9144	0.032353903	0	342.4863215	342.4863215	266.8159081	-1	0
0.090031023	0.9144	0.032353902	0	342.4863914	342.4863914	266.815908	-1	0
0.088592273	0.9144	0.032327499	0	344.8170079	344.8170079	266.8132861	-1	0
0.088592218	0.9144	0.032327498	0	344.8170925	344.8170925	266.813286	-1	0
0.087153534	0.9144	0.03229739	0	347.0249327	347.0249327	266.8107604	-1	0
0.085714936	0.9144	0.032263557	0	348.7593859	348.7593859	266.8086206	-1	0
0.085714881	0.9144	0.032263556	0	348.7594707	348.7594707	266.8086205	-1	0
0.084276379	0.9144	0.032225835	0	350.7974111	350.7974111	266.8061106	-1	0
0.084276324	0.9144	0.032225834	0	350.7974888	350.7974888	266.8061105	-1	0
0.082837925	0.9144	0.032184392	0	353.0459043	353.0459043	266.8035526	-1	0
0.08283787	0.9144	0.032184391	0	353.0459901	353.0459901	266.8035525	-1	0
0.081399598	0.9144	0.032138889	0	355.3312083	355.3312083	266.8009633	-1	0
0.081399543	0.9144	0.032138887	0	355.3312955	355.3312955	266.8009632	-1	0
0.079961399	0.9144	0.03208931	0	357.5559489	357.5559489	266.7983519	-1	0
0.079961344	0.9144	0.032089308	0	357.5560337	357.5560337	266.7983518	-1	0
0.078523351	0.9144	0.032035553	0	359.8183376	359.8183376	266.7957126	-1	0
0.078523296	0.9144	0.032035551	0	359.8184239	359.8184239	266.7957125	-1	0
0.077085472	0.9144	0.031977559	0	362.1307577	362.1307577	266.7930363	-1	0
0.077085417	0.9144	0.031977557	0	362.1308459	362.1308459	266.7930362	-1	0
0.075647769	0.9144	0.031915242	0	364.4959799	364.4959799	266.7903151	-1	0
0.075647714	0.9144	0.031915239	0	364.4960701	364.4960701	266.790315	-1	0
0.074210266	0.9144	0.031848516	0	366.9320428	366.9320428	266.7875445	-1	0
0.074210211	0.9144	0.031848513	0	366.9321358	366.9321358	266.7875444	-1	0
0.072772981	0.9144	0.031777272	0	369.4577759	369.4577759	266.7847233	-1	0
0.072772926	0.9144	0.031777269	0	369.4578723	369.4578723	266.7847232	-1	0
0.071335926	0.9144	0.031701408	0	372.0728611	372.0728611	266.7818525	-1	0
0.071335871	0.9144	0.031701405	0	372.0729608	372.0729608	266.7818524	-1	0
0.069899137	0.9144	0.03162079	0	374.7234945	374.7234945	266.7789338	-1	0
0.069899083	0.9144	0.031620787	0	374.7235956	374.7235956	266.7789337	-1	0
0.068462627	0.9144	0.031535306	0	377.4128173	377.4128173	266.7759705	-1	0
0.068462573	0.9144	0.031535303	0	377.4129199	377.4129199	266.7759704	-1	0
0.067026426	0.9144	0.03144482	0	380.1622046	380.1622046	266.7729657	-1	0
0.067026371	0.9144	0.031444816	0	380.1623096	380.1623096	266.7729656	-1	0
0.065590552	0.9144	0.031349195	0	382.9303043	382.9303043	266.7699144	-1	0
0.065590497	0.9144	0.031349192	0	382.9304099	382.9304099	266.7699143	-1	0
0.064155041	0.9144	0.031248333	8.94755E-05	385.748065	385.748065	266.7703062	-3.81E-05	1.85506e-06
0.064154987	0.9144	0.031248329	8.94778E-05	385.7481725	385.7481725	266.7703061	-1.27E-05	1.85511e-06
0.062719918	0.9144	0.031142117	0.000138047	388.7144832	388.7144832	266.7690159	0.333308	2.86411e-06
0.062719864	0.9144	0.031142113	0.00013805	388.7145964	388.7145964	266.7690159	0.333333	2.86417e-06
0.061285207	0.9144	0.031030423	0.000109079	391.8345233	391.8345233	266.7645849	0.666654	2.27778e-06
0.061285152	0.9144	0.031030419	0.00010908	391.8346424	391.8346424	266.7645849	0.666679	2.2778e-06
0.059850956	0.9144	0.030912995	0.00014572	395.0399203	395.0399203	266.7626639	0.333359	3.04658e-06
0.059850901	0.9144	0.03091299	0.00014572	395.0400426	395.0400426	266.7626638	0.333346	3.04657e-06
0.058417189	0.9144	0.030789741	0.000139756	398.2554588	398.2554588	266.7589993	0.333346	2.94256e-06
0.058417134	0.9144	0.030789736	0.000139758	398.2555815	398.2555815	266.7589993	0.333346	2.94259e-06
0.056983961	0.9144	0.03066044	0.000230935	401.464891	401.464891	266.7590115	0.999987	4.87525e-06
0.056983907	0.9144	0.030660435	0.000230936	401.4650134	401.4650134	266.7590114	1	4.87528e-06
0.055551303	0.9144	0.030524913	0.000242866	404.7676489	404.7676489	266.7558932	1	5.14884e-06
0.055551248	0.9144	0.030524908	0.000242866	404.7677749	404.7677749	266.7558931	1	5.14885e-06
0.054119268	0.9144	0.030383026	0.000346828	408.1712096	408.1712096	266.7561057	1	7.38936e-06
0.054119214	0.9144	0.03038302	0.000346831	408.1713394	408.1713394	266.7561057	1	7.38945e-06
0.0526879	0.9144	0.030234516	0.00034683	411.6343895	411.6343895	266.7523761	1	7.41211e-06
0.052687845	0.9144	0.03023451	0.00034683	411.6345216	411.6345216	266.7523759	1	7.41211e-06
0.051257246	0.9144	0.030079259	0.00036984	415.2623807	415.2623807	266.7493192	1	7.94985e-06
0.051257191	0.9144	0.030079254	0.00036984	415.2625191	415.2625191	266.749319	1	7.94986e-06
0.049827376	0.9144	0.029916988	0.00045761	419.1224623	419.1224623	266.7485705	1	9.87523e-06
0.049827321	0.9144	0.029916981	0.000457613	419.1226096	419.1226096	266.7485705	1	9.87531e-06
0.048398351	0.9144	0.029747406	0.000873242	423.0831858	423.0831858	266.5936792	0.666679	8.20638e-06
0.048398296	0.9144	0.0297474	0.000873257	423.0833369	423.0833369	266.5936738	0.666667	8.20633e-06
0.046970249	0.9144	0.029570216	0.001081283	426.9151473	426.9151473	266.5518453	0.500006	9.78031e-06
0.046970195	0.9144	0.029570209	0.001081292	426.9152935	426.9152935	266.5518432	0.5	9.78036e-06
0.045543144	0.9144	0.029385199	0.001264289	430.6904282	430.6904282	266.3991493	0.166679	3.48158e-06
0.04554309	0.9144	0.029385192	0.001264296	430.6905722	430.6905722	266.3991432	0.166667	3.48132e-06
0.044117111	0.9144	0.029192075	0.001322026	434.6719504	434.6719504	266.3273459	6.35768e-06	1.19063e-10
0.044117056	0.9144	0.029192068	0.001322028	434.6721023	434.6721023	266.3273434	0	0
0.042692237	0.9144	0.028990571	0.001471579	438.9316071	438.9316071	266.2828601	0	0
0.042692183	0.9144	0.028990563	0.001471581	438.9317696	438.9317696	266.2828595	0	0
0.041268626	0.9144	0.028780328	0.001811472	443.5254257	443.5254257	266.1839388	0	0
0.041268572	0.9144	0.02878032	0.001811488	443.5256009	443.5256009	266.1839341	0	0
0.039846396	0.9144	0.02856095	0.002144459	448.402168	448.402168	266.0886841	0	0
0.039846341	0.9144	0.028560941	0.002144473	448.402354	448.402354	266.0886802	0	0
0.038425679	0.9144	0.02833197	0.002220844	453.1899148	453.1899148	266.0671677	0	0
0.038425625	0.9144	0.028331961	0.002220848	453.1900974	453.1900974	266.0671665	0	0
0.037006616	0.9144	0.028092944	0.002985166	457.8297045	457.8297045	265.8545934	0	0
0.037006562	0.9144	0.028092935	0.002985193	457.8298815	457.8298815	265.854586	0	0
0.035589352	0.9144	0.027843498	0.003933223	462.786527	462.786527	265.5931855	0	0
0.035589298	0.9144	0.027843489	0.003933254	462.7867161	462.7867161	265.5931767	0	0
0.034174034	0.9144	0.027583213	0.004578177	468.3638247	468.3638247	265.4216199	0	0
0.03417398	0.9144	0.027583203	0.004578204	468.3640375	468.3640375	265.4216138	4.71745e-07	6.42977e-11
0.032760872	0.9144	0.027311482	0.005339006	474.517435	474.517435	265.25083	0.0136996	1.9364e-06
0.032760818	0.9144	0.027311472	0.005339044	474.5176698	474.5176698	265.2508215	0.0137004	1.93652e-06
0.031350096	0.9144	0.02702761	0.006158914	480.9952567	480.9952567	265.1915187	0.0830873	1.25436e-05
0.031350043	0.9144	0.027027599	0.00615894	480.9955038	480.9955038	265.1915165	0.0830893	1.2544e-05
0.029941964	0.9144	0.026730911	0.007584554	487.4277197	487.4277197	265.1917922	0.210813	3.89696e-05
0.02994191	0.9144	0.026730899	0.00758461	487.4279651	487.4279651	265.1917922	0.210818	3.89707e-05
0.028536753	0.9144	0.026420668	0.0081272	493.8041121	493.8041121	265.1887626	0.253333	4.85171e-05
0.0285367	0.9144	0.026420656	0.008127226	493.8043553	493.8043553	265.1887625	0.253335	4.85176e-05
0.027134762	0.9144	0.026096185	0.009488891	500.597787	500.597787	265.1944076	0.308796	7.46944e-05
0.027134708	0.9144	0.026096172	0.009488939	500.5980463	500.5980463	265.1944078	0.308798	7.46953e-05
0.02573634	0.9144	0.025756653	0.012056441	508.1379365	508.1379365	265.2141165	0.428049	0.000125262
0.025736286	0.9144	0.02575664	0.012056524	508.1382244	508.1382244	265.2141171	0.428053	0.000125264
0.024341933	0.9144	0.025400995	0.013934313	516.1477114	516.1477114	265.222575	0.485353	0.000162101
0.02434188	0.9144	0.025400981	0.013934397	516.1480171	516.1480171	265.2225755	0.485355	0.000162103
0.022952089	0.9144	0.025027899	0.015983682	524.0318715	524.0318715	265.2301233	0.524229	0.000202813
0.022952036	0.9144	0.025027884	0.015983758	524.0321724	524.0321724	265.2301236	0.52423	0.000202814
0.021567382	0.9144	0.024636163	0.019525157	531.9874895	531.9874895	265.2478345	0.570389	0.000274522
0.021567329	0.9144	0.024636148	0.019525296	531.9877931	531.9877931	265.2478352	0.57039	0.000274525
0.020188458	0.9144	0.024224538	0.023580037	541.133576	541.133576	265.2669316	0.617701	0.000356967
0.020188406	0.9144	0.024224522	0.023580182	541.1339247	541.1339247	265.2669322	0.617703	0.00035697
0.018816059	0.9144	0.023791651	0.027017232	551.930429	551.930429	265.274757	0.64136	0.000426838
0.018816007	0.9144	0.023791635	0.027017369	551.9308404	551.9308404	265.2747574	0.641361	0.000426841
0.017451272	0.9144	0.023335342	0.033047956	563.274314	563.274314	265.2927645	0.668981	0.000550866
0.017451219	0.9144	0.023335325	0.033048182	563.2747464	563.2747464	265.2927652	0.668982	0.000550871
0.016095327	0.9144	0.022853385	0.038857339	574.0832184	574.0832184	265.3071377	0.691588	0.000670986
0.016095275	0.9144	0.022853367	0.03885756	574.0836319	574.0836319	265.3071382	0.691589	0.00067099
0.014749674	0.9144	0.022343402	0.046301111	585.1859972	585.1859972	265.3208263	0.708463	0.000825771
0.014749622	0.9144	0.022343382	0.046301384	585.1864218	585.1864218	265.3208268	0.708464	0.000825777
0.013415849	0.9144	0.021803236	0.055690058	598.3006266	598.3006266	265.334978	0.724343	0.00102096
0.013415798	0.9144	0.021803216	0.055690421	598.3011272	598.3011272	265.3349786	0.724343	0.00102097
0.012096269	0.9144	0.021229149	0.067387911	613.6881692	613.6881692	265.346911	0.736935	0.00126368
0.012096218	0.9144	0.021229128	0.06738834	613.6887547	613.6887547	265.3469115	0.736935	0.00126368
0.010793955	0.9144	0.020616903	0.079332609	630.7187381	630.7187381	265.3529918	0.744452	0.00150902
0.010793905	0.9144	0.02061688	0.079333082	630.7193876	630.7193876	265.352992	0.744452	0.00150903
0.009512486	0.9144	0.019962148	0.095969107	650.0795006	650.0795006	265.3625589	0.751906	0.0018473
0.009512437	0.9144	0.019962123	0.095969746	650.080241	650.080241	265.3625593	0.751906	0.00184731
0.008256122	0.9144	0.019260426	0.115812606	670.2704225	670.2704225	265.372989	0.757737	0.00224472
0.008256074	0.9144	0.019260399	0.115813366	670.2711929	670.2711929	265.3729894	0.757737	0.00224473
0.007086195	0.9144	0.018539504	0.140222222	685.6716737	685.6716737	265.3944494	0.76487	0.00271359
0.00708615	0.9144	0.018539477	0.14022316	685.6722616	685.6722616	265.3944502	0.76487	0.00271361
0.006029007	0.914399999	0.017817184	0.169419053	696.4575526	696.4575526	265.4714094	0.782666	0.00299061
0.006028967	0.914399999	0.017817157	0.169420149	696.4579604	696.4579604	265.4714123	0.782666	0.00299062
0.005073985	0.9144	0.017091958	0.204539772	709.4242307	709.4242307	265.6054631	0.807826	0.00306433
0.005073948	0.9144	0.01709193	0.204541109	709.4247234	709.4247234	265.6054682	0.807827	0.00306433
0.004234838	0.914400001	0.016379446	0.237213829	725.4050106	725.4050106	265.7448918	0.826679	0.00305863
0.004234805	0.914400001	0.016379419	0.237215066	725.4056262	725.4056262	265.7448971	0.82668	0.00305863
0.00349681	0.9144	0.015673774	0.273112914	739.5928744	739.5928744	265.9160427	0.843173	0.00301085
0.003496782	0.9144	0.015673747	0.273114359	739.5934178	739.5934178	265.9160495	0.843173	0.00301085
0.002843562	0.9144	0.014965108	0.314521411	750.8704855	750.8704855	266.1342695	0.859348	0.00292564
0.002843537	0.9144	0.014965081	0.314523019	750.8709175	750.8709175	266.1342779	0.859349	0.00292563
0.002275158	0.914399999	0.014259408	0.360299894	762.3107573	762.3107573	266.398237	0.873388	0.00279631
0.002275136	0.914399999	0.014259381	0.360301593	762.3111913	762.3111913	266.3982469	0.873388	0.0027963
0.001785947	0.9144	0.013555351	0.410736812	774.0638548	774.0638548	266.7166094	0.886375	0.00262743
0.001785928	0.9144	0.013555324	0.41073878	774.0643042	774.0643042	266.7166218	0.886375	0.00262742
0.001373996	0.9144	0.012854914	0.467360829	779.352988	779.352988	267.0985322	0.914051	0.00245959
0.00137398	0.9144	0.012854887	0.467362907	779.3531903	779.3531903	267.0985464	0.914052	0.00245958
0.001035639	0.9144	0.0121579	0.508170003	768.798192	768.798192	267.4544447	0.98348	0.00235068
0.001035626	0.9144	0.012157874	0.508171688	768.7977906	768.7977906	267.4544588	0.983482	0.00235067
0.000762964	0.9144	0.011452971	0.554479576	739.1347151	739.1347151	268.0758423	0.999999	0.00206692
0.000762954	0.9144	0.011452944	0.554481211	739.1335857	739.1335857	268.0758653	1	0.00206691
0.000552772	0.914400001	0.01073634	0.607281255	696.6682451	696.6682451	268.9604925	1	0.00172883
0.000552772	0.914400001	0.01073634	0.607281271	696.6682332	696.6682332	268.9604928	1	0.00172883
0.000406718	0.9144	0.010017233	0.64166307	654.4462444	654.4462444	269.850972	1	0.00143818
0.000406718	0.9144	0.010017232	0.641663078	654.4462337	654.4462337	269.8509723	1	0.00143818
0.000324829	0.9144	0.009302052	0.669453727	585.0087542	585.0087542	271.4724664	0.984496	0.00106168
0.000324826	0.9144	0.009302025	0.66945466	585.0066553	585.0066553	271.4725134	0.984496	0.00106167
0.000324825	0.9144	0.009301997	0.669455381	585.0039216	585.0039216	271.4725653	0.984491	0.00106165
0.000306439	0.9144	0.008578844	0.696457111	495.8725617	495.8725617	273.062102	0.796759	0.000604908
0.000351713	0.9144	0.007842461	0.705107304	417.8337746	417.8337746	273.15	0.587706	0.000320274
0.000351713	0.9144	0.007842461	0.705107304	417.8337741	417.8337741	273.15	0.587706	0.000320274
0.000368184	0.9144	0.007731004	0.706214219	404.2817472	404.2817472	273.15	0.565576	0.000294148
0.000461379	0.9144	0.007100368	0.712477238	327.6032393	327.6032393	273.15	0.440364	0.000146326
0.000529282	0.9144	0.006811458	0.712352232	294.1549646	294.1549646	273.15	0.403137	0.000111621
0.000635132	0.9144	0.006361093	0.712157367	242.0143823	242.0143823	273.15	0.345106	5.75211e-05
0.00087491	0.9144	0.005622697	0.69496261	163.3722765	163.3722765	273.15	0.277913	1.32219e-05
0.00087491	0.9144	0.005622697	0.69496261	163.3722763	163.3722763	273.15	0.277913	1.32219e-05
0.000939732	0.9144	0.005466639	0.691755734	148.6909235	148.6909235	273.15	0.266616	1.05288e-05
0.001187646	0.9144	0.00486979	0.679490954	92.54171456	92.54171456	273.15	0.223412	2.28714e-07
0.001187646	0.9144	0.00486979	0.679490954	92.54171397	92.54171397	273.15	0.223412	2.28714e-07
0.001187767	0.9144	0.004869551	0.679484948	92.52614753	92.52614753	273.15	0.2234	2.28643e-07
0.001577214	0.9144	0.004101576	0.660187834	42.50903046	42.50903046	273.15	0.185509	8.73313e-12
0.001577229	0.9144	0.004101547	0.660187168	42.50712439	42.50712439	273.15	0.185507	0
0.002048011	0.9144	0.003317084	0.631243651	38.17212145	38.17212145	273.15	0.185932	0
0.002048029	0.9144	0.003317054	0.631242553	38.17195614	38.17195614	273.15	0.185932	0
0.00204805	0.9144	0.003317024	0.631241712	38.17319806	38.17319806	273.15	0.185933	0
0.002600302	0.9144	0.002522365	0.613730479	70.74906515	70.74906515	273.15	0.216784	0
0.002600326	0.9144	0.002522334	0.613729207	70.75045606	70.75045606	273.15	0.216786	1.64719e-10
0.00323924	0.9144	0.001716685	0.579081524	107.3302264	107.3302264	273.15	0.259616	4.3084e-06
0.003976992	0.9144	0.000891653	0.534989662	136.7828287	136.7828287	273.15	0.304479	2.24027e-05
0.00397702	0.9144	0.000891621	0.534988188	136.78395	136.78395	273.15	0.304481	2.24034e-05
0.003977053	0.9144	0.000891589	0.534987127	136.7847475	136.7847475	273.15	0.304482	2.24044e-05
0.004832085	0.9144	3.40596E-05	0.507872109	160.4272596	160.4272596	273.15	0.346983	5.302e-05
0.004832085	0.9144	3.40595E-05	0.507872109	160.4272598	160.4272598	273.15	0.346983	5.302e-05
0.0057918	0.9144	-0.00083605	0.472926445	178.3490909	178.3490909	273.15	0.396898	9.46426e-05
0.006861847	0.9144	-0.001717655	0.434035999	189.3864319	189.3864319	273.15	0.451797	0.000147075
0.006861847	0.9144	-0.001717655	0.434035998	189.3864323	189.3864323	273.15	0.451797	0.000147075
0.008016136	0.9144	-0.002588783	0.404767458	194.7017716	194.7017716	273.15	0.501927	0.000206805
0.008016136	0.9144	-0.002588783	0.404767455	194.7017721	194.7017721	273.15	0.501927	0.000206805
0.009201801	0.9144	-0.0034167	0.377666563	197.8521677	197.8521677	273.15	0.558566	0.000277111
0.009201801	0.9144	-0.0034167	0.377666562	197.8521678	197.8521678	273.15	0.558566	0.000277111
0.009253834	0.9144	-0.003450559	0.376475439	197.9687636	197.9687636	273.15	0.561547	0.000280681
0.010413886	0.9144	-0.004205431	0.349920111	200.5681932	200.5681932	273.15	0.628006	0.000360273
0.010413887	0.9144	-0.004205431	0.349920108	200.5681936	200.5681936	273.15	0.628006	0.000360273
0.010418944	0.9144	-0.004208517	0.349827083	200.5782135	200.5782135	273.15	0.628313	0.000360653
0.011648306	0.9144	-0.004958623	0.32721296	203.0140312	203.0140312	273.15	0.702928	0.000453028
0.011648353	0.9144	-0.004958651	0.327212289	203.014111	203.014111	273.15	0.70293	0.000453031
0.012889936	0.914399999	-0.005673614	0.307754214	206.071447	206.071447	273.15	0.794711	0.00056422
0.01290154	0.914399999	-0.005680296	0.307572355	206.1000214	206.1000214	273.15	0.795569	0.000565259
0.013864097	0.9144	-0.006206058	0.29102531	209.2042506	209.2042506	272.9101965	0.893199	0.000675431
0.014170672	0.9144	-0.006373514	0.285755069	210.192949	210.192949	272.833819	0.924294	0.000710521
0.014170673	0.9144	-0.006373514	0.285755066	210.1929495	210.1929495	272.8338189	0.924294	0.000710521
0.015453791	0.914400001	-0.007040488	0.266949636	214.2347535	214.2347535	272.164434	0.993082	0.00081718
0.016749218	0.914400001	-0.007683104	0.248005311	217.5911655	217.5911655	271.531244	1	0.000875046
0.016749268	0.914400001	-0.007683129	0.248004532	217.5913128	217.5913128	271.5312173	1	0.000875049
0.018055449	0.914400001	-0.008303724	0.231829307	220.9943026	220.9943026	271.0108958	1	0.000921707
0.018055449	0.914400001	-0.008303724	0.231829303	220.9943034	220.9943034	271.0108956	1	0.000921707
0.019371062	0.914400002	-0.008904065	0.220087053	225.0654207	225.0654207	270.5956975	1	0.000964962
0.019371064	0.914400002	-0.008904065	0.220087042	225.065424	225.065424	270.5956971	1	0.000964962
0.019371065	0.914400002	-0.008904066	0.220087033	225.0654282	225.0654282	270.5956968	1	0.000964962
0.020695126	0.914400002	-0.009485536	0.210415048	229.2544739	229.2544739	270.2447093	1	0.0010053
0.022026898	0.914400002	-0.010049123	0.201703236	232.8376084	232.8376084	269.9412038	1	0.00104279
0.022026899	0.914400002	-0.010049123	0.201703229	232.8376109	232.8376109	269.9412036	1	0.00104279
0.023365562	0.914400001	-0.010596137	0.189203149	235.841243	235.841243	269.59343	1	0.00107754
0.023365563	0.914400001	-0.010596137	0.189203145	235.8412442	235.8412442	269.5934298	1	0.00107754
0.02471045	0.914400002	-0.01112767	0.178889046	238.7351576	238.7351576	269.3020511	1	0.00110984
0.024710451	0.914400002	-0.011127671	0.178889038	238.73516	238.73516	269.3020509	1	0.00110984
0.025974687	0.9144	-0.011611791	0.173565502	241.5892895	241.5892895	269.1198202	1	0.00113838
0.026060933	0.9144	-0.011644817	0.173202327	241.784	241.784	269.1073883	1	0.00114033
0.026341406	0.9144	-0.011748974	0.171155058	242.3712765	242.3712765	269.0543904	1	0.00114568
0.027416589	0.914400001	-0.012148255	0.163306902	244.6225874	244.6225874	268.8512241	1	0.00116619
0.028776963	0.914400002	-0.012638632	0.15649655	246.8923294	246.8923294	268.6622504	1	0.00119342
0.028777016	0.914400002	-0.012638651	0.156496252	246.8924195	246.8924195	268.6622426	1	0.00119342
0.02877707	0.914400002	-0.012638669	0.156495905	246.8924888	246.8924888	268.6622364	1	0.00119342
0.030141841	0.9144	-0.013116673	0.149263198	248.7011613	248.7011613	268.5221434	1	0.00117993
0.031510657	0.914400002	-0.013582962	0.141481746	250.1704697	250.1704697	268.3950739	1	0.00115072
0.03151071	0.914400002	-0.01358298	0.141481525	250.1705342	250.1705342	268.3950697	1	0.00115072
0.032883282	0.9144	-0.014038281	0.135690731	251.4969481	251.4969481	268.3002895	1	0.00112314
0.032883282	0.9144	-0.014038281	0.13569073	251.4969482	251.4969482	268.3002895	1	0.00112314
0.034259303	0.914400001	-0.014483044	0.128022437	252.8671853	252.8671853	268.1916631	1	0.00107768
0.034259304	0.914400001	-0.014483044	0.128022435	252.8671858	252.8671858	268.1916631	1	0.00107768
0.035638495	0.914399998	-0.014917694	0.1241788	254.2603203	254.2603203	268.1354037	0.986407	0.00104718
0.035638547	0.914399998	-0.014917711	0.124178646	254.2603726	254.2603726	268.1354015	0.986406	0.00104718
0.037014128	0.9144	-0.015340613	0.118054792	255.6281257	255.6281257	268.1032432	0.931166	0.000953593
0.037020814	0.9144	-0.015342668	0.118025025	255.6347741	255.6347741	268.1030869	0.930898	0.000953138
0.037020815	0.9144	-0.015342668	0.118025024	255.6347743	255.6347743	268.1030869	0.930898	0.000953138
0.037027442	0.9144	-0.015344657	0.117997869	255.6410342	255.6410342	268.1027362	0.930825	0.000952906
0.038405867	0.914399999	-0.015758258	0.112350093	256.9430199	256.9430199	268.0298118	0.915747	0.000904711
0.038405919	0.914399999	-0.015758274	0.112349896	256.9430695	256.9430695	268.0298092	0.915746	0.000904709
0.039793603	0.9144	-0.016165003	0.108816505	258.1034611	258.1034611	267.9645373	0.914519	0.000886326
0.039793656	0.9144	-0.016165018	0.108816341	258.1035055	258.1035055	267.9645345	0.914519	0.000886325
0.039793709	0.9144	-0.016165034	0.108816186	258.1035446	258.1035446	267.9645318	0.914519	0.000886324
0.041183851	0.9144	-0.016563273	0.105120515	259.1287774	259.1287774	267.8996475	0.913247	0.000865552
0.042576306	0.9144	-0.01695335	0.102081485	260.0456904	260.0456904	267.8438593	0.912099	0.000849192
0.042576359	0.9144	-0.016953365	0.102081364	260.0457255	260.0457255	267.8438571	0.912099	0.000849191
0.043971003	0.914400001	-0.01733554	0.097124715	260.7790721	260.7790721	267.7676552	0.910389	0.000815213
0.043971056	0.914400001	-0.017335555	0.097124532	260.7791002	260.7791002	267.7676524	0.910389	0.000815212
0.045367771	0.9144	-0.017710086	0.0915332	261.2886565	261.2886565	267.6860329	0.908448	0.000774454
0.045367825	0.9144	-0.0177101	0.091532995	261.288676	261.288676	267.6860299	0.908448	0.000774453
0.045367878	0.9144	-0.017710114	0.09153285	261.2886877	261.2886877	267.6860277	0.908448	0.000774452
0.046766565	0.9144	-0.018077217	0.088916423	261.6333807	261.6333807	267.641165	0.907362	0.00075868
0.046766618	0.9144	-0.018077231	0.08891635	261.6333931	261.6333931	267.6411635	0.907362	0.00075868
0.048167157	0.9144	-0.018437206	0.085843368	261.9209595	261.9209595	267.5897927	0.905935	0.000737796
0.049569441	0.9144	-0.018790317	0.079616855	262.1879781	262.1879781	267.4998044	0.90334	0.000688155
0.049569494	0.9144	-0.01879033	0.079616594	262.1879896	262.1879896	267.4998006	0.90334	0.000688153
0.050973422	0.9144	-0.019136858	0.077797761	262.4173984	262.4173984	267.4654796	0.902326	0.000677314
0.050973475	0.9144	-0.019136871	0.077797707	262.4174059	262.4174059	267.4654785	0.902326	0.000677313
0.052378986	0.9144	-0.019476905	0.076199761	262.6024778	262.6024778	267.4347578	0.901359	0.000667699
0.05237904	0.9144	-0.019476918	0.076199698	262.6024848	262.6024848	267.4347567	0.901359	0.000667699
0.053786047	0.9144	-0.019810721	0.072170702	262.7522424	262.7522424	267.371758	0.899235	0.000635583
0.0537861	0.9144	-0.019810734	0.072170555	262.7522475	262.7522475	267.3717558	0.899234	0.000635582
0.053786154	0.9144	-0.019810746	0.072170498	262.7522521	262.7522521	267.3717546	0.899234	0.000635581
0.055194596	0.9144	-0.020138434	0.070725895	262.8588189	262.8588189	267.3436215	0.898268	0.000626675
0.056598096	0.9144	-0.020458764	0.066827501	262.9257358	262.9257358	267.277803	0.89542	0.000594284
0.056604454	0.9144	-0.020460216	0.066809841	262.926039	262.926039	267.2775049	0.895407	0.000594137
0.056610813	0.9144	-0.02046164	0.066797945	262.9262387	262.9262387	267.2773163	0.895401	0.000594043
0.058015615	0.9144	-0.02077626	0.064169884	262.970364	262.970364	267.2356517	0.893995	0.000573363
0.059427962	0.9144	-0.021086693	0.062641721	262.9926546	262.9926546	267.2066267	0.892729	0.000562182
0.059428016	0.9144	-0.021086705	0.062641674	262.9926554	262.9926554	267.2066258	0.892729	0.000562182
0.060840531	0.9144	-0.021391532	0.058830051	263.0109421	263.0109421	267.1441066	0.889947	0.000529366
0.060841587	0.9144	-0.02139176	0.058827204	263.0109558	263.0109558	267.1440599	0.889945	0.000529342
0.060841587	0.9144	-0.02139176	0.058827204	263.0109558	263.0109558	267.1440599	0.889945	0.000529342
0.060842646	0.9144	-0.021391984	0.058826472	263.0109728	263.0109728	267.1440442	0.889945	0.000529337
0.062256236	0.9144	-0.021691536	0.057849273	263.0336973	263.0336973	267.1231736	0.888949	0.000522914
0.06225629	0.9144	-0.021691548	0.057849223	263.0336982	263.0336982	267.1231726	0.888949	0.000522914
0.063672023	0.9144	-0.021986153	0.055136889	263.0271134	263.0271134	267.075536	0.886522	0.000499677
0.063672076	0.9144	-0.021986164	0.055136786	263.0271132	263.0271132	267.0755342	0.886522	0.000499676
0.065088851	0.9144	-0.022275711	0.055400919	262.9637543	262.9637543	267.0758691	0.8867	0.000504715
0.065088905	0.9144	-0.022275722	0.055400926	262.9637519	262.9637519	267.0758691	0.8867	0.000504715
0.066506672	0.9144	-0.022560355	0.051292422	262.8697817	262.8697817	267.0040891	0.882461	0.0004674
0.066506727	0.9144	-0.022560366	0.051292272	262.8697781	262.8697781	267.0040864	0.882461	0.000467398
0.067925451	0.9144	-0.022840203	0.048955177	262.7627571	262.7627571	266.9611587	0.879826	0.00044688
0.067925505	0.9144	-0.022840213	0.048955073	262.762753	262.762753	266.9611568	0.879826	0.000446879
0.069345144	0.9144	-0.023115375	0.046301331	262.637873	262.637873	266.9127277	0.876717	0.00042298
0.069345198	0.9144	-0.023115386	0.046301246	262.6378683	262.6378683	266.9127261	0.876717	0.000422979
0.070765715	0.9144	-0.023385985	0.046517182	262.4950989	262.4950989	266.913751	0.876942	0.000426911
0.070765769	0.9144	-0.023385995	0.046517168	262.4950943	262.4950943	266.9137506	0.876942	0.00042691
0.070765823	0.9144	-0.023386006	0.04651718	262.4950876	262.4950876	266.9137507	0.876942	0.000426911
0.072187182	0.9144	-0.023652145	0.045303956	262.3412374	262.3412374	266.8885074	0.874943	0.000416653
0.073609352	0.9144	-0.023913925	0.04254518	262.1744551	262.1744551	266.8350398	0.870542	0.000391064
0.073609406	0.9144	-0.023913935	0.042545042	262.1744488	262.1744488	266.8350371	0.870542	0.000391063
0.07360946	0.9144	-0.023913945	0.042544894	262.1744407	262.1744407	266.8350345	0.870541	0.000391061
0.075032405	0.9144	-0.024171452	0.040576845	261.9687737	261.9687737	266.7985917	0.868057	0.000373055
0.076456107	0.9144	-0.024424767	0.039191383	261.7275957	261.7275957	266.7705641	0.865626	0.000360656
0.076456162	0.9144	-0.024424776	0.039191387	261.7275853	261.7275853	266.7705641	0.865626	0.000360656
0.077880584	0.9144	-0.024673987	0.038946418	261.4782662	261.4782662	266.7641163	0.865099	0.000359458
0.077880639	0.9144	-0.024673997	0.038946408	261.4782579	261.4782579	266.7641161	0.865099	0.000359458
0.079305764	0.9144	-0.024919185	0.037350195	261.2035288	261.2035288	266.7320991	0.862153	0.000344655
0.079305818	0.9144	-0.024919194	0.037350145	261.2035183	261.2035183	266.7320982	0.862152	0.000344654
0.080731615	0.9144	-0.025160418	0.036481854	260.8952788	260.8952788	266.713886	0.86041	0.0003371
0.08073167	0.9144	-0.025160427	0.036481825	260.8952659	260.8952659	266.7138854	0.86041	0.0003371
0.082158109	0.9144	-0.025397818	0.035131872	260.5742739	260.5742739	266.6845648	0.856803	0.000324502
0.082158163	0.9144	-0.025397827	0.035131793	260.5742612	260.5742612	266.6845632	0.856803	0.000324502
0.083585232	0.9144	-0.02563143	0.03211948	260.2532828	260.2532828	266.6239238	0.850422	0.000295077
0.083585287	0.9144	-0.025631439	0.032119369	260.2532722	260.2532722	266.6239216	0.850422	0.000295076
0.085012949	0.9144	-0.025861373	0.030902543	259.8904727	259.8904727	266.5974147	0.846947	0.000283607
0.085013004	0.9144	-0.025861382	0.030902509	259.8904589	259.8904589	266.5974139	0.846947	0.000283607
0.085013058	0.9144	-0.02586139	0.030902498	259.8904391	259.8904391	266.5974137	0.846947	0.000283607
0.086441308	0.9144	-0.026087664	0.030332531	259.3720602	259.3720602	266.5848111	0.845119	0.000278678
0.087870121	0.9144	-0.026310286	0.029874348	258.8250942	258.8250942	266.5754688	0.844142	0.000274796
0.087870176	0.9144	-0.026310294	0.029874296	258.8250718	258.8250718	266.5754677	0.844142	0.000274795
0.089371002	0.9144	-0.026540374	0.028546538	258.4429622	258.4429622	266.5463772	0.840098	0.000262006
0.089371059	0.9144	-0.026540383	0.028546505	258.4429476	258.4429476	266.5463765	0.840098	0.000262006
0.089371119	0.9144	-0.026540392	0.028546484	258.4429344	258.4429344	266.546376	0.840098	0.000262006
0.090947616	0.9144	-0.02677785	0.027440256	258.0563321	258.0563321	266.5216437	0.83647	0.000251394
0.090947679	0.9144	-0.026777859	0.027440201	258.0563117	258.0563117	266.5216425	0.836469	0.000251393
0.092603662	0.9144	-0.027022754	0.026080004	257.5231459	257.5231459	266.4908404	0.831214	0.000238138
0.094343139	0.9144	-0.027275142	0.025079729	256.9805369	256.9805369	266.4677784	0.826965	0.000228512
0.094343206	0.9144	-0.027275152	0.025079678	256.9805163	256.9805163	266.4677772	0.826964	0.000228511
0.094343275	0.9144	-0.027275162	0.025079626	256.9804983	256.9804983	266.467776	0.826964	0.000228511
0.096170456	0.9144	-0.027535083	0.024083751	256.5099047	256.5099047	266.444773	0.822948	0.000218898
0.098089779	0.9144	-0.02780245	0.023106085	255.9783121	255.9783121	266.4212864	0.81782	0.000209379
0.098089852	0.9144	-0.027802461	0.023106061	255.9782919	255.9782919	266.4212859	0.81782	0.000209379
0.098089929	0.9144	-0.027802471	0.023105989	255.978268	255.978268	266.4212841	0.817819	0.000209378
0.10010605	0.9144	-0.028077123	0.021134881	255.3534987	255.3534987	266.3742957	0.807455	0.000189535
0.100106131	0.9144	-0.028077134	0.021134877	255.3534755	255.3534755	266.3742957	0.807455	0.000189535
0.10222392	0.9144	-0.028359182	0.020916443	254.7457174	254.7457174	266.3691433	0.806332	0.000187842
0.102224005	0.9144	-0.028359193	0.020916389	254.7456966	254.7456966	266.3691419	0.806331	0.000187841
0.104448603	0.9144	-0.028648342	0.019781659	254.108953	254.108953	266.3403344	0.797393	0.000176509
0.104448692	0.9144	-0.028648353	0.019781584	254.1089268	254.1089268	266.3403325	0.797392	0.000176509
0.106785476	0.9144	-0.028944433	0.017968505	253.4509726	253.4509726	266.2954173	0.785465	0.000158055
0.106785569	0.9144	-0.028944445	0.017968475	253.450946	253.450946	266.2954165	0.785465	0.000158055
0.109240207	0.9144	-0.029247331	0.016936694	252.8177931	252.8177931	266.2689053	0.776788	0.000147672
0.109240305	0.9144	-0.029247342	0.016936671	252.8177686	252.8177686	266.2689048	0.776788	0.000147672
0.111818708	0.9144	-0.029556781	0.016010196	252.0511369	252.0511369	266.245126	0.768224	0.000138367
0.111818805	0.9144	-0.029556792	0.01601014	252.0510961	252.0510961	266.2451245	0.768223	0.000138367
0.114375637	0.9144	-0.029855021	0.014903466	251.1028545	251.1028545	266.2163392	0.755995	0.000127102
0.116933414	0.9144	-0.030145003	0.013999721	250.1423639	250.1423639	266.1928718	0.745286	0.000117929
0.116933512	0.9144	-0.030145014	0.013999683	250.1423224	250.1423224	266.1928709	0.745286	0.000117929
0.119492197	0.9144	-0.030426957	0.013203447	249.2442396	249.2442396	266.1714646	0.732849	0.000109805
0.119492295	0.9144	-0.030426967	0.013203424	249.2442102	249.2442102	266.171464	0.732849	0.000109805
0.119492392	0.9144	-0.030426978	0.013203381	249.2441771	249.2441771	266.1714628	0.732848	0.000109805
0.122051925	0.9144	-0.030701084	0.012100285	248.3763174	248.3763174	266.1414007	0.715732	9.83833e-05
0.122052023	0.9144	-0.030701095	0.01210026	248.3762855	248.3762855	266.1414	0.715731	9.8383e-05
0.124612355	0.9144	-0.030967599	0.011403341	247.5412717	247.5412717	266.1223357	0.703046	9.12242e-05
0.124612453	0.9144	-0.030967609	0.011403313	247.5412416	247.5412416	266.1223349	0.703045	9.12239e-05
0.127173548	0.9144	-0.031226676	0.010835171	246.7533027	246.7533027	266.1065391	0.690267	8.53954e-05
0.12973537	0.9144	-0.031478474	0.009631674	245.9686494	245.9686494	266.0714437	0.65695	7.27382e-05
0.129735468	0.9144	-0.031478484	0.009631635	245.9686195	245.9686195	266.0714426	0.656949	7.27378e-05
0.13229798	0.9144	-0.031723091	0.009069092	245.1339464	245.1339464	266.0559488	0.645523	6.6916e-05
0.132298078	0.9144	-0.0317231	0.009069071	245.1339145	245.1339145	266.0559483	0.645522	6.69157e-05
0.132298176	0.9144	-0.031723109	0.009069049	245.1338821	245.1338821	266.0559476	0.645522	6.69155e-05
0.134861354	0.9144	-0.031960752	0.008653859	244.2832676	244.2832676	266.0443483	0.631663	6.26409e-05
0.134861452	0.9144	-0.031960761	0.008653832	244.2832403	244.2832403	266.0443475	0.631662	6.26406e-05
0.137425236	0.9144	-0.032191637	0.007969663	243.4636372	243.4636372	266.024274	0.605739	5.54581e-05
0.137425334	0.9144	-0.032191645	0.007969642	243.4636038	243.4636038	266.0242734	0.605738	5.54579e-05
0.139989711	0.9144	-0.032415939	0.007161618	242.6910825	242.6910825	265.999773	0.565607	4.6913e-05
0.142554646	0.9144	-0.032633789	0.006616842	241.9158588	241.9158588	265.9835912	0.538777	4.11857e-05
0.142554743	0.9144	-0.032633797	0.006616813	241.9158252	241.9158252	265.9835904	0.538775	4.11854e-05
0.145120211	0.9144	-0.032845198	0.006345195	241.0475247	241.0475247	265.9761523	0.523818	3.83953e-05
0.145120309	0.9144	-0.032845206	0.006345189	241.0474955	241.0474955	265.9761522	0.523818	3.83952e-05
0.145120407	0.9144	-0.032845214	0.006345178	241.047461	241.047461	265.9761519	0.523817	3.83951e-05
0.147686383	0.9144	-0.033050396	0.006066521	240.1414236	240.1414236	265.9682987	0.499317	3.55195e-05
0.147686481	0.9144	-0.033050404	0.006066489	240.1413921	240.1413921	265.9682977	0.499314	3.55192e-05
0.150252929	0.9144	-0.033249554	0.005246356	239.3171794	239.3171794	265.9425956	0.428892	2.67843e-05
0.152819826	0.9144	-0.033442825	0.004971659	238.5052037	238.5052037	265.9348362	0.414303	2.39275e-05
0.152819923	0.9144	-0.033442832	0.004971645	238.5051727	238.5051727	265.9348358	0.414302	2.39273e-05
0.152820021	0.9144	-0.033442839	0.00497164	238.5051383	238.5051383	265.9348357	0.414301	2.39273e-05
0.155387366	0.9144	-0.033630154	0.004708811	237.6033156	237.6033156	265.9274511	0.390056	2.12021e-05
0.155387464	0.9144	-0.033630161	0.004708796	237.6032825	237.6032825	265.9274507	0.390054	2.12019e-05
0.157955208	0.9144	-0.033811823	0.00432057	236.7366706	236.7366706	265.9155398	0.327311	1.71096e-05
0.16052334	0.9144	-0.033987968	0.003829227	235.9295149	235.9295149	265.8999909	0.249551	1.18891e-05
0.160523438	0.9144	-0.033987975	0.003829208	235.9294885	235.9294885	265.8999903	0.249548	1.18889e-05
0.160523536	0.9144	-0.033987982	0.003829196	235.9294508	235.9294508	265.89999	0.249547	1.18887e-05
0.163092044	0.9144	-0.034158544	0.00359706	235.0557082	235.0557082	265.8934894	0.22471	9.48014e-06
0.165660902	0.9144	-0.034323762	0.003452991	234.2069044	234.2069044	265.8897766	0.193448	8.01769e-06
0.165661	0.9144	-0.034323768	0.003452981	234.2068677	234.2068677	265.8897763	0.193446	8.01758e-06
0.165661098	0.9144	-0.034323774	0.003452958	234.2068387	234.2068387	265.8897793	0.193442	8.01742e-06
0.168230284	0.9144	-0.03448383	0.002740114	233.4159584	233.4159584	265.947094	0.0588115	2.14746e-06
0.170799796	0.9144	-0.034638605	0.002524454	232.5822754	232.5822754	266.0022119	0.0354441	1.24159e-06
0.170799894	0.9144	-0.034638611	0.002524451	232.5822422	232.5822422	266.0022124	0.0354437	1.24157e-06
0.170799992	0.9144	-0.034638616	0.002524447	232.5822156	232.5822156	266.0022122	0.0354427	1.24154e-06
0.173369796	0.9144	-0.034788405	0.0025295	231.7702993	231.7702993	265.9714433	0.0192221	6.79978e-07
0.173369894	0.9144	-0.03478841	0.002529494	231.770269	231.770269	265.9714451	0.0192215	6.79956e-07
0.175939975	0.9144	-0.034933272	0.002248024	230.9766914	230.9766914	266.0683176	0	0
0.178510336	0.9144	-0.035073175	0.002185277	230.1467534	230.1467534	266.0950413	0	0
0.178510434	0.9144	-0.03507318	0.002185271	230.1467217	230.1467217	266.095044	0	0
0.178510532	0.9144	-0.035073185	0.002185263	230.146691	230.146691	266.0950476	0	0
0.181081147	0.9144	-0.035208422	0.002045957	229.3415494	229.3415494	266.1581298	0	0
0.181081245	0.9144	-0.035208427	0.002045949	229.3415192	229.3415192	266.1581336	0	0
0.183652102	0.9144	-0.035338904	0.001698686	228.5505727	228.5505727	266.3186861	0	0
0.186223177	0.9144	-0.035464839	0.0014267	227.7657024	227.7657024	266.4449426	0	0
0.186223275	0.9144	-0.035464844	0.001426687	227.7656725	227.7656725	266.4449487	0	0
0.186223373	0.9144	-0.035464849	0.001426684	227.765643	227.765643	266.4449502	0	0
0.188794678	0.9144	-0.035586285	0.00140904	226.9913924	226.9913924	266.4517381	0	0
0.191366189	0.9144	-0.035703255	0.001439197	226.2250828	226.2250828	266.4361017	0	0
0.191366287	0.9144	-0.035703259	0.001439202	226.2250536	226.2250536	266.4360995	0	0
0.191366385	0.9144	-0.035703263	0.001439195	226.2250245	226.2250245	266.4361024	0	0
0.193938077	0.9144	-0.035815973	0.001254145	225.4626567	225.4626567	266.5224983	0	0
0.193938176	0.9144	-0.035815977	0.00125413	225.4626274	225.4626274	266.5225054	0	0
0.196510062	0.9144	-0.035924306	0.000907004	224.6938816	224.6938816	266.6864091	0	0
0.199082118	0.9144	-0.036028581	0.00081674	223.9334905	223.9334905	266.72843	0	0
0.199082216	0.9144	-0.036028585	0.000816737	223.9334615	223.9334615	266.7284314	0	0
0.199082314	0.9144	-0.036028588	0.000816735	223.9334324	223.9334324	266.7284347	1.27154e-05	4.76212e-11
0.201654527	0.9144	-0.036128621	0.00075815	223.1701355	223.1701355	266.8146649	0.333333	1.25387e-06
0.201654626	0.9144	-0.036128624	0.000758144	223.1701063	223.1701063	266.8146666	0.333327	1.25385e-06
0.204226996	0.9144	-0.036224748	0.000608689	222.4033593	222.4033593	266.8555101	0.166667	6.13594e-07
0.206799513	0.9144	-0.03631679	0.000634761	221.6342185	221.6342185	266.8952708	0.333327	1.73161e-06
0.206799611	0.9144	-0.036316794	0.000634762	221.6341892	221.6341892	266.8952723	0.333333	1.73166e-06
0.206799709	0.9144	-0.036316797	0.00063476	221.6341598	221.6341598	266.8952736	0.33334	1.73166e-06
0.20937237	0.9144	-0.036405042	0.000570514	220.8642731	220.8642731	266.9313706	0.5	1.84679e-06
0.209372468	0.9144	-0.036405046	0.000570507	220.8642437	220.8642437	266.9313733	0.500006	1.84678e-06
0.211945251	0.9144	-0.03648937	0.000374074	220.0944638	220.0944638	267.0030022	0.666667	1.35489e-06
0.214518155	0.9144	-0.036570012	0.00043326	219.3258469	219.3258469	266.9703413	0.666667	1.27421e-06
0.214518253	0.9144	-0.036570015	0.000433262	219.3258176	219.3258176	266.9703398	0.666667	1.2742e-06
0.214518351	0.9144	-0.036570018	0.000433264	219.3257886	219.3257886	266.9703413	0.666667	1.27425e-06
0.217091352	0.9144	-0.036646903	0.000499484	218.5659248	218.5659248	266.9972995	0.666667	2.51756e-06
0.219664473	0.9144	-0.036720224	0.000365204	217.8083141	217.8083141	267.0175966	0.666667	1.57036e-06
0.219664572	0.9144	-0.036720227	0.000365198	217.8082852	217.8082852	267.0175974	0.666667	1.57033e-06
0.22223779	0.9144	-0.036789897	0.00029928	217.050861	217.050861	267.0813644	0.833327	2.23338e-06
0.222237888	0.9144	-0.036789899	0.000299279	217.0508321	217.0508321	267.0813665	0.833333	2.2334e-06
0.222237987	0.9144	-0.036789902	0.000299281	217.0508034	217.0508034	267.0813645	0.833327	2.23338e-06
0.224811302	0.9144	-0.036856147	0.000348825	216.2969259	216.2969259	267.0236834	0.666667	1.52674e-06
0.2248114	0.9144	-0.03685615	0.000348816	216.2968972	216.2968972	267.0236873	0.666679	1.52673e-06
0.227384813	0.9144	-0.036918843	0.000128621	215.5452457	215.5452457	267.1289855	1	1.47111e-06
0.227384911	0.9144	-0.036918846	0.00012862	215.5452172	215.5452172	267.1289855	1	1.47111e-06
0.229958396	0.9144	-0.036978242	0.000124811	214.7980533	214.7980533	267.1290778	1	1.42652e-06
0.232531953	0.9144	-0.037034202	0.00011814	214.065695	214.065695	267.1290021	1	1.34931e-06
0.232532052	0.9144	-0.037034204	0.000118139	214.0656671	214.0656671	267.129002	0.999987	1.3493e-06
0.23253215	0.9144	-0.037034206	0.000118138	214.0656395	214.0656395	267.129002	0.999975	1.3493e-06
0.235105756	0.9144	-0.037087002	8.67004E-05	213.3422564	213.3422564	267.1274435	0.333333	9.89636e-07
0.237679459	0.9144	-0.037136434	6.00234E-05	212.6150655	212.6150655	267.1261843	1.27154e-05	6.84246e-07
0.237679557	0.9144	-0.037136435	6.00231E-05	212.6150377	212.6150377	267.1261843	2.54307e-05	6.84243e-07
0.237679655	0.9144	-0.037136437	6.00229E-05	212.6150103	212.6150103	267.1261843	0	6.8424e-07
0.240253407	0.9144	-0.037182802	7.00272E-05	211.8960537	211.8960537	267.1271276	0	7.98212e-07
0.240253505	0.9144	-0.037182804	7.00266E-05	211.8960267	211.8960267	267.1271276	0	7.98205e-07
0.242827305	0.9144	-0.037225944	5.43061E-05	211.1862081	211.1862081	267.1265394	0	6.18041e-07
0.242827403	0.9144	-0.037225945	5.4307E-05	211.1861813	211.1861813	267.1265395	0	6.18051e-07
0.245401252	0.9144	-0.037266088	7.57439E-05	210.4825423	210.4825423	267.1281946	0	8.61947e-07
0.24540135	0.9144	-0.037266089	7.57408E-05	210.4825157	210.4825157	267.1281944	-3.81E-05	8.61912e-07
0.247975247	0.9144	-0.037303143	0	209.7847833	209.7847833	267.1239625	-1	0
0.250549192	0.9144	-0.037337261	0	209.0960499	209.0960499	267.1243319	-1	0
0.25054929	0.9144	-0.037337262	0	209.0960236	209.0960236	267.1243319	-1	0
0.250549388	0.9144	-0.037337263	1.199E-09	209.0959975	209.0959975	267.124332	-0.999987	1.35999e-11
0.253123358	0.9144	-0.037368428	1.199E-09	208.41244	208.41244	267.1247078	-0.999987	1.35999e-11
0.255697376	0.9144	-0.037396699	6.19267E-05	207.7313628	207.7313628	267.1288838	0.333295	7.02006e-07
0.255697474	0.9144	-0.0373967	6.19285E-05	207.7313368	207.7313368	267.1288839	0.333333	7.02027e-07
0.255697572	0.9144	-0.037396701	6.19274E-05	207.731311	207.731311	267.1288838	0.333321	7.02014e-07
0.258271614	0.9144	-0.037422153	3.66816E-05	207.0535516	207.0535516	267.1277299	0	4.15645e-07
0.258271712	0.9144	-0.037422153	3.66797E-05	207.053526	207.053526	267.1277298	-3.81E-05	4.15624e-07
0.260845779	0.9144	-0.037444759	0	206.382387	206.382387	267.1258757	-1	0
0.260845877	0.9144	-0.03744476	0	206.3823616	206.3823616	267.1258758	-1	0
0.263419968	0.9144	-0.037464671	0	205.7169969	205.7169969	267.1262776	-1	0
0.263420066	0.9144	-0.037464671	0	205.7169717	205.7169717	267.1262777	-1	0
0.265994156	0.9144	-0.037481781	0	205.0547858	205.0547858	267.1266857	-1	0
0.265994255	0.9144	-0.037481782	0	205.054761	205.054761	267.1266857	-1	0
0.268568394	0.9144	-0.037496306	0	204.4035492	204.4035492	267.1270997	-1	0
0.268568492	0.9144	-0.037496307	0	204.4035244	204.4035244	267.1270997	-1	0
0.271142631	0.9144	-0.0375081	0	203.7524499	203.7524499	267.1275198	-1	0
0.271142729	0.9144	-0.0375081	0	203.7524253	203.7524253	267.1275198	-1	0
0.273716868	0.9144	-0.037517368	0	203.1064894	203.1064894	267.1279456	-1	0
0.273716966	0.9144	-0.037517369	0	203.1064649	203.1064649	267.1279456	-1	0
0.27629113	0.9144	-0.037524015	0	202.4653253	202.4653253	267.1283768	-1	0
0.276291228	0.9144	-0.037524015	0	202.4653008	202.4653008	267.1283768	-1	0
0.278865391	0.914400254	-0.037528172	0	201.824958	201.824958	267.128813	-1	0
0.278865649	0.914400254	-0.037528172	0	201.8248942	201.8248942	267.128813	-1	0
0.281439653	0.9144	-0.037529825	0	201.1872491	201.1872491	267.1292539	-1	0
0.281439751	0.9144	-0.037529825	0	201.1872249	201.1872249	267.1292539	-1	0
0.284013914	0.9144	-0.037529026	0	200.5521613	200.5521613	267.1296993	-1	0
0.284014012	0.9144	-0.037529026	0	200.5521372	200.5521372	267.1296993	-1	0
0.286588176	0.9144	-0.037525819	0	199.9182977	199.9182977	267.1301493	-1	0
0.286588274	0.9144	-0.037525819	0	199.9182735	199.9182735	267.1301493	-1	0
0.289162437	0.9144	-0.03752019	0	199.2842746	199.2842746	267.1306036	-1	0
0.289162535	0.9144	-0.03752019	0	199.2842505	199.2842505	267.1306037	-1	0
0.291736699	0.9144	-0.037512254	0	198.6515791	198.6515791	267.131062	-1	0
0.291736797	0.9144	-0.037512254	0	198.6515551	198.6515551	267.131062	-1	0
0.294310936	0.9144	-0.037501929	0	198.021854	198.021854	267.1315239	-1	0
0.294311034	0.9144	-0.037501929	0	198.02183	198.02183	267.1315239	-1	0
0.296885173	0.9144	-0.037489387	0	197.3939701	197.3939701	267.1319899	-1	0
0.296885271	0.9144	-0.037489387	0	197.393946	197.393946	267.1319899	-1	0
0.299459386	0.9144	-0.037474493	0	196.7624342	196.7624342	267.1324604	-1	0
0.299459484	0.9144	-0.037474492	0	196.7624103	196.7624103	267.1324604	-1	0
0.302033599	0.9144	-0.037457449	0	196.1343435	196.1343435	267.1329352	-1	0
0.302033697	0.9144	-0.037457448	0	196.1343196	196.1343196	267.1329352	-1	0
0.304607788	0.9144	-0.037438116	0	195.5072615	195.5072615	267.1334144	-1	0
0.304607886	0.9144	-0.037438115	0	195.5072376	195.5072376	267.1334144	-1	0
0.307181952	0.9144	-0.037416672	0	194.8806	194.8806	267.1338979	-1	0
0.307182051	0.9144	-0.037416671	0	194.8805761	194.8805761	267.1338979	-1	0
0.309756117	0.9144	-0.037393012	0	194.255132	194.255132	267.1343854	-1	0
0.309756215	0.9144	-0.037393011	0	194.2551083	194.2551083	267.1343855	-1	0
0.312330257	0.9144	-0.037367278	0	193.6314341	193.6314341	267.1348771	-1	0
0.312330356	0.9144	-0.037367277	0	193.6314105	193.6314105	267.1348771	-1	0
0.314904349	0.9144	-0.037339397	0	193.0110762	193.0110762	267.1353726	-1	0
0.314904448	0.9144	-0.037339395	0	193.0110525	193.0110525	267.1353726	-1	0
0.317478441	0.9144	-0.037309481	0	192.391215	192.391215	267.1358718	-1	0
0.317478539	0.9144	-0.03730948	0	192.3911915	192.3911915	267.1358718	-1	0
0.320052509	0.9144	-0.037277467	0	191.774487	191.774487	267.1363748	-1	0
0.320052607	0.9144	-0.037277465	0	191.7744636	191.7744636	267.1363748	-1	0
0.322626552	0.9144	-0.037243469	0	191.1602512	191.1602512	267.1368812	-1	0
0.322626651	0.9144	-0.037243468	0	191.1602278	191.1602278	267.1368813	-1	0
0.325200572	0.9144	-0.037207413	0	190.547109	190.547109	267.1373912	-1	0
0.32520067	0.9144	-0.037207411	0	190.5470856	190.5470856	267.1373912	-1	0
0.327774542	0.9144	-0.037169422	0	189.9352146	189.9352146	267.1379047	-1	0
0.327774641	0.9144	-0.03716942	0	189.9351913	189.9351913	267.1379047	-1	0
0.330348513	0.9144	-0.037129405	0	189.3268992	189.3268992	267.1384219	-1	0
0.330348611	0.9144	-0.037129403	0	189.3268761	189.3268761	267.138422	-1	0
0.332922436	0.9144	-0.037087507	0	188.721266	188.721266	267.1389433	-1	0
0.332922534	0.9144	-0.037087506	0	188.7212428	188.7212428	267.1389434	-1	0
0.335496309	0.9144	-0.037043615	0	188.1133474	188.1133474	267.1394692	-1	0
0.335496408	0.9144	-0.037043613	0	188.1133243	188.1133243	267.1394692	-1	0
0.338070159	0.9144	-0.036997872	0	187.5086534	187.5086534	267.1399996	-1	0
0.338070257	0.9144	-0.03699787	0	187.5086304	187.5086304	267.1399996	-1	0
0.340643985	0.9144	-0.036950194	0	186.9053226	186.9053226	267.1405347	-1	0
0.340644083	0.9144	-0.036950192	0	186.9052995	186.9052995	267.1405347	-1	0
0.343217786	0.9144	-0.036900676	0	186.2994537	186.2994537	267.1410742	-1	0
0.343217884	0.9144	-0.036900674	0	186.2994307	186.2994307	267.1410742	-1	0
0.345791539	0.9144	-0.036849286	0	185.6948327	185.6948327	267.1416181	-1	0
0.345791637	0.9144	-0.036849284	0	185.6948105	185.6948105	267.1416181	-1	0
0.348365243	0.9144	-0.036796061	0	185.1135593	185.1135593	267.1421667	-1	0
0.348365341	0.9144	-0.036796059	0	185.1135368	185.1135368	267.1421667	-1	0
0.350938923	0.9144	-0.036741038	0	184.5236291	184.5236291	267.1427219	-1	0
0.350939021	0.9144	-0.036741036	0	184.5236044	184.5236044	267.142722	-1	0
0.353512555	0.9144	-0.036684095	0	183.8777635	183.8777635	267.1432847	-1	0
0.353512653	0.9144	-0.036684093	0	183.8777404	183.8777404	267.1432847	-1	0
0.356086138	0.9144	-0.03662542	0	183.2701162	183.2701162	267.1438512	-1	0
0.356086236	0.9144	-0.036625418	0	183.2700954	183.2700954	267.1438512	-1	0
0.358659697	0.9144	-0.036565059	0	182.7258962	182.7258962	267.144419	-1	0
0.358659795	0.9144	-0.036565056	0	182.7258732	182.7258732	267.144419	-1	0
0.361233208	0.9144	-0.036502859	0	182.1228095	182.1228095	267.1449922	-1	0
0.361233306	0.9144	-0.036502857	0	182.1227854	182.1227854	267.1449923	-1	0
0.363806694	0.9144	-0.036438861	0	181.4893256	181.4893256	267.145573	-1	0
0.363806792	0.9144	-0.036438859	0	181.4893038	181.4893038	267.145573	-1	0
0.366380107	0.9144	-0.036373219	0	180.9180823	180.9180823	267.1461583	-1	0
0.366380206	0.9144	-0.036373216	0	180.9180598	180.9180598	267.1461584	-1	0
0.368953497	0.9144	-0.036305821	0	180.3273434	180.3273434	267.1467489	-1	0
0.368953595	0.9144	-0.036305818	0	180.3273193	180.3273193	267.1467489	-1	0
0.371526838	0.9144	-0.036236621	0	179.6955176	179.6955176	267.1473468	-1	0
0.371526936	0.9144	-0.036236618	0	179.6954953	179.6954953	267.1473468	-1	0
0.374100106	0.9144	-0.036165816	0	179.109119	179.109119	267.1479504	-1	0
0.374100204	0.9144	-0.036165813	0	179.1090962	179.1090962	267.1479504	-1	0
0.37667335	0.9144	-0.036093288	0	178.5117221	178.5117221	267.1485596	-1	0
0.376673448	0.9144	-0.036093285	0	178.5116983	178.5116983	267.1485596	-1	0
0.379246546	0.9144	-0.036018995	0	177.8859321	177.8859321	267.1491765	-1	0
0.379246644	0.9144	-0.036018992	0	177.8859093	177.8859093	267.1491765	-1	0
0.381819693	0.9144	-0.035943134	0	177.2881317	177.2881317	267.1498004	-1	0
0.381819791	0.9144	-0.035943131	0	177.2881079	177.2881079	267.1498004	-1	0
0.384392792	0.914400254	-0.035865519	0	176.6642337	176.6642337	267.1504313	-1	0
0.384393049	0.914400254	-0.035865511	0	176.664172	176.664172	267.1504313	-1	0
0.386965842	0.9144	-0.035786233	0	176.0471531	176.0471531	267.1510695	-1	0
0.38696594	0.9144	-0.03578623	0	176.0471304	176.0471304	267.1510695	-1	0
0.38953882	0.9144	-0.035705403	0	175.4523638	175.4523638	267.1517152	-1	0
0.389538918	0.9144	-0.0357054	0	175.4523391	175.4523391	267.1517153	-1	0
0.392111773	0.9144	-0.035622744	0	174.8071645	174.8071645	267.1523703	-1	0
0.392111871	0.9144	-0.035622741	0	174.8071402	174.8071402	267.1523703	-1	0
0.394684654	0.9144	-0.035538541	0	174.1701084	174.1701084	267.1530346	-1	0
0.394684752	0.9144	-0.035538537	0	174.1700845	174.1700845	267.1530346	-1	0
0.397257486	0.9144	-0.035452699	0	173.5439962	173.5439962	267.1537063	-1	0
0.397257584	0.9144	-0.035452696	0	173.543972	173.543972	267.1537063	-1	0
0.399830246	0.9144	-0.035365156	0	172.9106734	172.9106734	267.1543861	-1	0
