#  AE3933

VARIABLES = "X_ICED" "Y_ICED" "Z_ICED"

ZONE T="SLICE_Y_0p9144_BINS01_KS_0p5mm_SINGLE_LAYER"
0.533400008 0.914399982 -0.000448054116
0.533399994 0.914399982 -0.000224026114
0.533399991 0.914399982 1.88940693e-09
0.533399987 0.914399982 0.000224029893
0.533399995 0.914399982 0.000448057897
0.533400004 0.914399982 0.000672085901
0.532685624 0.914399982 0.000772193473
0.531542578 0.914399982 0.000932090434
0.529713585 0.914399982 0.00118707894
0.526786897 0.914399982 0.00159290009
0.522103417 0.914399982 0.00223657466
0.514607964 0.914399982 0.0032526425
0.506371577 0.914399982 0.00434943858
0.498132609 0.914399982 0.00542667815
0.489891152 0.914399982 0.00648470903
0.481647323 0.914399982 0.00752408844
0.473401217 0.914399982 0.00854524793
0.465152907 0.914399982 0.00954845569
0.456902477 0.914399982 0.0105340686
0.448649992 0.914399982 0.0115023295
0.440395522 0.914399982 0.0124535184
0.432139116 0.914399982 0.0133877498
0.423880819 0.914399982 0.0143051192
0.415620669 0.914399982 0.015205656
0.40735871 0.914399982 0.0160894302
0.399094962 0.914399982 0.0169563286
0.390829445 0.914399982 0.0178061818
0.382562186 0.914399982 0.0186389257
0.374293194 0.914399982 0.0194542869
0.366022465 0.914399982 0.0202518314
0.357750021 0.914399982 0.0210313825
0.349475864 0.914399982 0.0217925386
0.341199976 0.914399982 0.0225346398
0.332922358 0.914399982 0.0232571832
0.324643002 0.914399982 0.0239595432
0.316361902 0.914399982 0.0246410209
0.308079049 0.914399982 0.0253008585
0.299794433 0.914399982 0.0259381735
0.291508047 0.914399982 0.0265520466
0.283219883 0.914399982 0.0271414292
0.27492994 0.914399982 0.0277052317
0.266638216 0.914399982 0.0282422175
0.258344719 0.914399982 0.0287510886
0.250049461 0.914399982 0.0292303825
0.241752467 0.914399982 0.0296786272
0.233453768 0.914399982 0.0300941296
0.225153415 0.914399982 0.0304751472
0.216851469 0.914399982 0.0308197141
0.208548015 0.914399982 0.0311257993
0.200243156 0.914399982 0.0313910305
0.19193703 0.914399982 0.0316130535
0.183629805 0.914399982 0.0317892467
0.175535796 0.914399982 0.0319140986
0.167826646 0.914399982 0.0319872562
0.160484313 0.914399982 0.0320130033
0.153491595 0.914399982 0.0319952544
0.146832089 0.914399982 0.0319378188
0.14049016 0.914399982 0.0318441191
0.134450891 0.914399982 0.0317176756
0.128700067 0.914399982 0.0315614542
0.123224125 0.914399982 0.0313785745
0.118010133 0.914399982 0.0311717876
0.113045762 0.914399982 0.0309436514
0.108319244 0.914399982 0.030696767
0.103819378 0.914399982 0.0304331237
0.0995354561 0.914399982 0.0301550666
0.0954572808 0.914399982 0.0298645461
0.0915751261 0.914399982 0.0295633763
0.0878797114 0.914399982 0.0292533156
0.0840469838 0.914399982 0.0289062096
0.0802167986 0.914399982 0.0285320909
0.0763895072 0.914399982 0.0281294441
0.0725655179 0.914399982 0.0276965597
0.0687452754 0.914399982 0.0272317683
0.064929336 0.914399982 0.0267328795
0.0611183305 0.914399982 0.0261976034
0.057312985 0.914399982 0.0256234702
0.0535142236 0.914399982 0.0250072752
0.0497231096 0.914399982 0.0243456578
0.0459409432 0.914399982 0.0236346701
0.0421694081 0.914399982 0.022869289
0.0384104773 0.914399982 0.0220442288
0.0346668648 0.914399982 0.0211522365
0.030941939 0.914399982 0.0201851727
0.0272403822 0.914399982 0.0191321958
0.0235685341 0.914399982 0.0179798843
0.0199356235 0.914399982 0.016710139
0.0163551785 0.914399982 0.0152992111
0.0128491814 0.914399982 0.0137122879
0.00933442425 0.914399981 0.0128585967
0.00511636249 0.914399982 0.0143388011
-0.00107857857 0.914399982 0.0168648003
-0.0061131565 0.914399982 0.0130284578
-0.00901573401 0.914399982 0.00769253585
-0.00986795491 0.914399981 0.00241566289
-0.00878696049 0.914399981 -0.00236640235
-0.00635809318 0.914399982 -0.00570181247
-0.00375819294 0.914399982 -0.00752618894
-0.00175637768 0.914399981 -0.00914714726
-7.93355269e-05 0.914399982 -0.0114305748
0.00217051382 0.914399981 -0.014369078
0.00546913805 0.914399981 -0.0176073298
0.00926971114 0.914399981 -0.0203203483
0.0133156203 0.914399982 -0.0224080681
0.0173850751 0.914399981 -0.0240085909
0.0213894008 0.914399981 -0.0253186911
0.0253415722 0.914399982 -0.0264571674
0.0292869383 0.914399982 -0.0274710288
0.0333034278 0.914399981 -0.0283809898
0.0375276766 0.914399981 -0.0291874709
0.0419825685 0.914399982 -0.0296717215
0.0462508357 0.914399982 -0.0286598584
0.0500422099 0.914399982 -0.0264469792
0.0537581293 0.914399982 -0.0264958411
0.057556565 0.914399982 -0.0267205272
0.0614075713 0.914399982 -0.0269496897
0.0652700174 0.914399982 -0.0271719727
0.0691332171 0.914399982 -0.0273914678
0.0729840168 0.914399982 -0.0277454884
0.0768273202 0.914399982 -0.0281770067
0.0806739047 0.914399982 -0.0285782259
0.0845233667 0.914399982 -0.0289508275
0.0883753581 0.914399982 -0.0292963007
0.0921723098 0.914399982 -0.0296113526
0.0961611503 0.914399982 -0.0299165569
0.100351403 0.914399982 -0.0302101332
0.104753054 0.914399982 -0.0304901843
0.109376582 0.914399982 -0.0307545341
0.114232956 0.914399982 -0.0310011623
0.119333704 0.914399982 -0.0312274389
0.12469089 0.914399982 -0.0314310286
0.13031718 0.914399982 -0.0316090376
0.136225844 0.914399982 -0.0317587348
0.142430807 0.914399982 -0.0318769452
0.148946664 0.914399982 -0.0319604654
0.155788727 0.914399982 -0.0320057999
0.162973049 0.914399982 -0.0320092596
0.17051647 0.914399982 -0.0319670123
0.178436651 0.914399982 -0.0318748827
0.186668494 0.914399982 -0.0317302915
0.194899382 0.914399982 -0.0315389771
0.203129129 0.914399982 -0.0313035916
0.211357581 0.914399982 -0.0310266417
0.219584618 0.914399982 -0.0307104125
0.227810143 0.914399982 -0.0303570527
0.236034083 0.914399982 -0.02996853
0.244256381 0.914399982 -0.029546695
0.252476996 0.914399982 -0.0290932332
0.260695899 0.914399982 -0.0286097324
0.268913069 0.914399982 -0.0280976393
0.277128497 0.914399982 -0.0275582988
0.285342173 0.914399982 -0.0269929196
0.293554103 0.914399982 -0.0264027129
0.30176429 0.914399982 -0.0257887329
0.30997274 0.914399982 -0.0251519596
0.318179461 0.914399982 -0.024493279
0.326384463 0.914399982 -0.0238135129
0.334587753 0.914399982 -0.0231133996
0.342789342 0.914399982 -0.0223936188
0.350989234 0.914399982 -0.0216547695
0.35918743 0.914399982 -0.0208973241
0.367383934 0.914399982 -0.0201217886
0.37557875 0.914399982 -0.0193286179
0.383771879 0.914399982 -0.0185182035
0.391963292 0.914399982 -0.0176906245
0.400152994 0.914399982 -0.0168462758
0.408340957 0.914399982 -0.0159852393
0.416527174 0.914399982 -0.0151077437
0.424711588 0.914399982 -0.0142136014
0.432894189 0.914399982 -0.013303011
0.441074934 0.914399982 -0.0123758934
0.449253777 0.914399982 -0.0114321437
0.457430648 0.914399982 -0.0104714608
0.465605512 0.914399982 -0.00949384193
0.473778288 0.914399982 -0.00849891854
0.481948901 0.914399982 -0.00748638651
0.490117272 0.914399982 -0.00645592718
0.498283313 0.914399982 -0.00540716446
0.506446902 0.914399982 -0.00433948132
0.514607963 0.914399982 -0.00325264134
0.522103416 0.914399982 -0.00223657105
0.526786897 0.914399982 -0.00159289913
0.529713585 0.914399982 -0.00118707392
0.531542578 0.914399982 -0.000932086132
0.532685624 0.914399982 -0.000772191035
0.533400004 0.914399982 -0.000672082119
0.533400004 0.914399982 -0.000672082119

ZONE T="SLICE_Y_0p9144_BINS03_KS_0p5mm_SINGLE_LAYER"
0.533400008 0.914399982 -0.000448054116
0.533399994 0.914399982 -0.000224026114
0.533399991 0.914399982 1.88940693e-09
0.533399987 0.914399982 0.000224029893
0.533399995 0.914399982 0.000448057897
0.533400004 0.914399982 0.000672085901
0.532685624 0.914399982 0.000772193473
0.531542578 0.914399982 0.000932090434
0.529713585 0.914399982 0.00118707894
0.526786897 0.914399982 0.00159290009
0.522103417 0.914399982 0.00223657466
0.514607964 0.914399982 0.0032526425
0.506371577 0.914399982 0.00434943858
0.498132609 0.914399982 0.00542667815
0.489891152 0.914399982 0.00648470903
0.481647323 0.914399982 0.00752408844
0.473401217 0.914399982 0.00854524793
0.465152907 0.914399982 0.00954845569
0.456902477 0.914399982 0.0105340686
0.448649992 0.914399982 0.0115023295
0.440395522 0.914399982 0.0124535184
0.432139116 0.914399982 0.0133877498
0.423880819 0.914399982 0.0143051192
0.415620669 0.914399982 0.015205656
0.40735871 0.914399982 0.0160894302
0.399094962 0.914399982 0.0169563286
0.390829445 0.914399982 0.0178061818
0.382562186 0.914399982 0.0186389257
0.374293194 0.914399982 0.0194542869
0.366022465 0.914399982 0.0202518314
0.357750021 0.914399982 0.0210313825
0.349475864 0.914399982 0.0217925386
0.341199976 0.914399982 0.0225346398
0.332922358 0.914399982 0.0232571832
0.324643002 0.914399982 0.0239595432
0.316361902 0.914399982 0.0246410209
0.308079049 0.914399982 0.0253008585
0.299794433 0.914399982 0.0259381735
0.291508047 0.914399982 0.0265520466
0.283219883 0.914399982 0.0271414292
0.27492994 0.914399982 0.0277052317
0.266638216 0.914399982 0.0282422175
0.258344719 0.914399982 0.0287510886
0.250049461 0.914399982 0.0292303825
0.241752467 0.914399982 0.0296786272
0.233453768 0.914399982 0.0300941296
0.225153415 0.914399982 0.0304751472
0.216851469 0.914399982 0.0308197141
0.208548015 0.914399982 0.0311257993
0.200243156 0.914399982 0.0313910305
0.19193703 0.914399982 0.0316130535
0.183629805 0.914399982 0.0317892467
0.175535796 0.914399982 0.0319140986
0.167826646 0.914399982 0.0319872562
0.160484313 0.914399982 0.0320130033
0.153491595 0.914399982 0.0319952544
0.146832089 0.914399982 0.0319378188
0.14049016 0.914399982 0.0318441191
0.134450891 0.914399982 0.0317176756
0.128700067 0.914399982 0.0315614542
0.123224125 0.914399982 0.0313785745
0.118010133 0.914399982 0.0311717876
0.113045762 0.914399982 0.0309436514
0.108319244 0.914399982 0.030696767
0.103819378 0.914399982 0.0304331237
0.0995354561 0.914399982 0.0301550666
0.0954572808 0.914399982 0.0298645461
0.0915751261 0.914399982 0.0295633763
0.0878797114 0.914399982 0.0292533156
0.0840469838 0.914399982 0.0289062096
0.0802167986 0.914399982 0.0285320909
0.0763895072 0.914399982 0.0281294441
0.0725655179 0.914399982 0.0276965597
0.0687452754 0.914399982 0.0272317683
0.064929336 0.914399982 0.0267328795
0.0611183305 0.914399982 0.0261976034
0.057312985 0.914399982 0.0256234702
0.0535142236 0.914399982 0.0250072752
0.0497231096 0.914399982 0.0243456578
0.0459409432 0.914399982 0.0236346701
0.0421694081 0.914399982 0.022869289
0.0384104773 0.914399982 0.0220442288
0.0346668648 0.914399982 0.0211522365
0.030941939 0.914399982 0.0201851727
0.0272276789 0.914399982 0.0191773271
0.0234848024 0.914399982 0.0182580782
0.019750489 0.914399982 0.017274454
0.0160363877 0.914399982 0.0162015946
0.0123880427 0.914399982 0.0150501159
0.00885992619 0.914399982 0.0139854053
0.00486659725 0.914399982 0.0146499145
-0.00117521175 0.914399982 0.0166262998
-0.00607912569 0.914399982 0.0130385615
-0.00895581955 0.914399981 0.00772381493
-0.00982496986 0.914399981 0.00243528391
-0.00875782947 0.914399982 -0.0023521204
-0.00632965882 0.914399982 -0.00568674839
-0.00372479072 0.914399982 -0.00750436931
-0.00172009222 0.914399981 -0.00911973781
-4.31431405e-05 0.914399982 -0.0114002347
0.00220516057 0.914399981 -0.0143340222
0.00549971635 0.914399981 -0.0175660987
0.00929367456 0.914399981 -0.0202746839
0.0133319719 0.914399982 -0.022360648
0.0173938544 0.914399981 -0.0239655154
0.0213944101 0.914399981 -0.0252837597
0.0253560608 0.914399982 -0.0264263621
0.0293566194 0.914399981 -0.0274393405
0.0335259191 0.914399982 -0.028346212
0.0379250933 0.914399981 -0.0290015015
0.0422465536 0.914399981 -0.0284875612
0.0461601884 0.914399982 -0.0264915843
0.0498621024 0.914399982 -0.0265953092
0.0536321471 0.914399982 -0.02689502
0.0574688893 0.914399982 -0.0272068649
0.0613236803 0.914399982 -0.027525945
0.0651673894 0.914399982 -0.0279682027
0.0690178023 0.914399982 -0.0283870212
0.0728733785 0.914399982 -0.0287764585
0.0767315416 0.914399982 -0.0291377085
0.0805912887 0.914399982 -0.0294722241
0.0844523384 0.914399982 -0.0297815162
0.088314538 0.914399982 -0.0300668463
0.0921204543 0.914399982 -0.030324441
0.0961174338 0.914399982 -0.0305730718
0.100315117 0.914399982 -0.0308100871
0.104723513 0.914399982 -0.0310335
0.109353087 0.914399982 -0.0312413462
0.11421481 0.914399982 -0.0314315655
0.119320206 0.914399982 -0.0316016319
0.124681339 0.914399982 -0.0317493748
0.13031088 0.914399982 -0.0318719751
0.136222107 0.914399982 -0.0319669418
0.142428958 0.914399982 -0.0320311544
0.14894604 0.914399982 -0.0320617889
0.15578869 0.914399982 -0.0320555429
0.162973054 0.914399982 -0.0320104101
0.17051647 0.914399982 -0.0319670123
0.178436651 0.914399982 -0.0318748827
0.186668494 0.914399982 -0.0317302915
0.194899382 0.914399982 -0.0315389771
0.203129129 0.914399982 -0.0313035916
0.211357581 0.914399982 -0.0310266417
0.219584618 0.914399982 -0.0307104125
0.227810143 0.914399982 -0.0303570527
0.236034083 0.914399982 -0.02996853
0.244256381 0.914399982 -0.029546695
0.252476996 0.914399982 -0.0290932332
0.260695899 0.914399982 -0.0286097324
0.268913069 0.914399982 -0.0280976393
0.277128497 0.914399982 -0.0275582988
0.285342173 0.914399982 -0.0269929196
0.293554103 0.914399982 -0.0264027129
0.30176429 0.914399982 -0.0257887329
0.30997274 0.914399982 -0.0251519596
0.318179461 0.914399982 -0.024493279
0.326384463 0.914399982 -0.0238135129
0.334587753 0.914399982 -0.0231133996
0.342789342 0.914399982 -0.0223936188
0.350989234 0.914399982 -0.0216547695
0.35918743 0.914399982 -0.0208973241
0.367383934 0.914399982 -0.0201217886
0.37557875 0.914399982 -0.0193286179
0.383771879 0.914399982 -0.0185182035
0.391963292 0.914399982 -0.0176906245
0.400152994 0.914399982 -0.0168462758
0.408340957 0.914399982 -0.0159852393
0.416527174 0.914399982 -0.0151077437
0.424711588 0.914399982 -0.0142136014
0.432894189 0.914399982 -0.013303011
0.441074934 0.914399982 -0.0123758934
0.449253777 0.914399982 -0.0114321437
0.457430648 0.914399982 -0.0104714608
0.465605512 0.914399982 -0.00949384193
0.473778288 0.914399982 -0.00849891854
0.481948901 0.914399982 -0.00748638651
0.490117272 0.914399982 -0.00645592718
0.498283313 0.914399982 -0.00540716446
0.506446902 0.914399982 -0.00433948132
0.514607963 0.914399982 -0.00325264134
0.522103416 0.914399982 -0.00223657105
0.526786897 0.914399982 -0.00159289913
0.529713585 0.914399982 -0.00118707392
0.531542578 0.914399982 -0.000932086132
0.532685624 0.914399982 -0.000772191035
0.533400004 0.914399982 -0.000672082119
0.533400004 0.914399982 -0.000672082119

ZONE T="SLICE_Y_0p9144_BINS07_KS_0p5mm_SINGLE_LAYER"
0.533400008 0.914399982 -0.000448054116
0.533399994 0.914399982 -0.000224026114
0.533399991 0.914399982 1.88940693e-09
0.533399987 0.914399982 0.000224029893
0.533399995 0.914399982 0.000448057897
0.533400004 0.914399982 0.000672085901
0.532685624 0.914399982 0.000772193473
0.531542578 0.914399982 0.000932090434
0.529713585 0.914399982 0.00118707894
0.526786897 0.914399982 0.00159290009
0.522103417 0.914399982 0.00223657466
0.514607964 0.914399982 0.0032526425
0.506371577 0.914399982 0.00434943858
0.498132609 0.914399982 0.00542667815
0.489891152 0.914399982 0.00648470903
0.481647323 0.914399982 0.00752408844
0.473401217 0.914399982 0.00854524793
0.465152907 0.914399982 0.00954845569
0.456902477 0.914399982 0.0105340686
0.448649992 0.914399982 0.0115023295
0.440395522 0.914399982 0.0124535184
0.432139116 0.914399982 0.0133877498
0.423880819 0.914399982 0.0143051192
0.415620669 0.914399982 0.015205656
0.40735871 0.914399982 0.0160894302
0.399094962 0.914399982 0.0169563286
0.390829445 0.914399982 0.0178061818
0.382562186 0.914399982 0.0186389257
0.374293194 0.914399982 0.0194542869
0.366022465 0.914399982 0.0202518314
0.357750021 0.914399982 0.0210313825
0.349475864 0.914399982 0.0217925386
0.341199976 0.914399982 0.0225346398
0.332922358 0.914399982 0.0232571832
0.324643002 0.914399982 0.0239595432
0.316361902 0.914399982 0.0246410209
0.308079049 0.914399982 0.0253008585
0.299794433 0.914399982 0.0259381735
0.291508047 0.914399982 0.0265520466
0.283219883 0.914399982 0.0271414292
0.27492994 0.914399982 0.0277052317
0.266638216 0.914399982 0.0282422175
0.258344719 0.914399982 0.0287510886
0.250049461 0.914399982 0.0292303825
0.241752467 0.914399982 0.0296786272
0.233453768 0.914399982 0.0300941296
0.225153415 0.914399982 0.0304751472
0.216851469 0.914399982 0.0308197141
0.208548015 0.914399982 0.0311257993
0.200243156 0.914399982 0.0313910305
0.19193703 0.914399982 0.0316130535
0.183629805 0.914399982 0.0317892467
0.175535796 0.914399982 0.0319140986
0.167826646 0.914399982 0.0319872562
0.160484313 0.914399982 0.0320130033
0.153491595 0.914399982 0.0319952544
0.146832089 0.914399982 0.0319378188
0.14049016 0.914399982 0.0318441191
0.134450891 0.914399982 0.0317176756
0.128700067 0.914399982 0.0315614542
0.123224125 0.914399982 0.0313785745
0.118010133 0.914399982 0.0311717876
0.113045762 0.914399982 0.0309436514
0.108319244 0.914399982 0.030696767
0.103819378 0.914399982 0.0304331237
0.0995354561 0.914399982 0.0301550666
0.0954572808 0.914399982 0.0298645461
0.0915751261 0.914399982 0.0295633763
0.0878797114 0.914399982 0.0292533156
0.0840469838 0.914399982 0.0289062096
0.0802167986 0.914399982 0.0285320909
0.0763895072 0.914399982 0.0281294441
0.0725655179 0.914399982 0.0276965597
0.0687452754 0.914399982 0.0272317683
0.0649292099 0.914399982 0.0267338079
0.0611178392 0.914399982 0.0262009726
0.0573120437 0.914399982 0.0256294772
0.0535127314 0.914399982 0.0250161284
0.0497209482 0.914399982 0.0243575774
0.0459379708 0.914399982 0.0236499289
0.0421654512 0.914399982 0.0228882254
0.0383968839 0.914399982 0.0221047092
0.0346401825 0.914399982 0.0212619582
0.0308985223 0.914399982 0.0203498122
0.0271756633 0.914399982 0.0193596136
0.0234655398 0.914399982 0.0183171899
0.0197362853 0.914399982 0.0173191982
0.0160267791 0.914399982 0.0162515916
0.0123473415 0.914399982 0.0151943047
0.00867897055 0.914399982 0.0144714341
0.00479928431 0.914399981 0.0145006971
-0.00085593499 0.914399982 0.0161426811
-0.00588093469 0.914399982 0.0131208285
-0.00886393298 0.914399982 0.00783913333
-0.00978071755 0.914399981 0.00248728524
-0.00874114908 0.914399982 -0.00233031196
-0.00631762466 0.914399982 -0.00567443224
-0.00371093785 0.914399982 -0.00749272646
-0.00170493594 0.914399981 -0.00910706601
-2.81809803e-05 0.914399982 -0.0113868379
0.00221885376 0.914399981 -0.0143192839
0.00551126894 0.914399981 -0.0175497903
0.00930333624 0.914399981 -0.0202572468
0.013340274 0.914399982 -0.0223438834
0.0174026664 0.914399981 -0.0239466583
0.0214047086 0.914399981 -0.0252597216
0.0253776872 0.914399982 -0.0263976388
0.0294335931 0.914399981 -0.0274154795
0.033711666 0.914399982 -0.0283176414
0.0381071362 0.914399981 -0.0287293245
0.0422715387 0.914399981 -0.0270801051
0.0460324146 0.914399982 -0.0265509203
0.0497549975 0.914399981 -0.0268513981
0.0535580075 0.914399982 -0.0272284464
0.057407585 0.914399982 -0.027601991
0.0612639676 0.914399982 -0.0280053428
0.0651247475 0.914399982 -0.0283855935
0.068987957 0.914399982 -0.0287389427
0.0728521083 0.914399982 -0.0290669762
0.0767167172 0.914399982 -0.0293710064
0.0805817139 0.914399982 -0.0296521495
0.0844470254 0.914399982 -0.0299116506
0.0883124613 0.914399982 -0.0301507648
0.0921205259 0.914399982 -0.0303657236
0.0961184192 0.914399982 -0.0305815957
0.100315131 0.914399982 -0.0308182783
0.104723107 0.914399982 -0.0310422589
0.109352612 0.914399982 -0.0312507047
0.114214359 0.914399981 -0.0314415606
0.119319793 0.914399981 -0.0316123243
0.124680967 0.914399982 -0.0317608825
0.130310553 0.914399982 -0.0318844076
0.136221811 0.914399982 -0.0319805187
0.142428671 0.914399982 -0.0320461975
0.14894576 0.914399982 -0.032082834
0.155788504 0.914399982 -0.0321116364
0.162973369 0.914399982 -0.0320988267
0.170517167 0.914399982 -0.0320404863
0.178437537 0.914399982 -0.0319325237
0.186669388 0.914399982 -0.031772634
0.194900124 0.914399982 -0.0315669146
0.203129587 0.914399982 -0.0313180996
0.211357783 0.914399982 -0.0310322194
0.219584798 0.914399982 -0.0307148404
0.227810294 0.914399982 -0.0303603958
0.236034197 0.914399982 -0.0299708474
0.244256453 0.914399982 -0.0295480438
0.252477021 0.914399982 -0.0290936681
0.260695899 0.914399982 -0.0286097324
0.268913069 0.914399982 -0.0280976393
0.277128497 0.914399982 -0.0275582988
0.285342173 0.914399982 -0.0269929196
0.293554103 0.914399982 -0.0264027129
0.30176429 0.914399982 -0.0257887329
0.30997274 0.914399982 -0.0251519596
0.318179461 0.914399982 -0.024493279
0.326384463 0.914399982 -0.0238135129
0.334587753 0.914399982 -0.0231133996
0.342789342 0.914399982 -0.0223936188
0.350989234 0.914399982 -0.0216547695
0.35918743 0.914399982 -0.0208973241
0.367383934 0.914399982 -0.0201217886
0.37557875 0.914399982 -0.0193286179
0.383771879 0.914399982 -0.0185182035
0.391963292 0.914399982 -0.0176906245
0.400152994 0.914399982 -0.0168462758
0.408340957 0.914399982 -0.0159852393
0.416527174 0.914399982 -0.0151077437
0.424711588 0.914399982 -0.0142136014
0.432894189 0.914399982 -0.013303011
0.441074934 0.914399982 -0.0123758934
0.449253777 0.914399982 -0.0114321437
0.457430648 0.914399982 -0.0104714608
0.465605512 0.914399982 -0.00949384193
0.473778288 0.914399982 -0.00849891854
0.481948901 0.914399982 -0.00748638651
0.490117272 0.914399982 -0.00645592718
0.498283313 0.914399982 -0.00540716446
0.506446902 0.914399982 -0.00433948132
0.514607963 0.914399982 -0.00325264134
0.522103416 0.914399982 -0.00223657105
0.526786897 0.914399982 -0.00159289913
0.529713585 0.914399982 -0.00118707392
0.531542578 0.914399982 -0.000932086132
0.532685624 0.914399982 -0.000772191035
0.533400004 0.914399982 -0.000672082119
0.533400004 0.914399982 -0.000672082119

ZONE T="SLICE_Y_0p9144_BINS15_KS_0p5mm_SINGLE_LAYER"
0.533400008 0.914399982 -0.000448054116
0.533399994 0.914399982 -0.000224026114
0.533399991 0.914399982 1.88940693e-09
0.533399987 0.914399982 0.000224029893
0.533399995 0.914399982 0.000448057897
0.533400004 0.914399982 0.000672085901
0.532685624 0.914399982 0.000772193473
0.531542578 0.914399982 0.000932090434
0.529713585 0.914399982 0.00118707894
0.526786897 0.914399982 0.00159290009
0.522103417 0.914399982 0.00223657466
0.514607964 0.914399982 0.0032526425
0.506371577 0.914399982 0.00434943858
0.498132609 0.914399982 0.00542667815
0.489891152 0.914399982 0.00648470903
0.481647323 0.914399982 0.00752408844
0.473401217 0.914399982 0.00854524793
0.465152907 0.914399982 0.00954845569
0.456902477 0.914399982 0.0105340686
0.448649992 0.914399982 0.0115023295
0.440395522 0.914399982 0.0124535184
0.432139116 0.914399982 0.0133877498
0.423880819 0.914399982 0.0143051192
0.415620669 0.914399982 0.015205656
0.40735871 0.914399982 0.0160894302
0.399094962 0.914399982 0.0169563286
0.390829445 0.914399982 0.0178061818
0.382562186 0.914399982 0.0186389257
0.374293194 0.914399982 0.0194542869
0.366022465 0.914399982 0.0202518314
0.357750021 0.914399982 0.0210313825
0.349475864 0.914399982 0.0217925386
0.341199976 0.914399982 0.0225346398
0.332922358 0.914399982 0.0232571832
0.324643002 0.914399982 0.0239595432
0.316361902 0.914399982 0.0246410209
0.308079049 0.914399982 0.0253008585
0.299794433 0.914399982 0.0259381735
0.291508047 0.914399982 0.0265520466
0.283219883 0.914399982 0.0271414292
0.27492994 0.914399982 0.0277052317
0.266638216 0.914399982 0.0282422175
0.258344719 0.914399982 0.0287510886
0.250049461 0.914399982 0.0292303825
0.241752467 0.914399982 0.0296786272
0.233453768 0.914399982 0.0300941296
0.225153415 0.914399982 0.0304751472
0.216851469 0.914399982 0.0308197141
0.208548015 0.914399982 0.0311257993
0.200243156 0.914399982 0.0313910305
0.19193703 0.914399982 0.0316130535
0.183629805 0.914399982 0.0317892467
0.175535796 0.914399982 0.0319140986
0.167826646 0.914399982 0.0319872562
0.160484313 0.914399982 0.0320130033
0.153491595 0.914399982 0.0319952544
0.146832089 0.914399982 0.0319378188
0.14049016 0.914399982 0.0318441191
0.134450891 0.914399982 0.0317176756
0.128700067 0.914399982 0.0315614542
0.123224125 0.914399982 0.0313785745
0.118010133 0.914399982 0.0311717876
0.113045762 0.914399982 0.0309436514
0.108319244 0.914399982 0.030696767
0.103819378 0.914399982 0.0304331237
0.0995354561 0.914399982 0.0301550666
0.0954572808 0.914399982 0.0298645461
0.0915751261 0.914399982 0.0295633763
0.0878797114 0.914399982 0.0292533156
0.0840469838 0.914399982 0.0289062096
0.0802167986 0.914399982 0.0285320909
0.0763895072 0.914399982 0.0281294441
0.0725655179 0.914399982 0.0276965597
0.0687452754 0.914399982 0.0272317683
0.0649292028 0.914399982 0.0267338606
0.0611178113 0.914399982 0.0262011654
0.057311991 0.914399982 0.0256298214
0.0535126501 0.914399982 0.0250166385
0.0497197761 0.914399982 0.0243641191
0.0459347465 0.914399982 0.0236665651
0.0421596622 0.914399982 0.0229158781
0.0383956008 0.914399982 0.0221102697
0.034639324 0.914399982 0.0212656479
0.0308977608 0.914399982 0.0203537224
0.0271661193 0.914399982 0.0193946195
0.0234452614 0.914399982 0.018383654
0.0197306941 0.914399982 0.0173350283
0.0160208569 0.914399982 0.0162676804
0.0123262028 0.914399981 0.0152486644
0.00866778372 0.914399981 0.0144803096
0.00479516902 0.914399981 0.0144728542
-0.000798992893 0.914399982 0.0160716994
-0.0058502458 0.914399981 0.0131365763
-0.00884841493 0.914399981 0.00785576044
-0.00977486212 0.914399981 0.00249491641
-0.00873841906 0.914399981 -0.00232715252
-0.00631580452 0.914399981 -0.00567262391
-0.00370893159 0.914399982 -0.0074910445
-0.00170258674 0.914399981 -0.00910513102
-2.58891155e-05 0.914399982 -0.0113848204
0.00222096439 0.914399981 -0.0143170322
0.00551301303 0.914399981 -0.0175472411
0.00930454292 0.914399981 -0.0202545174
0.0133406831 0.914399982 -0.0223413412
0.0174022965 0.914399981 -0.0239443655
0.0214040975 0.914399981 -0.0252588119
0.0253791417 0.914399982 -0.0263999989
0.0294447782 0.914399982 -0.0274149762
0.0337374886 0.914399981 -0.0283122525
0.0381304418 0.914399981 -0.0286905723
0.0422760532 0.914399981 -0.0268864291
0.04601741 0.914399981 -0.0265239303
0.049741329 0.914399981 -0.0268604185
0.053549095 0.914399982 -0.027257462
0.0574019498 0.914399982 -0.0276435084
0.0612626629 0.914399982 -0.0280325923
0.0651258236 0.914399982 -0.0283977678
0.0689898443 0.914399982 -0.0287376087
0.0728538507 0.914399982 -0.0290546444
0.0767170149 0.914399982 -0.0293613338
0.0805804383 0.914399982 -0.0296534029
0.0844448085 0.914399982 -0.0299234666
0.0883097166 0.914399982 -0.0301723583
0.0921174735 0.914399982 -0.0303996518
0.0961153111 0.914399982 -0.030630462
0.100313832 0.914399982 -0.0308504694
0.104722937 0.914399982 -0.0310576068
0.109352719 0.914399982 -0.0312571821
0.11421447 0.914399982 -0.0314434882
0.1193199 0.914399982 -0.0316101822
0.124680882 0.914399982 -0.0317608404
0.130310271 0.914399982 -0.0318898496
0.136221406 0.914399982 -0.0319941269
0.142428248 0.914399982 -0.0320722136
0.148945495 0.914399982 -0.0321195484
0.155788523 0.914399982 -0.0321330521
0.162973464 0.914399982 -0.0321096316
0.170517206 0.914399982 -0.0320418072
0.178437551 0.914399982 -0.0319329612
0.186669399 0.914399982 -0.0317732074
0.19490014 0.914399982 -0.0315676383
0.203129722 0.914399982 -0.0313224702
0.21135809 0.914399982 -0.0310406937
0.219585006 0.914399982 -0.0307199276
0.227810381 0.914399982 -0.0303623082
0.236034204 0.914399982 -0.0299709803
0.244256457 0.914399982 -0.029548121
0.252477022 0.914399982 -0.0290936928
0.260695899 0.914399982 -0.0286097324
0.268913069 0.914399982 -0.0280976393
0.277128497 0.914399982 -0.0275582988
0.285342173 0.914399982 -0.0269929196
0.293554103 0.914399982 -0.0264027129
0.30176429 0.914399982 -0.0257887329
0.30997274 0.914399982 -0.0251519596
0.318179461 0.914399982 -0.024493279
0.326384463 0.914399982 -0.0238135129
0.334587753 0.914399982 -0.0231133996
0.342789342 0.914399982 -0.0223936188
0.350989234 0.914399982 -0.0216547695
0.35918743 0.914399982 -0.0208973241
0.367383934 0.914399982 -0.0201217886
0.37557875 0.914399982 -0.0193286179
0.383771879 0.914399982 -0.0185182035
0.391963292 0.914399982 -0.0176906245
0.400152994 0.914399982 -0.0168462758
0.408340957 0.914399982 -0.0159852393
0.416527174 0.914399982 -0.0151077437
0.424711588 0.914399982 -0.0142136014
0.432894189 0.914399982 -0.013303011
0.441074934 0.914399982 -0.0123758934
0.449253777 0.914399982 -0.0114321437
0.457430648 0.914399982 -0.0104714608
0.465605512 0.914399982 -0.00949384193
0.473778288 0.914399982 -0.00849891854
0.481948901 0.914399982 -0.00748638651
0.490117272 0.914399982 -0.00645592718
0.498283313 0.914399982 -0.00540716446
0.506446902 0.914399982 -0.00433948132
0.514607963 0.914399982 -0.00325264134
0.522103416 0.914399982 -0.00223657105
0.526786897 0.914399982 -0.00159289913
0.529713585 0.914399982 -0.00118707392
0.531542578 0.914399982 -0.000932086132
0.532685624 0.914399982 -0.000772191035
0.533400004 0.914399982 -0.000672082119
0.533400004 0.914399982 -0.000672082119

ZONE T="SLICE_Y_0p9144_BINS01_KS_0p5mm_CUTDATA_VAR_DENSITY"
0.533400008 0.914399982 -0.000448054116
0.533399994 0.914399982 -0.000224026114
0.533399991 0.914399982 1.88940693e-09
0.533399987 0.914399982 0.000224029893
0.533399995 0.914399982 0.000448057897
0.533399995 0.914399982 0.000448057897
0.533400004 0.914399982 0.000672085901
0.532685624 0.914399982 0.000772193473
0.531542578 0.914399982 0.000932090434
0.529713585 0.914399982 0.00118707894
0.526786897 0.914399982 0.00159290009
0.522103417 0.914399982 0.00223657466
0.514607964 0.914399982 0.0032526425
0.506371577 0.914399982 0.00434943858
0.498132609 0.914399982 0.00542667815
0.489891152 0.914399982 0.00648470903
0.481647323 0.914399982 0.00752408844
0.473401217 0.914399982 0.00854524793
0.465152907 0.914399982 0.00954845569
0.456902477 0.914399982 0.0105340686
0.448649992 0.914399982 0.0115023295
0.440395522 0.914399982 0.0124535184
0.432139116 0.914399982 0.0133877498
0.423880819 0.914399982 0.0143051192
0.415620669 0.914399982 0.015205656
0.40735871 0.914399982 0.0160894302
0.399094962 0.914399982 0.0169563286
0.390829445 0.914399982 0.0178061818
0.382562186 0.914399982 0.0186389257
0.374293194 0.914399982 0.0194542869
0.366022465 0.914399982 0.0202518314
0.357750021 0.914399982 0.0210313825
0.349475864 0.914399982 0.0217925386
0.341199976 0.914399982 0.0225346398
0.332922358 0.914399982 0.0232571832
0.324643002 0.914399982 0.0239595432
0.316361902 0.914399982 0.0246410209
0.308079049 0.914399982 0.0253008585
0.299794433 0.914399982 0.0259381735
0.291508047 0.914399982 0.0265520466
0.283219883 0.914399982 0.0271414292
0.27492994 0.914399982 0.0277052317
0.266638216 0.914399982 0.0282422175
0.258344719 0.914399982 0.0287510886
0.250049461 0.914399982 0.0292303825
0.241752467 0.914399982 0.0296786272
0.233453768 0.914399982 0.0300941296
0.225153415 0.914399982 0.0304751472
0.216851469 0.914399982 0.0308197141
0.208548015 0.914399982 0.0311257993
0.200243156 0.914399982 0.0313910305
0.19193703 0.914399982 0.0316130535
0.183629805 0.914399982 0.0317892467
0.175535796 0.914399982 0.0319140986
0.167826646 0.914399982 0.0319872562
0.160484313 0.914399982 0.0320130033
0.153491595 0.914399982 0.0319952544
0.146832089 0.914399982 0.0319378188
0.14049016 0.914399982 0.0318441191
0.134450891 0.914399982 0.0317176756
0.128700067 0.914399982 0.0315614542
0.123224125 0.914399982 0.0313785745
0.118010133 0.914399982 0.0311717876
0.113045762 0.914399982 0.0309436514
0.108319244 0.914399982 0.030696767
0.103819378 0.914399982 0.0304331237
0.0995354561 0.914399982 0.0301550666
0.0954572808 0.914399982 0.0298645461
0.0915751261 0.914399982 0.0295633763
0.0878797114 0.914399982 0.0292533156
0.0840469838 0.914399982 0.0289062096
0.0802167986 0.914399982 0.0285320909
0.0763895072 0.914399982 0.0281294441
0.0725655179 0.914399982 0.0276965597
0.0687452754 0.914399982 0.0272317683
0.064929336 0.914399982 0.0267328795
0.0611183305 0.914399982 0.0261976034
0.057312985 0.914399982 0.0256234702
0.0535142236 0.914399982 0.0250072752
0.0497231096 0.914399982 0.0243456578
0.0459409432 0.914399982 0.0236346701
0.0421694081 0.914399982 0.022869289
0.0384104773 0.914399982 0.0220442288
0.0346668648 0.914399982 0.0211522365
0.030941939 0.914399982 0.0201851727
0.0272403822 0.914399982 0.0191321958
0.0235685341 0.914399982 0.0179798843
0.0199356235 0.914399982 0.016710139
0.0163551785 0.914399982 0.0152992111
0.0128482713 0.914399981 0.0139159848
0.00926842593 0.914399982 0.0162973404
0.0032359509 0.914399982 0.0204445431
-0.00611596726 0.914399981 0.0194384431
-0.0086267564 0.914399982 0.0109888869
-0.00984609879 0.914399982 0.00588759977
-0.00974203421 0.914399981 0.00146839249
-0.00829015403 0.914399982 -0.00259274434
-0.00587331378 0.914399981 -0.00552023476
-0.00336448582 0.914399982 -0.00721348425
-0.00139341551 0.914399981 -0.00881507149
0.000287237423 0.914399982 -0.0110812284
0.00251082795 0.914399981 -0.013971459
0.0057020421 0.914399981 -0.0171812885
0.00935401905 0.914399981 -0.0199430112
0.0132635888 0.914399982 -0.02214933
0.0172181649 0.914399982 -0.0239075542
0.021096579 0.914399981 -0.0254087884
0.0248578303 0.914399982 -0.0267974231
0.0284637719 0.914399981 -0.028166135
0.0319045415 0.914399982 -0.0295699328
0.0354336176 0.914399982 -0.0311558756
0.03968002 0.914399981 -0.033611389
0.0453511386 0.914399981 -0.035846321
0.0506398764 0.914399981 -0.0320033782
0.05434032 0.914399981 -0.0307181708
0.0578556141 0.914399981 -0.0298254398
0.061537184 0.914399982 -0.0290321378
0.0653071083 0.914399982 -0.0283289401
0.0691293066 0.914399981 -0.0277262113
0.0729840168 0.914399982 -0.0277454884
0.0768273202 0.914399982 -0.0281770067
0.0806739047 0.914399982 -0.0285782259
0.0845233667 0.914399982 -0.0289508275
0.0883753581 0.914399982 -0.0292963007
0.0921723098 0.914399982 -0.0296113526
0.0961611503 0.914399982 -0.0299165569
0.100351403 0.914399982 -0.0302101332
0.104753054 0.914399982 -0.0304901843
0.109376582 0.914399982 -0.0307545341
0.114232956 0.914399982 -0.0310011623
0.119333704 0.914399982 -0.0312274389
0.12469089 0.914399982 -0.0314310286
0.13031718 0.914399982 -0.0316090376
0.136225844 0.914399982 -0.0317587348
0.142430807 0.914399982 -0.0318769452
0.148946664 0.914399982 -0.0319604654
0.155788727 0.914399982 -0.0320057999
0.162973049 0.914399982 -0.0320092596
0.17051647 0.914399982 -0.0319670123
0.178436651 0.914399982 -0.0318748827
0.186668494 0.914399982 -0.0317302915
0.194899382 0.914399982 -0.0315389771
0.203129129 0.914399982 -0.0313035916
0.211357581 0.914399982 -0.0310266417
0.219584618 0.914399982 -0.0307104125
0.227810143 0.914399982 -0.0303570527
0.236034083 0.914399982 -0.02996853
0.244256381 0.914399982 -0.029546695
0.252476996 0.914399982 -0.0290932332
0.260695899 0.914399982 -0.0286097324
0.268913069 0.914399982 -0.0280976393
0.277128497 0.914399982 -0.0275582988
0.285342173 0.914399982 -0.0269929196
0.293554103 0.914399982 -0.0264027129
0.30176429 0.914399982 -0.0257887329
0.30997274 0.914399982 -0.0251519596
0.318179461 0.914399982 -0.024493279
0.326384463 0.914399982 -0.0238135129
0.334587753 0.914399982 -0.0231133996
0.342789342 0.914399982 -0.0223936188
0.350989234 0.914399982 -0.0216547695
0.35918743 0.914399982 -0.0208973241
0.367383934 0.914399982 -0.0201217886
0.37557875 0.914399982 -0.0193286179
0.383771879 0.914399982 -0.0185182035
0.391963292 0.914399982 -0.0176906245
0.400152994 0.914399982 -0.0168462758
0.408340957 0.914399982 -0.0159852393
0.416527174 0.914399982 -0.0151077437
0.424711588 0.914399982 -0.0142136014
0.432894189 0.914399982 -0.013303011
0.441074934 0.914399982 -0.0123758934
0.449253777 0.914399982 -0.0114321437
0.457430648 0.914399982 -0.0104714608
0.465605512 0.914399982 -0.00949384193
0.473778288 0.914399982 -0.00849891854
0.481948901 0.914399982 -0.00748638651
0.490117272 0.914399982 -0.00645592718
0.498283313 0.914399982 -0.00540716446
0.506446902 0.914399982 -0.00433948132
0.514607963 0.914399982 -0.00325264134
0.522103416 0.914399982 -0.00223657105
0.526786897 0.914399982 -0.00159289913
0.529713585 0.914399982 -0.00118707392
0.531542578 0.914399982 -0.000932086132
0.532685624 0.914399982 -0.000772191035
0.533400004 0.914399982 -0.000672082119

ZONE T="SLICE_Y_0p9144_BINS03_KS_0p5mm_CUTDATA_VAR_DENSITY"
0.533400008 0.914399982 -0.000448054116
0.533399994 0.914399982 -0.000224026114
0.533399991 0.914399982 1.88940693e-09
0.533399987 0.914399982 0.000224029893
0.533399995 0.914399982 0.000448057897
0.533399995 0.914399982 0.000448057897
0.533400004 0.914399982 0.000672085901
0.532685624 0.914399982 0.000772193473
0.531542578 0.914399982 0.000932090434
0.529713585 0.914399982 0.00118707894
0.526786897 0.914399982 0.00159290009
0.522103417 0.914399982 0.00223657466
0.514607964 0.914399982 0.0032526425
0.506371577 0.914399982 0.00434943858
0.498132609 0.914399982 0.00542667815
0.489891152 0.914399982 0.00648470903
0.481647323 0.914399982 0.00752408844
0.473401217 0.914399982 0.00854524793
0.465152907 0.914399982 0.00954845569
0.456902477 0.914399982 0.0105340686
0.448649992 0.914399982 0.0115023295
0.440395522 0.914399982 0.0124535184
0.432139116 0.914399982 0.0133877498
0.423880819 0.914399982 0.0143051192
0.415620669 0.914399982 0.015205656
0.40735871 0.914399982 0.0160894302
0.399094962 0.914399982 0.0169563286
0.390829445 0.914399982 0.0178061818
0.382562186 0.914399982 0.0186389257
0.374293194 0.914399982 0.0194542869
0.366022465 0.914399982 0.0202518314
0.357750021 0.914399982 0.0210313825
0.349475864 0.914399982 0.0217925386
0.341199976 0.914399982 0.0225346398
0.332922358 0.914399982 0.0232571832
0.324643002 0.914399982 0.0239595432
0.316361902 0.914399982 0.0246410209
0.308079049 0.914399982 0.0253008585
0.299794433 0.914399982 0.0259381735
0.291508047 0.914399982 0.0265520466
0.283219883 0.914399982 0.0271414292
0.27492994 0.914399982 0.0277052317
0.266638216 0.914399982 0.0282422175
0.258344719 0.914399982 0.0287510886
0.250049461 0.914399982 0.0292303825
0.241752467 0.914399982 0.0296786272
0.233453768 0.914399982 0.0300941296
0.225153415 0.914399982 0.0304751472
0.216851469 0.914399982 0.0308197141
0.208548015 0.914399982 0.0311257993
0.200243156 0.914399982 0.0313910305
0.19193703 0.914399982 0.0316130535
0.183629805 0.914399982 0.0317892467
0.175535796 0.914399982 0.0319140986
0.167826646 0.914399982 0.0319872562
0.160484313 0.914399982 0.0320130033
0.153491595 0.914399982 0.0319952544
0.146832089 0.914399982 0.0319378188
0.14049016 0.914399982 0.0318441191
0.134450891 0.914399982 0.0317176756
0.128700067 0.914399982 0.0315614542
0.123224125 0.914399982 0.0313785745
0.118010133 0.914399982 0.0311717876
0.113045762 0.914399982 0.0309436514
0.108319244 0.914399982 0.030696767
0.103819378 0.914399982 0.0304331237
0.0995354561 0.914399982 0.0301550666
0.0954572808 0.914399982 0.0298645461
0.0915751261 0.914399982 0.0295633763
0.0878797114 0.914399982 0.0292533156
0.0840469838 0.914399982 0.0289062096
0.0802167986 0.914399982 0.0285320909
0.0763895072 0.914399982 0.0281294441
0.0725655179 0.914399982 0.0276965597
0.0687452754 0.914399982 0.0272317683
0.064929336 0.914399982 0.0267328795
0.0611183305 0.914399982 0.0261976034
0.057312985 0.914399982 0.0256234702
0.0535142236 0.914399982 0.0250072752
0.0497231096 0.914399982 0.0243456578
0.0459409432 0.914399982 0.0236346701
0.0421694081 0.914399982 0.022869289
0.0384104773 0.914399982 0.0220442288
0.0346668648 0.914399982 0.0211522365
0.030941939 0.914399982 0.0201851727
0.0271984319 0.914399982 0.0193175774
0.0233251609 0.914399981 0.0190906694
0.0194362192 0.914399982 0.018867358
0.015569317 0.914399982 0.0184980981
0.0118630191 0.914399982 0.0179726019
0.0080473083 0.914399982 0.0180934501
0.00642797176 0.914399981 0.0182047886
0.00313938548 0.914399981 0.0184308974
-0.0061880924 0.914399981 0.0194859975
-0.00860321165 0.914399981 0.0112160518
-0.00986093673 0.914399981 0.00594548454
-0.0097211814 0.914399981 0.00144107905
-0.00921379868 0.914399981 1.93226697e-05
-0.00827272969 0.914399981 -0.00261768242
-0.00585266875 0.914399981 -0.00552732065
-0.00333890538 0.914399981 -0.00720368033
-0.00136809942 0.914399982 -0.00879452604
0.000304550052 0.914399982 -0.0110547738
0.00250575415 0.914399982 -0.0139467289
0.00565717629 0.914399981 -0.017182925
0.00927412195 0.914399981 -0.0199955875
0.0131638149 0.914399982 -0.0222597628
0.0171004465 0.914399982 -0.0240541672
0.0209196534 0.914399982 -0.0255963694
0.0245419126 0.914399981 -0.027079014
0.0279592961 0.914399982 -0.0285779873
0.0313789057 0.914399981 -0.0302243364
0.0353552784 0.914399981 -0.0326180207
0.0405614509 0.914399981 -0.035487453
0.0460786555 0.914399982 -0.0328024216
0.0500360655 0.914399982 -0.0323596317
0.0536787453 0.914399982 -0.031961307
0.0574006269 0.914399981 -0.0315460958
0.0611717764 0.914399982 -0.0312538612
0.0649583394 0.914399981 -0.0313701125
0.0688009883 0.914399981 -0.0315258331
0.0726783817 0.914399981 -0.0316739935
0.0765629835 0.914399981 -0.0318134852
0.0804458746 0.914399981 -0.0319451358
0.0843267773 0.914399981 -0.0320703408
0.088206468 0.914399981 -0.0321889274
0.0920279915 0.914399981 -0.0322943364
0.0960396399 0.914399981 -0.0323966942
0.100251315 0.914399982 -0.032489618
0.104672924 0.914399982 -0.0325685217
0.109314622 0.914399982 -0.0326302108
0.114187136 0.914399981 -0.0326716621
0.119301812 0.914399981 -0.0326900346
0.12467059 0.914399981 -0.032683275
0.13030607 0.914399981 -0.0326489549
0.136221502 0.914399981 -0.0325857753
0.142430825 0.914399982 -0.0324914728
0.148948608 0.914399982 -0.0323650418
0.155790337 0.914399982 -0.03220459
0.162973093 0.914399982 -0.0320138703
0.17051647 0.914399982 -0.0319670123
0.178436651 0.914399982 -0.0318748827
0.186668494 0.914399982 -0.0317302915
0.194899382 0.914399982 -0.0315389771
0.203129129 0.914399982 -0.0313035916
0.211357581 0.914399982 -0.0310266417
0.219584618 0.914399982 -0.0307104125
0.227810143 0.914399982 -0.0303570527
0.236034083 0.914399982 -0.02996853
0.244256381 0.914399982 -0.029546695
0.252476996 0.914399982 -0.0290932332
0.260695899 0.914399982 -0.0286097324
0.268913069 0.914399982 -0.0280976393
0.277128497 0.914399982 -0.0275582988
0.285342173 0.914399982 -0.0269929196
0.293554103 0.914399982 -0.0264027129
0.30176429 0.914399982 -0.0257887329
0.30997274 0.914399982 -0.0251519596
0.318179461 0.914399982 -0.024493279
0.326384463 0.914399982 -0.0238135129
0.334587753 0.914399982 -0.0231133996
0.342789342 0.914399982 -0.0223936188
0.350989234 0.914399982 -0.0216547695
0.35918743 0.914399982 -0.0208973241
0.367383934 0.914399982 -0.0201217886
0.37557875 0.914399982 -0.0193286179
0.383771879 0.914399982 -0.0185182035
0.391963292 0.914399982 -0.0176906245
0.400152994 0.914399982 -0.0168462758
0.408340957 0.914399982 -0.0159852393
0.416527174 0.914399982 -0.0151077437
0.424711588 0.914399982 -0.0142136014
0.432894189 0.914399982 -0.013303011
0.441074934 0.914399982 -0.0123758934
0.449253777 0.914399982 -0.0114321437
0.457430648 0.914399982 -0.0104714608
0.465605512 0.914399982 -0.00949384193
0.473778288 0.914399982 -0.00849891854
0.481948901 0.914399982 -0.00748638651
0.490117272 0.914399982 -0.00645592718
0.498283313 0.914399982 -0.00540716446
0.506446902 0.914399982 -0.00433948132
0.514607963 0.914399982 -0.00325264134
0.522103416 0.914399982 -0.00223657105
0.526786897 0.914399982 -0.00159289913
0.529713585 0.914399982 -0.00118707392
0.531542578 0.914399982 -0.000932086132
0.532685624 0.914399982 -0.000772191035
0.533400004 0.914399982 -0.000672082119

ZONE T="SLICE_Y_0p9144_BINS07_KS_0p5mm_CUTDATA_VAR_DENSITY"
0.533400008 0.914399982 -0.000448054116
0.533399994 0.914399982 -0.000224026114
0.533399991 0.914399982 1.88940693e-09
0.533399987 0.914399982 0.000224029893
0.533399995 0.914399982 0.000448057897
0.533399995 0.914399982 0.000448057897
0.533400004 0.914399982 0.000672085901
0.532685624 0.914399982 0.000772193473
0.531542578 0.914399982 0.000932090434
0.529713585 0.914399982 0.00118707894
0.526786897 0.914399982 0.00159290009
0.522103417 0.914399982 0.00223657466
0.514607964 0.914399982 0.0032526425
0.506371577 0.914399982 0.00434943858
0.498132609 0.914399982 0.00542667815
0.489891152 0.914399982 0.00648470903
0.481647323 0.914399982 0.00752408844
0.473401217 0.914399982 0.00854524793
0.465152907 0.914399982 0.00954845569
0.456902477 0.914399982 0.0105340686
0.448649992 0.914399982 0.0115023295
0.440395522 0.914399982 0.0124535184
0.432139116 0.914399982 0.0133877498
0.423880819 0.914399982 0.0143051192
0.415620669 0.914399982 0.015205656
0.40735871 0.914399982 0.0160894302
0.399094962 0.914399982 0.0169563286
0.390829445 0.914399982 0.0178061818
0.382562186 0.914399982 0.0186389257
0.374293194 0.914399982 0.0194542869
0.366022465 0.914399982 0.0202518314
0.357750021 0.914399982 0.0210313825
0.349475864 0.914399982 0.0217925386
0.341199976 0.914399982 0.0225346398
0.332922358 0.914399982 0.0232571832
0.324643002 0.914399982 0.0239595432
0.316361902 0.914399982 0.0246410209
0.308079049 0.914399982 0.0253008585
0.299794433 0.914399982 0.0259381735
0.291508047 0.914399982 0.0265520466
0.283219883 0.914399982 0.0271414292
0.27492994 0.914399982 0.0277052317
0.266638216 0.914399982 0.0282422175
0.258344719 0.914399982 0.0287510886
0.250049461 0.914399982 0.0292303825
0.241752467 0.914399982 0.0296786272
0.233453768 0.914399982 0.0300941296
0.225153415 0.914399982 0.0304751472
0.216851469 0.914399982 0.0308197141
0.208548015 0.914399982 0.0311257993
0.200243156 0.914399982 0.0313910305
0.19193703 0.914399982 0.0316130535
0.183629805 0.914399982 0.0317892467
0.175535796 0.914399982 0.0319140986
0.167826646 0.914399982 0.0319872562
0.160484313 0.914399982 0.0320130033
0.153491595 0.914399982 0.0319952544
0.146832089 0.914399982 0.0319378188
0.14049016 0.914399982 0.0318441191
0.134450891 0.914399982 0.0317176756
0.128700067 0.914399982 0.0315614542
0.123224125 0.914399982 0.0313785745
0.118010133 0.914399982 0.0311717876
0.113045762 0.914399982 0.0309436514
0.108319244 0.914399982 0.030696767
0.103819378 0.914399982 0.0304331237
0.0995354561 0.914399982 0.0301550666
0.0954572808 0.914399982 0.0298645461
0.0915751261 0.914399982 0.0295633763
0.0878797114 0.914399982 0.0292533156
0.0840469838 0.914399982 0.0289062096
0.0802167986 0.914399982 0.0285320909
0.0763895072 0.914399982 0.0281294441
0.0725655179 0.914399982 0.0276965597
0.0687452754 0.914399982 0.0272317683
0.0649288338 0.914399982 0.0267365938
0.0611163771 0.914399982 0.0262110808
0.0573092447 0.914399982 0.0256475006
0.0535082982 0.914399982 0.0250426897
0.0497145586 0.914399982 0.0243933273
0.0459293348 0.914399982 0.0236956832
0.0421542546 0.914399982 0.0229453888
0.0383599483 0.914399982 0.0222863026
0.0345699124 0.914399981 0.0215899157
0.0307884834 0.914399982 0.0208410767
0.0270232396 0.914399982 0.0200435755
0.0232538214 0.914399982 0.0193365246
0.0194102758 0.914399982 0.0190459379
0.0155638128 0.914399982 0.018830709
0.0116361255 0.914399982 0.0188706983
0.00756948506 0.914399981 0.0188572402
0.00281366579 0.914399981 0.0182784784
-0.00481913076 0.914399981 0.0183330347
-0.00852326443 0.914399982 0.0119071043
-0.00965079578 0.914399982 0.00618786637
-0.00964114432 0.914399982 0.00152709612
-0.00826046814 0.914399981 -0.00258435075
-0.00584857961 0.914399982 -0.00551357863
-0.00332966506 0.914399982 -0.0071938631
-0.00135792658 0.914399981 -0.00878401603
0.000311607174 0.914399982 -0.0110430307
0.00250342514 0.914399982 -0.0139373308
0.00563815992 0.914399981 -0.0171868654
0.00923952613 0.914399981 -0.0200114316
0.0131052845 0.914399982 -0.0222844397
0.0169942676 0.914399982 -0.0241289235
0.0207536086 0.914399981 -0.0257621953
0.0243241131 0.914399982 -0.0273102675
0.0277865419 0.914399982 -0.0288575456
0.0315126582 0.914399981 -0.0307934757
0.0359814777 0.914399981 -0.0338092153
0.0413835815 0.914399981 -0.0332675715
0.045725111 0.914399982 -0.0326488148
0.0494811287 0.914399981 -0.0326250839
0.0532519662 0.914399982 -0.0325747014
0.0571155822 0.914399982 -0.0325184526
0.0610016647 0.914399982 -0.0325437459
0.0648963637 0.914399982 -0.0325652539
0.0687924633 0.914399982 -0.0325854427
0.072686687 0.914399982 -0.0326038696
0.0765791774 0.914399982 -0.032614784
0.0804698834 0.914399982 -0.0326141498
0.0843576647 0.914399982 -0.0326005382
0.0882399649 0.914399981 -0.0325732874
0.0920567999 0.914399981 -0.0325329136
0.0960578268 0.914399982 -0.0325144774
0.100257595 0.914399982 -0.0325870105
0.104674011 0.914399982 -0.032651942
0.109314575 0.914399981 -0.0327008478
0.114186846 0.914399982 -0.032732458
0.119301321 0.914399982 -0.0327444153
0.124669949 0.914399982 -0.0327348556
0.130305332 0.914399981 -0.0327007094
0.136220488 0.914399982 -0.032640293
0.142429152 0.914399981 -0.0325513902
0.148946624 0.914399982 -0.0324497171
0.155789841 0.914399982 -0.0324285753
0.162975568 0.914399982 -0.0323673036
0.170520145 0.914399982 -0.0322608343
0.178440845 0.914399982 -0.032105418
0.186672513 0.914399982 -0.0318996391
0.194902606 0.914399982 -0.0316507084
0.203131063 0.914399982 -0.0313616224
0.211358414 0.914399982 -0.0310489566
0.219585348 0.914399982 -0.0307281215
0.227810749 0.914399982 -0.0303704246
0.236034541 0.914399982 -0.0299777994
0.244256669 0.914399982 -0.0295520903
0.252477095 0.914399982 -0.0290949728
0.260695899 0.914399982 -0.0286097324
0.268913069 0.914399982 -0.0280976393
0.277128497 0.914399982 -0.0275582988
0.285342173 0.914399982 -0.0269929196
0.293554103 0.914399982 -0.0264027129
0.30176429 0.914399982 -0.0257887329
0.30997274 0.914399982 -0.0251519596
0.318179461 0.914399982 -0.024493279
0.326384463 0.914399982 -0.0238135129
0.334587753 0.914399982 -0.0231133996
0.342789342 0.914399982 -0.0223936188
0.350989234 0.914399982 -0.0216547695
0.35918743 0.914399982 -0.0208973241
0.367383934 0.914399982 -0.0201217886
0.37557875 0.914399982 -0.0193286179
0.383771879 0.914399982 -0.0185182035
0.391963292 0.914399982 -0.0176906245
0.400152994 0.914399982 -0.0168462758
0.408340957 0.914399982 -0.0159852393
0.416527174 0.914399982 -0.0151077437
0.424711588 0.914399982 -0.0142136014
0.432894189 0.914399982 -0.013303011
0.441074934 0.914399982 -0.0123758934
0.449253777 0.914399982 -0.0114321437
0.457430648 0.914399982 -0.0104714608
0.465605512 0.914399982 -0.00949384193
0.473778288 0.914399982 -0.00849891854
0.481948901 0.914399982 -0.00748638651
0.490117272 0.914399982 -0.00645592718
0.498283313 0.914399982 -0.00540716446
0.506446902 0.914399982 -0.00433948132
0.514607963 0.914399982 -0.00325264134
0.522103416 0.914399982 -0.00223657105
0.526786897 0.914399982 -0.00159289913
0.529713585 0.914399982 -0.00118707392
0.531542578 0.914399982 -0.000932086132
0.532685624 0.914399982 -0.000772191035
0.533400004 0.914399982 -0.000672082119

ZONE T="SLICE_Y_0p9144_BINS15_KS_0p5mm_CUTDATA_VAR_DENSITY"
0.533400008 0.914399982 -0.000448054116
0.533399994 0.914399982 -0.000224026114
0.533399991 0.914399982 1.88940693e-09
0.533399987 0.914399982 0.000224029893
0.533399995 0.914399982 0.000448057897
0.533399995 0.914399982 0.000448057897
0.533400004 0.914399982 0.000672085901
0.532685624 0.914399982 0.000772193473
0.531542578 0.914399982 0.000932090434
0.529713585 0.914399982 0.00118707894
0.526786897 0.914399982 0.00159290009
0.522103417 0.914399982 0.00223657466
0.514607964 0.914399982 0.0032526425
0.506371577 0.914399982 0.00434943858
0.498132609 0.914399982 0.00542667815
0.489891152 0.914399982 0.00648470903
0.481647323 0.914399982 0.00752408844
0.473401217 0.914399982 0.00854524793
0.465152907 0.914399982 0.00954845569
0.456902477 0.914399982 0.0105340686
0.448649992 0.914399982 0.0115023295
0.440395522 0.914399982 0.0124535184
0.432139116 0.914399982 0.0133877498
0.423880819 0.914399982 0.0143051192
0.415620669 0.914399982 0.015205656
0.40735871 0.914399982 0.0160894302
0.399094962 0.914399982 0.0169563286
0.390829445 0.914399982 0.0178061818
0.382562186 0.914399982 0.0186389257
0.374293194 0.914399982 0.0194542869
0.366022465 0.914399982 0.0202518314
0.357750021 0.914399982 0.0210313825
0.349475864 0.914399982 0.0217925386
0.341199976 0.914399982 0.0225346398
0.332922358 0.914399982 0.0232571832
0.324643002 0.914399982 0.0239595432
0.316361902 0.914399982 0.0246410209
0.308079049 0.914399982 0.0253008585
0.299794433 0.914399982 0.0259381735
0.291508047 0.914399982 0.0265520466
0.283219883 0.914399982 0.0271414292
0.27492994 0.914399982 0.0277052317
0.266638216 0.914399982 0.0282422175
0.258344719 0.914399982 0.0287510886
0.250049461 0.914399982 0.0292303825
0.241752467 0.914399982 0.0296786272
0.233453768 0.914399982 0.0300941296
0.225153415 0.914399982 0.0304751472
0.216851469 0.914399982 0.0308197141
0.208548015 0.914399982 0.0311257993
0.200243156 0.914399982 0.0313910305
0.19193703 0.914399982 0.0316130535
0.183629805 0.914399982 0.0317892467
0.175535796 0.914399982 0.0319140986
0.167826646 0.914399982 0.0319872562
0.160484313 0.914399982 0.0320130033
0.153491595 0.914399982 0.0319952544
0.146832089 0.914399982 0.0319378188
0.14049016 0.914399982 0.0318441191
0.134450891 0.914399982 0.0317176756
0.128700067 0.914399982 0.0315614542
0.123224125 0.914399982 0.0313785745
0.118010133 0.914399982 0.0311717876
0.113045762 0.914399982 0.0309436514
0.108319244 0.914399982 0.030696767
0.103819378 0.914399982 0.0304331237
0.0995354561 0.914399982 0.0301550666
0.0954572808 0.914399982 0.0298645461
0.0915751261 0.914399982 0.0295633763
0.0878797114 0.914399982 0.0292533156
0.0840469838 0.914399982 0.0289062096
0.0802167986 0.914399982 0.0285320909
0.0763895072 0.914399982 0.0281294441
0.0725655179 0.914399982 0.0276965597
0.0687452754 0.914399982 0.0272317683
0.0649288056 0.914399982 0.0267368045
0.0611162683 0.914399982 0.0262118513
0.0573090507 0.914399982 0.0256488747
0.0535080281 0.914399982 0.0250447562
0.0497100806 0.914399982 0.0244195515
0.0459169231 0.914399982 0.0237622988
0.0421320959 0.914399982 0.0230558122
0.0383546232 0.914399982 0.0223092457
0.0345669854 0.914399982 0.0216053002
0.0307881093 0.914399982 0.0208590875
0.026997838 0.914399981 0.0201754233
0.0231989694 0.914399981 0.0195719412
0.0193819413 0.914399981 0.0191309473
0.0155326617 0.914399981 0.0189032994
0.0116000722 0.914399982 0.0189207919
0.0074914288 0.914399982 0.0189386727
0.00282830254 0.914399981 0.0181046431
-0.00498718035 0.914399982 0.0183949496
-0.00838914168 0.914399982 0.0117936328
-0.0096549586 0.914399982 0.00622737422
-0.00963553475 0.914399982 0.00155840384
-0.00825432991 0.914399981 -0.00257077826
-0.00584663063 0.914399982 -0.00550829016
-0.00332859557 0.914399982 -0.00719113155
-0.00135655117 0.914399981 -0.00878184359
0.000312474484 0.914399982 -0.0110410809
0.00250266339 0.914399982 -0.0139358423
0.00563455924 0.914399981 -0.0171874789
0.00923392958 0.914399981 -0.0200151763
0.0130994946 0.914399982 -0.0222925218
0.0169882028 0.914399982 -0.0241431338
0.0207420815 0.914399981 -0.0257712982
0.0242862424 0.914399982 -0.0273098451
0.0277077459 0.914399982 -0.0288704856
0.0314305581 0.914399981 -0.0308875378
0.0359754543 0.914399981 -0.0341708673
0.0415059604 0.914399981 -0.0331508751
0.0457593772 0.914399982 -0.032629306
0.0494698647 0.914399981 -0.0326016296
0.0532314677 0.914399981 -0.0325664964
0.0570999801 0.914399981 -0.03254656
0.0609980395 0.914399981 -0.0325717899
0.0649006737 0.914399982 -0.0325882648
0.0687986138 0.914399982 -0.0325940556
0.0726889058 0.914399982 -0.0325941436
0.0765737176 0.914399981 -0.0326100194
0.0804579393 0.914399981 -0.0326316854
0.0843419982 0.914399981 -0.0326441473
0.0882230216 0.914399981 -0.0326480835
0.0920429543 0.914399982 -0.0326497467
0.0960515624 0.914399982 -0.032678833
0.100261304 0.914399981 -0.0326986378
0.104680811 0.914399981 -0.0327065637
0.109319439 0.914399981 -0.0327250457
0.114189233 0.914399982 -0.0327404127
0.119301809 0.914399981 -0.0327379708
0.124668594 0.914399981 -0.0327360987
0.130302761 0.914399981 -0.0327228808
0.136217703 0.914399982 -0.0326945156
0.142427406 0.914399982 -0.0326545121
0.148946705 0.914399982 -0.0325948734
0.155791074 0.914399982 -0.0325138536
0.162976764 0.914399982 -0.032410232
0.170520631 0.914399982 -0.0322661192
0.178440991 0.914399982 -0.0321071247
0.186672557 0.914399982 -0.0319019151
0.194902644 0.914399982 -0.0316536209
0.203131613 0.914399982 -0.0313791102
0.211359674 0.914399982 -0.0310828417
0.219586201 0.914399982 -0.0307484697
0.227811105 0.914399982 -0.0303780748
0.23603457 0.914399982 -0.0299783315
0.244256686 0.914399982 -0.0295523989
0.252477101 0.914399982 -0.0290950716
0.260695899 0.914399982 -0.0286097324
0.268913069 0.914399982 -0.0280976393
0.277128497 0.914399982 -0.0275582988
0.285342173 0.914399982 -0.0269929196
0.293554103 0.914399982 -0.0264027129
0.30176429 0.914399982 -0.0257887329
0.30997274 0.914399982 -0.0251519596
0.318179461 0.914399982 -0.024493279
0.326384463 0.914399982 -0.0238135129
0.334587753 0.914399982 -0.0231133996
0.342789342 0.914399982 -0.0223936188
0.350989234 0.914399982 -0.0216547695
0.35918743 0.914399982 -0.0208973241
0.367383934 0.914399982 -0.0201217886
0.37557875 0.914399982 -0.0193286179
0.383771879 0.914399982 -0.0185182035
0.391963292 0.914399982 -0.0176906245
0.400152994 0.914399982 -0.0168462758
0.408340957 0.914399982 -0.0159852393
0.416527174 0.914399982 -0.0151077437
0.424711588 0.914399982 -0.0142136014
0.432894189 0.914399982 -0.013303011
0.441074934 0.914399982 -0.0123758934
0.449253777 0.914399982 -0.0114321437
0.457430648 0.914399982 -0.0104714608
0.465605512 0.914399982 -0.00949384193
0.473778288 0.914399982 -0.00849891854
0.481948901 0.914399982 -0.00748638651
0.490117272 0.914399982 -0.00645592718
0.498283313 0.914399982 -0.00540716446
0.506446902 0.914399982 -0.00433948132
0.514607963 0.914399982 -0.00325264134
0.522103416 0.914399982 -0.00223657105
0.526786897 0.914399982 -0.00159289913
0.529713585 0.914399982 -0.00118707392
0.531542578 0.914399982 -0.000932086132
0.532685624 0.914399982 -0.000772191035
0.533400004 0.914399982 -0.000672082119

