TITLE = "TC_NACA0012_3932_L2_finalIceShape_V1 | NACA0012 coordinates rotated +4 degrees about X=0.13335 m"
AUXDATA NUM_LAYERS = "insert the number of total ice layers"
VARIABLES = "X_ICED" "Y_ICED" "Z_ICED"

ZONE T="SLICE_Y_0p9144_BINS15_KS_1p0668mm_SINGLE_LAYER"
0.533399618284 0.9144 0.000672087866446
0.533399527415 0.9144 0.000616045010142
0.53340043411 0.9144 0.000560071910311
0.533400336265 0.9144 0.000504128810412
0.533400245395 0.9144 0.000448085954107
0.533400154526 0.9144 0.000392043097803
0.533400063657 0.9144 0.000336000241498
0.533399965812 0.9144 0.000280057141599
0.533399874942 0.9144 0.000224014285294
0.533399784073 0.9144 0.00016797142899
0.533399686228 0.9144 0.00011202832909
0.533399595359 0.9144 5.59854727856e-05
0.533399504489 0.9144 -5.73835188672e-08
0.533400404208 0.9144 -5.59307269446e-05
0.533400313339 0.9144 -0.000111973583249
0.53340022247 0.9144 -0.000168016439554
0.533400131601 0.9144 -0.000224059295858
0.533400033756 0.9144 -0.000280002395758
0.533399942886 0.9144 -0.000336045252062
0.533399852017 0.9144 -0.000392088108367
0.533399754172 0.9144 -0.000448031208266
0.533399663303 0.9144 -0.000504074064571
0.533399572433 0.9144 -0.000560116920875
0.533399481564 0.9144 -0.00061615977718
0.533400381283 0.9144 -0.000672033120605
0.53322169171 0.9144 -0.000697058836507
0.533043009112 0.9144 -0.000722184308815
0.53275709882 0.9144 -0.000762125697853
0.532471195503 0.9144 -0.000802166843297
0.532014541271 0.9144 -0.000866077114422
0.531556889476 0.9144 -0.000930057142022
0.530825228399 0.9144 -0.00103214391692
0.530093567323 0.9144 -0.00113423069183
0.528923047728 0.9144 -0.00129667772401
0.527752535109 0.9144 -0.0014592245126
0.525878990819 0.9144 -0.00171754561294
0.524005453504 0.9144 -0.00197596646968
0.522139708359 0.9144 -0.0022311358517
0.520272958674 0.9144 -0.00248627523379
0.518407060064 0.9144 -0.00273924997489
0.516540163891 0.9144 -0.00299229447248
0.514673128205 0.9144 -0.00324334384196
0.512806085543 0.9144 -0.00349429345503
0.510938896392 0.9144 -0.0037431481836
0.509071707241 0.9144 -0.00399200291217
0.507204378578 0.9144 -0.00423886251264
0.505337049914 0.9144 -0.00448572211311
0.503469581738 0.9144 -0.00473058658548
0.501601115997 0.9144 -0.00497552081432
0.499733508308 0.9144 -0.00521839015859
0.497865900619 0.9144 -0.00546125950285
0.495997155852 0.9144 -0.0057022034755
0.49412940865 0.9144 -0.00594307769166
0.49226052437 0.9144 -0.0061820265362
0.490391640091 0.9144 -0.00642097538075
0.488523620838 0.9144 -0.00665795909712
0.486654604022 0.9144 -0.00689501256996
0.484785454668 0.9144 -0.00713017067111
0.482916305314 0.9144 -0.00736532877226
0.481047016447 0.9144 -0.00759849174531
0.47917873212 0.9144 -0.00783168471829
0.477309317691 0.9144 -0.00806305207605
0.475438912674 0.9144 -0.00829458894669
0.473569365708 0.9144 -0.00852406093275
0.471699825718 0.9144 -0.00875363267522
0.46983015319 0.9144 -0.00898130904599
0.467960480663 0.9144 -0.00920898541676
0.466090682574 0.9144 -0.00943486617225
0.46421988692 0.9144 -0.0096608166842
0.462349956294 0.9144 -0.00988480206799
0.460479035079 0.9144 -0.0101089569647
0.458608978891 0.9144 -0.0103311467332
0.456737932114 0.9144 -0.0105535060145
0.45486775734 0.9144 -0.0107739999241
0.452996578026 0.9144 -0.0109944638338
0.451126277691 0.9144 -0.0112131621281
0.449254986766 0.9144 -0.0114320299353
0.447383563305 0.9144 -0.0116490023708
0.445513130432 0.9144 -0.0118658052935
0.443641588384 0.9144 -0.0120810818701
0.441770046337 0.9144 -0.0122963584467
0.439898378728 0.9144 -0.012509839408
0.438026711119 0.9144 -0.0127233203694
0.436154917948 0.9144 -0.0129350057154
0.434283131753 0.9144 -0.0131467908178
0.432411219996 0.9144 -0.013356780305
0.430539308239 0.9144 -0.0135667697921
0.428667277896 0.9144 -0.0137750634204
0.426795247553 0.9144 -0.0139833570487
0.424923091649 0.9144 -0.0141898550617
0.42304993818 0.9144 -0.0143964228311
0.42117766369 0.9144 -0.0146012249852
0.419305389199 0.9144 -0.0148060271393
0.417432996123 0.9144 -0.0150091334345
0.415559598507 0.9144 -0.0152122097298
0.413687086844 0.9144 -0.0154136201661
0.411814568206 0.9144 -0.015614930846
0.409940933418 0.9144 -0.0158146154235
0.408068296194 0.9144 -0.0160142302445
0.40619454282 0.9144 -0.0162122189631
0.404321780034 0.9144 -0.0164100381689
0.402447901098 0.9144 -0.0166062312722
0.400574022162 0.9144 -0.0168024243755
0.398701022204 0.9144 -0.0169968518635
0.396827017707 0.9144 -0.0171912493515
0.394952894623 0.9144 -0.0173839509807
0.393079769104 0.9144 -0.0175765828534
0.391205520459 0.9144 -0.0177674888672
0.389331271814 0.9144 -0.0179583948811
0.387456904582 0.9144 -0.0181476050361
0.38558352794 0.9144 -0.0183366456782
0.383709035147 0.9144 -0.0185240602178
0.381834535378 0.9144 -0.0187113750011
0.379959917024 0.9144 -0.0188969939255
0.378085298669 0.9144 -0.0190826128499
0.376210547778 0.9144 -0.0192663364026
0.374335803862 0.9144 -0.0194501597117
0.372460927408 0.9144 -0.0196320876491
0.370586050955 0.9144 -0.0198140155865
0.36871104894 0.9144 -0.0199941479087
0.366836046925 0.9144 -0.0201742802308
0.364960912372 0.9144 -0.0203525171812
0.36308577782 0.9144 -0.0205307541316
0.36121051073 0.9144 -0.0207070957103
0.35933524364 0.9144 -0.0208834372891
0.357458853425 0.9144 -0.021058053009
0.355583453798 0.9144 -0.021232499216
0.353707928609 0.9144 -0.0214051498078
0.351832396445 0.9144 -0.0215777006431
0.34995573418 0.9144 -0.0217484258632
0.348080069478 0.9144 -0.0219190813268
0.346204265264 0.9144 -0.0220877416624
0.344327463485 0.9144 -0.0222564717544
0.342451519757 0.9144 -0.0224231369618
0.34057557603 0.9144 -0.0225898021693
0.338698495226 0.9144 -0.0227545420051
0.336822411985 0.9144 -0.0229192120844
0.334945191668 0.9144 -0.0230819567921
0.333068961939 0.9144 -0.023244531987
0.331192592697 0.9144 -0.0234051120537
0.329315218915 0.9144 -0.0235656621205
0.327438703185 0.9144 -0.0237241473027
0.32556118989 0.9144 -0.0238827022414
0.323684520695 0.9144 -0.0240389927828
0.321806853936 0.9144 -0.0241953530805
0.319929033713 0.9144 -0.0243495187374
0.318052211054 0.9144 -0.0245036146378
0.316174244342 0.9144 -0.0246556854102
0.314297268219 0.9144 -0.0248075866697
0.312419141068 0.9144 -0.0249573630448
0.31054100694 0.9144 -0.0251070396634
0.308663716913 0.9144 -0.0252544518847
0.306785422346 0.9144 -0.025401834106
0.304907971879 0.9144 -0.02554695193
0.303029516872 0.9144 -0.025692039754
0.301150901425 0.9144 -0.0258348331807
0.299273276566 0.9144 -0.0259774570945
0.297394493704 0.9144 -0.0261178563675
0.295515703866 0.9144 -0.0262581558841
0.293637744176 0.9144 -0.0263959914905
0.291758786923 0.9144 -0.0265338968533
0.289879648302 0.9144 -0.0266692085497
0.288000509682 0.9144 -0.026804520246
0.286122194234 0.9144 -0.0269372682757
0.284242881222 0.9144 -0.0270700860619
0.282363379868 0.9144 -0.0272002104252
0.280484883054 0.9144 -0.0273303647884
0.278605193357 0.9144 -0.0274577957287
0.276725510636 0.9144 -0.0275853264255
0.274846637137 0.9144 -0.0277100939428
0.272966759098 0.9144 -0.0278348314602
0.271086692716 0.9144 -0.0279568755547
0.269207616923 0.9144 -0.0280787501362
0.267327348248 0.9144 -0.028197901295
0.265447079573 0.9144 -0.0283170524537
0.263567606168 0.9144 -0.0284332409202
0.261687135199 0.9144 -0.0285494991431
0.25980645496 0.9144 -0.028662764674
0.25792676531 0.9144 -0.0287758606919
0.256045875802 0.9144 -0.0288861335306
0.254165983858 0.9144 -0.0289963366128
0.252284871129 0.9144 -0.0291034172465
0.250404755965 0.9144 -0.0292104281237
0.248523426991 0.9144 -0.0293144163089
0.246643088606 0.9144 -0.0294182349811
0.244761529436 0.9144 -0.0295189312049
0.24288096783 0.9144 -0.0296195576722
0.240999171488 0.9144 -0.0297168621782
0.23911837271 0.9144 -0.0298140969278
0.237237343735 0.9144 -0.029908039716
0.235355310221 0.9144 -0.0300019525042
0.233474030123 0.9144 -0.0300923040618
0.23159274305 0.9144 -0.030182555863
0.229711218805 0.9144 -0.0302694159464
0.22782869002 0.9144 -0.0303562460299
0.2259469007 0.9144 -0.0304393153699
0.224065118355 0.9144 -0.0305224844664
0.222183063961 0.9144 -0.030601763063
0.220301009566 0.9144 -0.0306810416596
0.218418690097 0.9144 -0.0307565295129
0.216537368192 0.9144 -0.0308319476097
0.214654776672 0.9144 -0.0309035449631
0.212772178177 0.9144 -0.0309750425601
0.210889293681 0.9144 -0.0310424501446
0.209007406748 0.9144 -0.0311097879725
0.20712423625 0.9144 -0.0311731055444
0.205242063316 0.9144 -0.0312363533597
0.203359590429 0.9144 -0.0312953116497
0.201476119978 0.9144 -0.0313543396961
0.199593340163 0.9144 -0.0314089087042
0.197710553372 0.9144 -0.0314633779559
0.195827459652 0.9144 -0.0315134579258
0.193944365932 0.9144 -0.0315635378957
0.192061941922 0.9144 -0.0316088595581
0.190178520347 0.9144 -0.031654250977
0.188294770916 0.9144 -0.0316949538448
0.18641201905 0.9144 -0.0317355869561
0.184527920837 0.9144 -0.0317713020037
0.182644820188 0.9144 -0.0318069472948
0.180761370757 0.9144 -0.0318376047657
0.178877928302 0.9144 -0.0318683619929
0.176995113701 0.9144 -0.0318937623742
0.175111301536 0.9144 -0.031919232512
0.173227119662 0.9144 -0.0319394155603
0.171343942328 0.9144 -0.0319596286086
0.169460374357 0.9144 -0.0319742552981
0.167576806387 0.9144 -0.0319888819877
0.165692868707 0.9144 -0.0319982215878
0.163808924051 0.9144 -0.0320074614315
0.161925781641 0.9144 -0.0320138383394
0.160041648643 0.9144 -0.0320203847602
0.158158241159 0.9144 -0.0320229709246
0.156274833675 0.9144 -0.0320255570891
0.154391035554 0.9144 -0.032022556895
0.152507244409 0.9144 -0.0320196564572
0.150623055653 0.9144 -0.0320110699043
0.14873986446 0.9144 -0.032002413595
0.146855257164 0.9144 -0.0319878416578
0.144971654409 0.9144 -0.0319732997205
0.143088637653 0.9144 -0.0319528023989
0.141204623334 0.9144 -0.0319323748338
0.13932118804 0.9144 -0.0319058921279
0.137436755183 0.9144 -0.0318794791784
0.135553864036 0.9144 -0.0318464425497
0.133669975325 0.9144 -0.0318134756775
0.131786630761 0.9144 -0.0317739548824
0.129902295608 0.9144 -0.0317346036003
0.128019488216 0.9144 -0.031688429126
0.126135683259 0.9144 -0.0316423244083
0.124315680547 0.9144 -0.0315911567377
0.1224966754 0.9144 -0.0315399193107
0.120763621201 0.9144 -0.0314849772243
0.119030567002 0.9144 -0.0314300351379
0.1173795293 0.9144 -0.0313724654692
0.115729489162 0.9144 -0.031314826044
0.114157496192 0.9144 -0.0312551373316
0.11258649381 0.9144 -0.0311952791064
0.111089506487 0.9144 -0.0311330520814
0.109592512187 0.9144 -0.0310707253001
0.108167551769 0.9144 -0.0310063687447
0.106742591351 0.9144 -0.0309420121894
0.105384711871 0.9144 -0.0308764734245
0.104027829956 0.9144 -0.0308108649031
0.102735092093 0.9144 -0.0307450814929
0.101442553743 0.9144 -0.0306792841313
0.100211565778 0.9144 -0.0306134932477
0.0989805847885 0.9144 -0.0305478021204
0.0978083191516 0.9144 -0.0304817142508
0.0966360535147 0.9144 -0.0304156263812
0.0955196960994 0.9144 -0.0303491375746
0.0944033456598 0.9144 -0.0302827485243
0.0933403676779 0.9144 -0.0302155343897
0.0922773966716 0.9144 -0.0301484200116
0.0912650677244 0.9144 -0.0300815736749
0.0902528385336 0.9144 -0.0300147203625
0.0892886395895 0.9144 -0.0299509240763
0.0883244336697 0.9144 -0.0298870280337
0.0873608004831 0.9144 -0.0298212875463
0.0863971672965 0.9144 -0.0297555470588
0.0854336520123 0.9144 -0.0296871919779
0.0844701367281 0.9144 -0.029618836897
0.0835066326142 0.9144 -0.0295477744418
0.0825432282567 0.9144 -0.029476705011
0.0815798350696 0.9144 -0.029402928206
0.0806165346632 0.9144 -0.0293290446689
0.0796532314759 0.9144 -0.0292522542448
0.0786899352641 0.9144 -0.0291755635771
0.0777267220766 0.9144 -0.0290957595339
0.0767636156211 0.9144 -0.0290160482715
0.0758004854577 0.9144 -0.0289331308527
0.0748374620263 0.9144 -0.0288503062148
0.0738744427896 0.9144 -0.0287646744462
0.072911423553 0.9144 -0.0286790426776
0.0719483924623 0.9144 -0.0285918078309
0.0709852616153 0.9144 -0.0285045799598
0.0700220400848 0.9144 -0.0284160552555
0.0690588185544 0.9144 -0.0283275305512
0.0680955293648 0.9144 -0.0282366047175
0.0671322401752 0.9144 -0.0281456788838
0.0661689342534 0.9144 -0.0280516466502
0.0652056283315 0.9144 -0.0279576144167
0.0642423845069 0.9144 -0.0278601695384
0.063279233463 0.9144 -0.0277626179281
0.06231604476 0.9144 -0.0276616606487
0.0613528560569 0.9144 -0.0275607033693
0.0603897154997 0.9144 -0.0274561339324
0.0594264821618 0.9144 -0.0273516712276
0.0584632969698 0.9144 -0.0272435963652
0.0575001187534 0.9144 -0.0271356212592
0.0565367591702 0.9144 -0.0270250524867
0.0555733068062 0.9144 -0.0269145904463
0.0546093856602 0.9144 -0.0268031587444
0.0536453717334 0.9144 -0.0266918337745
0.0526809539026 0.9144 -0.0265790333855
0.0517164363155 0.9144 -0.0264662399722
0.0507516027269 0.9144 -0.0263503610859
0.0497867761139 0.9144 -0.0262345819561
0.0488214918892 0.9144 -0.0261151257905
0.0478563143965 0.9144 -0.0259957624058
0.0468906653407 0.9144 -0.0258725224725
0.0459250232607 0.9144 -0.0257493822956
0.0449588886906 0.9144 -0.025622066301
0.0439927541205 0.9144 -0.0254947503064
0.0430262058899 0.9144 -0.0253629522493
0.0420596576592 0.9144 -0.0252311541921
0.0410924892796 0.9144 -0.0250947882672
0.0401253278756 0.9144 -0.0249585220988
0.0391570175407 0.9144 -0.0248187274806
0.0381888069622 0.9144 -0.0246789258867
0.0372185454504 0.9144 -0.0245384657546
0.0362482839386 0.9144 -0.0243980056224
0.0352754357359 0.9144 -0.0242578266135
0.0343026872896 0.9144 -0.0241176406289
0.0333274909818 0.9144 -0.0239754204433
0.0323522876983 0.9144 -0.0238331005014
0.0313745458699 0.9144 -0.0236874495251
0.0303967970658 0.9144 -0.0235416987924
0.0294158832757 0.9144 -0.0233922598537
0.0284348627535 0.9144 -0.0232427281343
0.0274503082197 0.9144 -0.0230885315717
0.0264657536859 0.9144 -0.0229343350091
0.025477310066 0.9144 -0.0227746964791
0.0244887736653 0.9144 -0.0226151646811
0.0234949655402 0.9144 -0.0224504880876
0.0225011574151 0.9144 -0.0222858114941
0.0214984939942 0.9144 -0.0221206514371
0.0204959303297 0.9144 -0.0219554844044
0.0194794391113 0.9144 -0.0217990100838
0.0184630476494 0.9144 -0.0216425287876
0.0174300303323 0.9144 -0.0214934252241
0.0163971197473 0.9144 -0.0213444144415
0.0153462732527 0.9144 -0.0211926480922
0.0142955265145 0.9144 -0.0210408747672
0.0132239383934 0.9144 -0.020880634639
0.0121523432966 0.9144 -0.0207202947543
0.0110554569247 0.9144 -0.0205484911748
0.00995862043094 0.9144 -0.0203766841075
0.00882622899561 0.9144 -0.0201904220159
0.00769385751156 0.9144 -0.0200041585291
0.00649400623542 0.9144 -0.0198304327358
0.0052972806998 0.9144 -0.0196513759158
0.00373578227587 0.9144 -0.0199036149813
0.00217705932336 0.9144 -0.0201522516645
0.000679949618546 0.9144 -0.020058255789
-0.000823542182487 0.9144 -0.0199740289029
-0.00181661374559 0.9144 -0.0191948540425
-0.00280984582625 0.9144 -0.0184158207241
-0.00361136941725 0.9144 -0.0174792607704
-0.00441323399462 0.9144 -0.0165429852958
-0.00520356769735 0.9144 -0.0156671025817
-0.00599884591224 0.9144 -0.0147954851694
-0.00629955364916 0.9144 -0.0135705776677
-0.00660227011902 0.9144 -0.0123463319
-0.00862499452656 0.9144 -0.0122904639304
-0.0106391491428 0.9144 -0.0122282727595
-0.0129220136776 0.9144 -0.0119257403858
-0.0152032214172 0.9144 -0.0116225307903
-0.0153099880159 0.9144 -0.0100928301779
-0.0154177128359 0.9144 -0.00856376194811
-0.0156324453159 0.9144 -0.00713150201549
-0.0158488422642 0.9144 -0.00569980957271
-0.0159194937423 0.9144 -0.00426798010606
-0.0159904444895 0.9144 -0.00283617156636
-0.0157411856683 0.9144 -0.00141912228912
-0.0154919324275 0.9144 -1.9932067587e-06
-0.014926070889 0.9144 0.00131568910669
-0.0143603160825 0.9144 0.00263346420089
-0.0135445757937 0.9144 0.00378958361571
-0.0127287357486 0.9144 0.00494571000618
-0.0117168680891 0.9144 0.00590041995145
-0.0107048338436 0.9144 0.00685504130135
-0.00955324486127 0.9144 0.00757993789964
-0.00840161297636 0.9144 0.00830493774216
-0.00722118777592 0.9144 0.00883507142066
-0.00604072267292 0.9144 0.00936520788942
-0.00490864226056 0.9144 0.00977086598972
-0.00377653889692 0.9144 0.0101766259391
-0.00268577598806 0.9144 0.0104917814162
-0.00159498215472 0.9144 0.0108069390558
-0.000540859791405 0.9144 0.0110644983162
0.000513279530497 0.9144 0.0113220587624
0.00154939930539 0.9144 0.0115708408449
0.00258551210463 0.9144 0.0118197226839
0.00361453692922 0.9144 0.0120779328139
0.00464355875383 0.9144 0.01233604249
0.00568506041668 0.9144 0.0126267020054
0.00672656207953 0.9144 0.0129173615208
0.00772916825547 0.9144 0.0132126190246
0.00873178140706 0.9144 0.013507776772
0.00969944440105 0.9144 0.0138073071712
0.010667107395 0.9144 0.0141068375705
0.011612574954 0.9144 0.0144098281232
0.0125581492449 0.9144 0.0147127258951
0.0134908640326 0.9144 0.0150160276175
0.014423479064 0.9144 0.0153193223642
0.0153493713432 0.9144 0.0156198413939
0.0162753633789 0.9144 0.0159203673993
0.0171981548202 0.9144 0.0162150559226
0.0181210390423 0.9144 0.0165098511781
0.0190426459443 0.9144 0.0167985424632
0.0199642528464 0.9144 0.0170872337483
0.0208858353104 0.9144 0.0173691067197
0.0218074107988 0.9144 0.0176510794474
0.0227299363889 0.9144 0.0179251993218
0.0236525617355 0.9144 0.0181993261718
0.0245764434287 0.9144 0.0184655213389
0.0255004248783 0.9144 0.0187317234817
0.0264260896027 0.9144 0.0189896228185
0.0273516475951 0.9144 0.0192476149361
0.0282789258379 0.9144 0.0194982090312
0.0292061043242 0.9144 0.0197487961505
0.0301349751584 0.9144 0.0199923842729
0.0310637462362 0.9144 0.0202359654196
0.0319936920502 0.9144 0.0204742155257
0.0329236308886 0.9144 0.0207125653881
0.033854540072 0.9144 0.0209470735803
0.0347853425234 0.9144 0.0211816745533
0.0357182272752 0.9144 0.0214080006229
0.0366510122707 0.9144 0.0216343197169
0.0375860142012 0.9144 0.0218518721012
0.0385209163753 0.9144 0.0220694175098
0.0394578010935 0.9144 0.0222786810395
0.0403946858117 0.9144 0.0224879445692
0.0413332189264 0.9144 0.022689404075
0.0422717520412 0.9144 0.0228908635808
0.04321190565 0.9144 0.0230849180883
0.0441519595023 0.9144 0.0232789656203
0.0450935061897 0.9144 0.0234660002039
0.0460350528771 0.9144 0.0236530347875
0.0469778789354 0.9144 0.0238332419844
0.0479206980181 0.9144 0.0240135489376
0.0488647755447 0.9144 0.0241873277733
0.0498088460956 0.9144 0.0243612063654
0.0507540544072 0.9144 0.0245288491336
0.0516991559868 0.9144 0.0246965846824
0.0526453744 0.9144 0.0248583836766
0.0535915858375 0.9144 0.0250202824271
0.0545387006447 0.9144 0.0251764301843
0.0554858084762 0.9144 0.025332677698
0.0564337987503 0.9144 0.0254834734876
0.0573818887808 0.9144 0.0256342762529
0.0583306477899 0.9144 0.0257798128557
0.0592795065553 0.9144 0.0259253564341
0.0602291201044 0.9144 0.0260658403384
0.0611786269215 0.9144 0.0262064170235
0.0621289743273 0.9144 0.026342140523
0.0630792289523 0.9144 0.0264777572904
0.0640302034827 0.9144 0.0266088131658
0.0649811780132 0.9144 0.0267398690412
0.0659326659605 0.9144 0.0268664498297
0.0668842606399 0.9144 0.0269929378374
0.0678363617607 0.9144 0.0271150505145
0.0687884559057 0.9144 0.0272372629481
0.0697411562485 0.9144 0.0273551070268
0.0706937498592 0.9144 0.0274730438863
0.0716469357163 0.9144 0.0275868119037
0.0726001215735 0.9144 0.027700579921
0.0735537789937 0.9144 0.0278104713899
0.0745073366574 0.9144 0.0279203558832
0.0754614726163 0.9144 0.0280262710471
0.0764155018431 0.9144 0.0281322789919
0.0773699956574 0.9144 0.0282345101445
0.0783243897152 0.9144 0.0283367343215
0.0792792413848 0.9144 0.0284352814628
0.0802340930544 0.9144 0.0285338286041
0.0811893953602 0.9144 0.0286287984661
0.0821445979095 0.9144 0.0287237613525
0.0831001304115 0.9144 0.0288154392532
0.0840556698893 0.9144 0.0289070173974
0.0850115462954 0.9144 0.0289952107995
0.0859674227016 0.9144 0.0290834042017
0.0869235223284 0.9144 0.0291684053988
0.0878797286873 0.9144 0.0292533138152
0.0888034660687 0.9144 0.0293323429887
0.0897272104257 0.9144 0.0294112724058
0.0906973094138 0.9144 0.0294910373939
0.0916675081583 0.9144 0.0295708093576
0.0926864766145 0.9144 0.0296512850387
0.0937054450707 0.9144 0.0297317607198
0.0947756122706 0.9144 0.0298126087517
0.0958457794705 0.9144 0.0298934567836
0.0969697739588 0.9144 0.0299743597512
0.0980935619587 0.9144 0.0300553485239
0.0992737988162 0.9144 0.0301361745734
0.100455033238 0.9144 0.0302170703795
0.101694447254 0.9144 0.0302974232663
0.102933854294 0.9144 0.0303778759096
0.104236470604 0.9144 0.0304575358777
0.105538089349 0.9144 0.0305371260893
0.106905937958 0.9144 0.0306157338695
0.108273793543 0.9144 0.0306942418932
0.109709929924 0.9144 0.0307711089473
0.111146066305 0.9144 0.0308479760013
0.112654515594 0.9144 0.0309228825732
0.114162964882 0.9144 0.030997789145
0.115746775575 0.9144 0.0310701464527
0.117330593243 0.9144 0.0311424040041
0.118993818377 0.9144 0.0312115932661
0.120657036535 0.9144 0.0312808822844
0.122404719736 0.9144 0.0313464542317
0.124151405372 0.9144 0.0314119564225
0.125985604549 0.9144 0.0314731527603
0.127820801289 0.9144 0.0315344188547
0.129713563721 0.9144 0.0315895856712
0.131606319176 0.9144 0.031644852244
0.133499611757 0.9144 0.0316924375737
0.13539191375 0.9144 0.0317398533905
0.13728573648 0.9144 0.0317798572334
0.13917855467 0.9144 0.0318198910762
0.141071882082 0.9144 0.0318526427014
0.142965209495 0.9144 0.0318853943267
0.144859025203 0.9144 0.0319111630036
0.146752840911 0.9144 0.0319369316805
0.148646133398 0.9144 0.0319558471654
0.150539418911 0.9144 0.0319748624067
0.152433164815 0.9144 0.0319872937252
0.154326917696 0.9144 0.0319996252874
0.156220105503 0.9144 0.032005702196
0.158114297849 0.9144 0.0320117491046
0.160007918146 0.9144 0.0320116411161
0.161901538443 0.9144 0.0320115331275
0.163794572738 0.9144 0.0320054697546
0.165688611574 0.9144 0.0319993763818
0.167582057433 0.9144 0.031987427381
0.169475496317 0.9144 0.0319755781366
0.171369339788 0.9144 0.0319579430207
0.173263176283 0.9144 0.0319404076612
0.175156391899 0.9144 0.0319174156993
0.177049614491 0.9144 0.0318943239811
0.178943199817 0.9144 0.0318660449298
0.180836792118 0.9144 0.0318376661221
0.182729742613 0.9144 0.0318041299813
0.184623690672 0.9144 0.0317706635969
0.18651598541 0.9144 0.0317321696357
0.188409284688 0.9144 0.0316936456746
0.190302925772 0.9144 0.0316502336497
0.192195562317 0.9144 0.0316068516247
0.194088540668 0.9144 0.0315585815359
0.195982509608 0.9144 0.0315104809599
0.197874804299 0.9144 0.0314576520763
0.199768096555 0.9144 0.0314048929493
0.201660698174 0.9144 0.0313476747839
0.20355330677 0.9144 0.0312903568621
0.205446222294 0.9144 0.0312286496585
0.207339130842 0.9144 0.0311670422113
0.20923134178 0.9144 0.0311010754823
0.211123559692 0.9144 0.0310350089968
0.213016056631 0.9144 0.0309649522551
0.21490855357 0.9144 0.0308948955134
0.216800338946 0.9144 0.0308206790026
0.21869311491 0.9144 0.0307466320047
0.220585179313 0.9144 0.0306684252378
0.222476239175 0.9144 0.0305902484707
0.224368561676 0.9144 0.0305083507168
0.226260884177 0.9144 0.0304264529628
0.228152474189 0.9144 0.030340694709
0.2300440642 0.9144 0.0302549364552
0.231934907771 0.9144 0.0301655172143
0.233826748906 0.9144 0.0300761677299
0.2357178436 0.9144 0.0299831572585
0.237609928882 0.9144 0.0298903162999
0.23950027016 0.9144 0.0297937445978
0.241391602026 0.9144 0.0296973424086
0.243283171065 0.9144 0.0295975485016
0.245173749514 0.9144 0.0294975850817
0.247064551185 0.9144 0.0293944294568
0.248955352855 0.9144 0.029291273832
0.250846384722 0.9144 0.0291848262458
0.252736412049 0.9144 0.0290784086595
0.254627660161 0.9144 0.0289688686248
0.256517910709 0.9144 0.0288592588335
0.258408377502 0.9144 0.0287465565938
0.260297846731 0.9144 0.0286337845975
0.262188522793 0.9144 0.0285180896656
0.264078201291 0.9144 0.0284023249772
0.265968089059 0.9144 0.0282835675966
0.267857969851 0.9144 0.0281649099724
0.269748052937 0.9144 0.0280433594125
0.271638142999 0.9144 0.0279217090962
0.273527423838 0.9144 0.0277972956005
0.275416711654 0.9144 0.0276727823484
0.277306187812 0.9144 0.0275455756733
0.279195656994 0.9144 0.0274184687547
0.281084330907 0.9144 0.0272883991438
0.282973995407 0.9144 0.0271584990458
0.28486284371 0.9144 0.0270259355248
0.286751692014 0.9144 0.0268933720038
0.28864072866 0.9144 0.0267581150599
0.29052975833 0.9144 0.0266229578723
0.292417971803 0.9144 0.0264851372618
0.29430718284 0.9144 0.0263473864077
0.296195563728 0.9144 0.0262071716435
0.298083944616 0.9144 0.0260669568792
0.299971502332 0.9144 0.0259241784484
0.301860057612 0.9144 0.025781469774
0.303747782743 0.9144 0.0256362971894
0.305636505438 0.9144 0.0254911943613
0.307524391009 0.9144 0.0253437273794
0.30941227658 0.9144 0.0251962603976
0.311299332003 0.9144 0.0250463295055
0.313187378013 0.9144 0.0248965681263
0.3150745869 0.9144 0.0247444425933
0.316962793351 0.9144 0.0245923868167
0.318850162678 0.9144 0.0244379668864
0.320737525029 0.9144 0.0242836467125
0.32262404328 0.9144 0.0241270621412
0.324511559095 0.9144 0.0239705473264
0.32639823081 0.9144 0.0238117681142
0.32828489834 0.9144 0.0236530487559
0.330171714452 0.9144 0.0234922045861
0.332058530563 0.9144 0.0233313604163
0.333945493163 0.9144 0.023168421362
0.335832456461 0.9144 0.0230054723321
0.337718564497 0.9144 0.022840418515
0.339604672534 0.9144 0.0226753646979
0.341490921478 0.9144 0.0225082958015
0.343377170423 0.9144 0.0223412269051
0.345263558183 0.9144 0.0221721728561
0.347149945943 0.9144 0.0220031188072
0.349035474257 0.9144 0.021832019825
0.350921003269 0.9144 0.0216609108672
0.352807665172 0.9144 0.0214879363916
0.354693328813 0.9144 0.0213149021351
0.356578131613 0.9144 0.0211398428966
0.358463931977 0.9144 0.0209648534146
0.36034886592 0.9144 0.0207879187558
0.362234796031 0.9144 0.0206110738046
0.364119860418 0.9144 0.020432273701
0.366004924107 0.9144 0.0202534835729
0.367890117543 0.9144 0.0200728379758
0.369775310979 0.9144 0.0198921923786
0.371659635204 0.9144 0.0197096415072
0.373544956992 0.9144 0.0195271603922
0.37542940887 0.9144 0.0193427839785
0.377313860749 0.9144 0.0191584075648
0.379198438189 0.9144 0.0189722355358
0.381083015629 0.9144 0.0187860635068
0.382966721067 0.9144 0.0185980261061
0.384851424278 0.9144 0.0184100554691
0.386735254301 0.9144 0.018220236419
0.388620081539 0.9144 0.0180304921131
0.39050403517 0.9144 0.0178389053795
0.392386990959 0.9144 0.0176472528796
0.394271067222 0.9144 0.0174539124284
0.396155143206 0.9144 0.0172605759674
0.398038344258 0.9144 0.0170654160324
0.399922542874 0.9144 0.0168703258538
0.401805865302 0.9144 0.0166734301573
0.403689187731 0.9144 0.0164765344608
0.405571633274 0.9144 0.016277843222
0.407455077078 0.9144 0.016079211764
0.409338640864 0.9144 0.0158788644959
0.411221207085 0.9144 0.0156784474713
0.413103896078 0.9144 0.015476274734
0.414986585071 0.9144 0.0152741019967
0.416869395441 0.9144 0.0150701934979
0.41875220581 0.9144 0.0148662849992
0.420634138596 0.9144 0.0146605909338
0.422517068947 0.9144 0.0144549666248
0.424399121017 0.9144 0.0142475667249
0.426281172389 0.9144 0.0140401768006
0.428163343045 0.9144 0.0138310810418
0.430045513701 0.9144 0.013621985283
0.431927809918 0.9144 0.0134110939089
0.433809107874 0.9144 0.0132001427539
0.435690525811 0.9144 0.0129874757888
0.437572940615 0.9144 0.0127748885558
0.439454477138 0.9144 0.0125605257318
0.4413350154 0.9144 0.012346103127
0.443216678182 0.9144 0.0121299347121
0.445098340267 0.9144 0.0119137762728
0.446979123373 0.9144 0.0116958522182
0.448859907178 0.9144 0.0114779181879
0.450740816544 0.9144 0.0112581885423
0.45262172591 0.9144 0.0110384588967
0.454502753862 0.9144 0.0108170333923
0.456382784249 0.9144 0.0105955381313
0.458263944739 0.9144 0.0103722172552
0.460144100688 0.9144 0.010148926379
0.462024382199 0.9144 0.00992383988745
0.463904663711 0.9144 0.00969875339594
0.465784073219 0.9144 0.00947180153266
0.467664480292 0.9144 0.00924491942586
0.469544022338 0.9144 0.00901607219088
0.471423557409 0.9144 0.00878732471232
0.473303225017 0.9144 0.00855668186205
0.475182885649 0.9144 0.00832613876819
0.477062678818 0.9144 0.00809370030264
0.478941474423 0.9144 0.00786119208061
0.480820402566 0.9144 0.00762678848689
0.482699323733 0.9144 0.00739248464957
0.484578384413 0.9144 0.00715618568415
0.486457445093 0.9144 0.00691988671873
0.48833563377 0.9144 0.00668172238155
0.490214826988 0.9144 0.00644352804444
0.492093148203 0.9144 0.00620346833556
0.493971476393 0.9144 0.00596330887028
0.495848939557 0.9144 0.00572118427682
0.497727400285 0.9144 0.00547912943984
0.499605002961 0.9144 0.00523500971829
0.501483596226 0.9144 0.00499105950962
0.503360347828 0.9144 0.00474477514708
0.505238090017 0.9144 0.00449866029743
0.507115964744 0.9144 0.00425065007608
0.508992848883 0.9144 0.00400247034185
0.510869865559 0.9144 0.00375239523593
0.51274688921 0.9144 0.0035022203736
0.51462405935 0.9144 0.00324995062677
0.516500231926 0.9144 0.00299761112346
0.518377541579 0.9144 0.00274334624852
0.520253853668 0.9144 0.00248901161712
0.522129321657 0.9144 0.00223241258832
0.524005780235 0.9144 0.00197598307241
0.525879364706 0.9144 0.00171764842819
0.52775195859 0.9144 0.00145914427109
0.528923139848 0.9144 0.00129674615216
0.530093330519 0.9144 0.00113417852036
0.530825228116 0.9144 0.00103218466399
0.531557132689 0.9144 0.000930091051227
0.532013709771 0.9144 0.000866084341276
0.532471284416 0.9144 0.000802147387798
0.532756768915 0.9144 0.000762164383189
0.533043250979 0.9144 0.000722251135053
0.533221438119 0.9144 0.000697119622547
0.533399618284 0.9144 0.000672087866446

ZONE T="SLICE_Y_0p9144_BINS15_KS_1p0668mm_FINAL_LAYER"
0.533400004262 0.9144 0.000672085896088
0.533400002031 0.9144 0.000616078549419
0.533399999752 0.9144 0.000560071901046
0.533399997173 0.9144 0.000504065241721
0.533399994642 0.9144 0.000448057894078
0.533399992162 0.9144 0.000392051241728
0.533399989631 0.9144 0.000336043894085
0.533399988455 0.9144 0.000280037242638
0.533399987327 0.9144 0.000224029892897
0.533399988156 0.9144 0.000168023241305
0.533399989033 0.9144 0.000112015891417
0.533399989862 0.9144 5.6009239825e-05
0.533399990639 0.9144 1.88296214385e-09
0.533399991568 0.9144 -5.60047616546e-05
0.533399992345 0.9144 -0.000112012118517
0.533399993274 0.9144 -0.000168018763134
0.533399994051 0.9144 -0.000224026119997
0.533399996885 0.9144 -0.000280032771736
0.533399999767 0.9144 -0.000336040121769
0.533400004003 0.9144 -0.000392046765629
0.533400008189 0.9144 -0.000448054114759
0.533400012326 0.9144 -0.000504060775571
0.533400016511 0.9144 -0.000560068124701
0.533400010422 0.9144 -0.000616074768807
0.533400004283 0.9144 -0.000672082118183
0.533221412648 0.9144 -0.000697125034147
0.533042818829 0.9144 -0.00072216825321
0.532757062792 0.9144 -0.000762169557897
0.532471303181 0.9144 -0.000802171373074
0.532014087385 0.9144 -0.000866129002314
0.531556865832 0.9144 -0.000930087445144
0.530825281558 0.9144 -0.00103214147279
0.530093688251 0.9144 -0.00113419676368
0.528923044825 0.9144 -0.00129670214604
0.527752386804 0.9144 -0.00145920955138
0.525879130361 0.9144 -0.00171757861936
0.524005850685 0.9144 -0.00197595089579
0.522139528229 0.9144 -0.0022311245093
0.520273182636 0.9144 -0.00248630128439
0.51840656768 0.9144 -0.0027393261675
0.516539929585 0.9144 -0.00299235418226
0.514673037499 0.9144 -0.0032433254244
0.512806122173 0.9144 -0.00349429977524
0.510938948985 0.9144 -0.00374317204306
0.509071752755 0.9144 -0.00399204738567
0.507204310491 0.9144 -0.00423889231474
0.505336845184 0.9144 -0.00448574028868
0.503469146745 0.9144 -0.0047306391471
0.501601425161 0.9144 -0.0049755410374
0.499733459729 0.9144 -0.00521839502912
0.497865471051 0.9144 -0.00546125202978
0.495997253595 0.9144 -0.0057021591092
0.494129012892 0.9144 -0.0059430691776
0.49226054271 0.9144 -0.00618200926481
0.490392049379 0.9144 -0.00642095231407
0.488523335458 0.9144 -0.00665797794017
0.486654598385 0.9144 -0.00689500650838
0.48478564491 0.9144 -0.00713013596593
0.482916668282 0.9144 -0.00736526833565
0.481047478001 0.9144 -0.00759850794836
0.479178264565 0.9144 -0.00783175044333
0.477308843222 0.9144 -0.00806313073493
0.475439398722 0.9144 -0.00829451388884
0.473569749209 0.9144 -0.008524043258
0.471700076538 0.9144 -0.00875357546951
0.469830205898 0.9144 -0.00898129584714
0.467960311999 0.9144 -0.00920901906412
0.466090216304 0.9144 -0.00943488432179
0.464220097448 0.9144 -0.00966075238192
0.462349785068 0.9144 -0.00988481627672
0.460479449525 0.9144 -0.010108882944
0.458608928336 0.9144 -0.0103311964508
0.456738383883 0.9144 -0.0105535127271
0.454867645158 0.9144 -0.0107739883313
0.452996883169 0.9144 -0.0109944666851
0.451125943881 0.9144 -0.0112132338582
0.449254981327 0.9144 -0.011432003751
0.447383829204 0.9144 -0.0116489428978
0.445512653812 0.9144 -0.0118658847343
0.443641304493 0.9144 -0.0120811162772
0.441769932003 0.9144 -0.0122963504828
0.439898382325 0.9144 -0.0125098335027
0.438026809573 0.9144 -0.0127233191485
0.436155059218 0.9144 -0.0129350347616
0.434283285589 0.9144 -0.0131467529946
0.432411343277 0.9144 -0.0133567642563
0.430539377689 0.9144 -0.0135667781178
0.42866724469 0.9144 -0.0137750831347
0.426795088415 0.9144 -0.0139833907316
0.424922756711 0.9144 -0.0141899020602
0.42305040183 0.9144 -0.0143964159518
0.421177883052 0.9144 -0.0146012239507
0.419305340995 0.9144 -0.0148060344998
0.417432635082 0.9144 -0.0150091239463
0.415559905888 0.9144 -0.015212215923
0.41368701449 0.9144 -0.0154135875137
0.411814099811 0.9144 -0.0156149616145
0.409941023559 0.9144 -0.0158146071254
0.408067924023 0.9144 -0.0160142551265
0.406194663975 0.9144 -0.0162121682182
0.404321380641 0.9144 -0.0164100837602
0.402447937697 0.9144 -0.0166062586459
0.400574471565 0.9144 -0.016802435955
0.398700844041 0.9144 -0.0169968399726
0.396827193229 0.9144 -0.0171912464006
0.39495338585 0.9144 -0.0173839084107
0.393079555182 0.9144 -0.0175765728113
0.391205568479 0.9144 -0.0177674831836
0.389331558485 0.9144 -0.0179583959265
0.387457392467 0.9144 -0.0181475376087
0.385583203157 0.9144 -0.0183366816415
0.383708858282 0.9144 -0.0185240425322
0.381834490114 0.9144 -0.0187114057635
0.37995996757 0.9144 -0.018896981349
0.37808542183 0.9144 -0.0190825592381
0.376210722146 0.9144 -0.0192663370308
0.374335999365 0.9144 -0.0194501170903
0.372461122334 0.9144 -0.0196320769056
0.370586222102 0.9144 -0.0198140389648
0.368711167311 0.9144 -0.0199941562718
0.36683608912 0.9144 -0.0201742758266
0.364960855432 0.9144 -0.0203525214536
0.36308559844 0.9144 -0.0205307692814
0.361210187696 0.9144 -0.0207071423377
0.359334753747 0.9144 -0.0208835175679
0.35745916643 0.9144 -0.0210580034441
0.355583555908 0.9144 -0.0212324914844
0.353707796787 0.9144 -0.0214051196799
0.351832014359 0.9144 -0.0215777500164
0.349956075156 0.9144 -0.0217484107511
0.348080112645 0.9144 -0.0219190736069
0.346203994477 0.9144 -0.0220877556055
0.344327853097 0.9144 -0.0222564396883
0.342451557889 0.9144 -0.0224231418237
0.340575239569 0.9144 -0.0225898460164
0.338698767422 0.9144 -0.0227545439223
0.336822272062 0.9144 -0.0229192438724
0.334945622308 0.9144 -0.0230819050662
0.33306894924 0.9144 -0.0232445682912
0.331192118953 0.9144 -0.0234051337031
0.329315265448 0.9144 -0.0235657011095
0.327438257827 0.9144 -0.0237241792371
0.325561226987 0.9144 -0.0238826593292
0.323684041139 0.9144 -0.0240390130242
0.321806832069 0.9144 -0.0241953686538
0.31992946408 0.9144 -0.0243495189972
0.318052072767 0.9144 -0.0245036712522
0.316174526113 0.9144 -0.0246556307116
0.314296956234 0.9144 -0.0248075920458
0.312419230135 0.9144 -0.0249573178918
0.310541480808 0.9144 -0.0251070455825
0.308663571474 0.9144 -0.0252544549775
0.306785638813 0.9144 -0.0254018662143
0.304907550002 0.9144 -0.0255469698623
0.30302943776 0.9144 -0.0256920753292
0.301151166692 0.9144 -0.0258348019505
0.29927287239 0.9144 -0.0259775303268
0.297394418538 0.9144 -0.0261178308086
0.295515941451 0.9144 -0.0262581330354
0.293637307489 0.9144 -0.0263959997524
0.29175865019 0.9144 -0.0265338681915
0.289879830388 0.9144 -0.0266691804797
0.288000987346 0.9144 -0.026804494453
0.286121986508 0.9144 -0.0269372679853
0.284242962428 0.9144 -0.0270700431728
0.282363778611 0.9144 -0.0272002014084
0.280484571449 0.9144 -0.0273303612663
0.278605203626 0.9144 -0.0274578350583
0.276725812556 0.9144 -0.0275853104257
0.274846264068 0.9144 -0.0277100916412
0.272966692231 0.9144 -0.0278348744092
0.271086957443 0.9144 -0.027956817948
0.269207199403 0.9144 -0.0280787629923
0.26732728439 0.9144 -0.0281978955254
0.265447346123 0.9144 -0.0283170295342
0.263567248337 0.9144 -0.0284332429461
0.261687127296 0.9144 -0.0285494578037
0.259806847519 0.9144 -0.028662687302
0.257926544483 0.9144 -0.0287759181961
0.256046085843 0.9144 -0.0288861382504
0.254165603941 0.9144 -0.0289963596706
0.252284962394 0.9144 -0.0291034121177
0.250404297484 0.9144 -0.0292104659078
0.248523479644 0.9144 -0.0293143750956
0.246642638439 0.9144 -0.0294182855765
0.244761642539 0.9144 -0.0295189186948
0.242880623169 0.9144 -0.0296195530733
0.240999451092 0.9144 -0.0297168381455
0.239118255642 0.9144 -0.029814124421
0.237236911706 0.9144 -0.0299080285757
0.235355544394 0.9144 -0.0300019339038
0.233474026047 0.9144 -0.0300922758775
0.231592484422 0.9144 -0.0301826189677
0.229710798879 0.9144 -0.0302694087414
0.227829090055 0.9144 -0.0303561995917
0.225947238772 0.9144 -0.0304393189359
0.224065364204 0.9144 -0.0305224393068
0.222183348503 0.9144 -0.0306017465641
0.220301309413 0.9144 -0.0306810547954
0.218419136201 0.9144 -0.0307565326318
0.216536939598 0.9144 -0.0308320114023
0.214654611329 0.9144 -0.0309035171391
0.212772259664 0.9144 -0.0309750237601
0.210889780219 0.9144 -0.0310424322718
0.209007277377 0.9144 -0.0311098416378
0.207124654003 0.9144 -0.0311731017442
0.205242007227 0.9144 -0.0312363626449
0.203359244797 0.9144 -0.0312953419034
0.201476458962 0.9144 -0.0313543218964
0.199593562703 0.9144 -0.0314088613753
0.197710643135 0.9144 -0.0314634015318
0.195827621926 0.9144 -0.0315134432905
0.193944577504 0.9144 -0.03156348566
0.192061439063 0.9144 -0.0316089006558
0.190178277306 0.9144 -0.0316543162196
0.188295029448 0.9144 -0.0316949409792
0.186411758169 0.9144 -0.0317355662438
0.184528410447 0.9144 -0.0317712621131
0.182645039399 0.9144 -0.0318069584306
0.180761603176 0.9144 -0.0318376284507
0.178878143523 0.9144 -0.0318682988661
0.176994630291 0.9144 -0.0318938006183
0.175111093538 0.9144 -0.0319193028726
0.173227519753 0.9144 -0.0319399318691
0.171343922671 0.9144 -0.0319605631563
0.16946030316 0.9144 -0.0319769658173
0.1675766603 0.9144 -0.0319933714543
0.165692999013 0.9144 -0.0320054895725
0.163809314212 0.9144 -0.032017609746
0.161925614217 0.9144 -0.0320252535351
0.160041890842 0.9144 -0.0320328984179
0.158158158 0.9144 -0.0320354091043
0.156274401837 0.9144 -0.0320379202988
0.154390645607 0.9144 -0.0320351736802
0.152506866053 0.9144 -0.0320324275297
0.150623097427 0.9144 -0.0320241865718
0.148739305365 0.9144 -0.0320159459195
0.146855539795 0.9144 -0.0320017578115
0.144971750866 0.9144 -0.0319875696929
0.143088002173 0.9144 -0.0319673883886
0.141204230116 0.9144 -0.0319472069937
0.139320511059 0.9144 -0.0319209870421
0.137436768548 0.9144 -0.0318947671168
0.135553098523 0.9144 -0.0318621192669
0.13366940503 0.9144 -0.0318294712436
0.131785804235 0.9144 -0.0317901668294
0.129902179964 0.9144 -0.0317508621222
0.128018664502 0.9144 -0.0317048905747
0.126135125769 0.9144 -0.03165891883
0.124315373831 0.9144 -0.031607939846
0.122495599211 0.9144 -0.0315569604933
0.120762618612 0.9144 -0.0315019713883
0.119029616612 0.9144 -0.0314469815945
0.11737927196 0.9144 -0.0313888565883
0.115728906814 0.9144 -0.0313307309601
0.114157242924 0.9144 -0.0312704627807
0.112585559354 0.9144 -0.031210194133
0.111088838146 0.9144 -0.0311480655646
0.109592098339 0.9144 -0.0310859362217
0.108166773157 0.9144 -0.0310219398384
0.10674143035 0.9144 -0.0309579422816
0.105384126675 0.9144 -0.0308920394237
0.104026806081 0.9144 -0.0308261354433
0.102734266077 0.9144 -0.0307591374825
0.101441710031 0.9144 -0.0306921389092
0.100210809224 0.9144 -0.0306249869303
0.0989798930797 0.9144 -0.0305578345401
0.0978076527477 0.9144 -0.0304912145791
0.0966353978395 0.9144 -0.0304245938932
0.0955190259679 0.9144 -0.0303585596523
0.0944026402739 0.9144 -0.0302925238517
0.0933395968425 0.9144 -0.0302257286031
0.0922765402536 0.9144 -0.0301589316982
0.0912643420675 0.9144 -0.0300909321008
0.0902521311954 0.9144 -0.0300229328592
0.0892881824842 0.9144 -0.029955837
0.0883242456946 0.9144 -0.0298887427532
0.0873608480185 0.9144 -0.0298205194393
0.0863974624453 0.9144 -0.029752296462
0.0854340648309 0.9144 -0.0296824799128
0.0844706792518 0.9144 -0.029612664597
0.0835073551557 0.9144 -0.0295403354389
0.0825440430644 0.9144 -0.0294680079373
0.0815808138602 0.9144 -0.0293928847838
0.0806175966125 0.9144 -0.029317763601
0.0796544691977 0.9144 -0.0292397372249
0.078691353743 0.9144 -0.0291617128694
0.0777283602202 0.9144 -0.0290804732562
0.0767653786258 0.9144 -0.0289992359264
0.0758025945561 0.9144 -0.0289141061061
0.0748398221789 0.9144 -0.0288289805005
0.0738773003322 0.9144 -0.0287395580919
0.0729147899833 0.9144 -0.0286501414153
0.0719524261151 0.9144 -0.0285573870402
0.070990074106 0.9144 -0.0284646351038
0.0700276558694 0.9144 -0.0283701770011
0.0690652498495 0.9144 -0.028275718425
0.0681026849542 0.9144 -0.0281800225675
0.067140132019 0.9144 -0.0280843282996
0.0661774670208 0.9144 -0.0279867695471
0.0652148136512 0.9144 -0.0278892149535
0.0642521820799 0.9144 -0.0277886277421
0.063289562004 0.9144 -0.0276880455108
0.0623270535232 0.9144 -0.0275836565121
0.0613645562778 0.9144 -0.0274792739352
0.0604023004783 0.9144 -0.0273700461833
0.0594400554308 0.9144 -0.0272608278343
0.0584782804224 0.9144 -0.0271452449733
0.0575165159 0.9144 -0.0270296727268
0.0565552814166 0.9144 -0.0269074771225
0.0555940580755 0.9144 -0.026785287325
0.0546329946508 0.9144 -0.0266588616039
0.0536719433672 0.9144 -0.0265324354748
0.0527106297807 0.9144 -0.0264041075303
0.0517493284221 0.9144 -0.0262757788411
0.0507876464719 0.9144 -0.0261457055909
0.0498259761136 0.9144 -0.0260156352592
0.0488640088258 0.9144 -0.0258827456025
0.047902052475 0.9144 -0.0257498622583
0.0469398920926 0.9144 -0.0256131829298
0.0459777420503 0.9144 -0.0254765127021
0.0450154606926 0.9144 -0.0253352947165
0.0440531890944 0.9144 -0.0251940881378
0.0430910709192 0.9144 -0.0250466554605
0.0421289615151 0.9144 -0.0248992381186
0.0411675553596 0.9144 -0.0247427100173
0.0402061567186 0.9144 -0.0245862019305
0.0392458314192 0.9144 -0.0244186865079
0.0382855145589 0.9144 -0.0242511855418
0.0373256630179 0.9144 -0.0240753201313
0.0363658232688 0.9144 -0.0238994539063
0.0354053155771 0.9144 -0.0237196866017
0.0344448209051 0.9144 -0.0235399135349
0.0334804377603 0.9144 -0.0233678491322
0.03251636305 0.9144 -0.0231946331991
0.0315436636362 0.9144 -0.0230437835882
0.0305711694344 0.9144 -0.0228922662558
0.0296082614027 0.9144 -0.0226932426331
0.0286448135226 0.9144 -0.0224962551884
0.027682905168 0.9144 -0.0222830488233
0.0267210121328 0.9144 -0.0220698201251
0.0257653350717 0.9144 -0.0218253405971
0.0248094332122 0.9144 -0.0215816112376
0.023859376536 0.9144 -0.0213090669871
0.022909439398 0.9144 -0.0210361462409
0.02195319503 0.9144 -0.0207704710446
0.0209971107599 0.9144 -0.0205043376543
0.0200264471027 0.9144 -0.0202635892573
0.0190559112364 0.9144 -0.0200225191623
0.0180689435123 0.9144 -0.0198025217979
0.0170819237156 0.9144 -0.0195827009659
0.0160922004396 0.9144 -0.0193396210211
0.0151024522983 0.9144 -0.0190966317517
0.0141051251249 0.9144 -0.0188365749632
0.013107799146 0.9144 -0.0185765388418
0.0121034804964 0.9144 -0.0182907550453
0.0110990103074 0.9144 -0.0180053038309
0.0101378324966 0.9144 -0.0175887959804
0.00917590377734 0.9144 -0.0171737005252
0.00821128515313 0.9144 -0.0167215852729
0.0072460238837 0.9144 -0.0162704306373
0.00603580815405 0.9144 -0.0161475063767
0.00482873379463 0.9144 -0.0160194698881
0.00323572792216 0.9144 -0.0162912388259
0.00164377424094 0.9144 -0.0165618606553
-0.000169657263737 0.9144 -0.0169745104666
-0.0019805363913 0.9144 -0.0173845582577
-0.00331053727302 0.9144 -0.0170610972626
-0.00461123598964 0.9144 -0.0167080856409
-0.00513945888744 0.9144 -0.015585731798
-0.00564010436245 0.9144 -0.0144441215428
-0.00610617563795 0.9144 -0.0133660451255
-0.00660128454506 0.9144 -0.0123183961437
-0.00750931522992 0.9144 -0.0115775158071
-0.00844352587836 0.9144 -0.0108570321078
-0.00995253086304 0.9144 -0.0103244271267
-0.0114772044385 0.9144 -0.00980021073093
-0.0127643563018 0.9144 -0.00893066998724
-0.0140918608569 0.9144 -0.00807429512276
-0.0146960349612 0.9144 -0.00682095171525
-0.015265663613 0.9144 -0.00555360790653
-0.0151691815359 0.9144 -0.00413706456666
-0.0150583763184 0.9144 -0.00271713372525
-0.0144244436449 0.9144 -0.00135977705874
-0.0137904217438 0.9144 -2.37681587646e-06
-0.0127596889274 0.9144 0.00115832286686
-0.0117289002761 0.9144 0.00231904922943
-0.0105160642139 0.9144 0.00323057188974
-0.00930315589609 0.9144 0.0041421041738
-0.00810927223352 0.9144 0.00482432068329
-0.00691533612021 0.9144 0.00550653702115
-0.00585505542536 0.9144 0.00603548865319
-0.00479475097129 0.9144 0.00656443562123
-0.00388618049685 0.9144 0.00702663956926
-0.0029775872851 0.9144 0.00748884136813
-0.00214627472079 0.9144 0.0079124476047
-0.00131493010473 0.9144 0.00833603582319
-0.000496371261794 0.9144 0.00871743305612
0.000322216454279 0.9144 0.00909880000937
0.00114044356116 0.9144 0.00945684954775
0.00195869127624 0.9144 0.00981486787766
0.00279792220431 0.9144 0.0101854295174
0.0036371428949 0.9144 0.0105559865919
0.00451352091036 0.9144 0.01093403138
0.00538988103013 0.9144 0.0113120805705
0.00632201377268 0.9144 0.0117055958171
0.00725413963971 0.9144 0.0120991022726
0.00817708703882 0.9144 0.012485559499
0.00910003226913 0.9144 0.0128719987703
0.010008778173 0.9144 0.0132515412565
0.0109175188206 0.9144 0.0136310687395
0.0118213592961 0.9144 0.0139991466131
0.0127251910329 0.9144 0.0143672148437
0.0136291205407 0.9144 0.0147209725346
0.0145330392496 0.9144 0.0150747245284
0.015439577074 0.9144 0.015412613972
0.0163461033628 0.9144 0.0157504995115
0.0172560465703 0.9144 0.016072617835
0.018165978026 0.9144 0.0163947330511
0.0190790583127 0.9144 0.0167029544941
0.0199921269025 0.9144 0.0170111729038
0.020908236335 0.9144 0.0173066553578
0.0218243340758 0.9144 0.0176021349893
0.0227434172151 0.9144 0.0178855124314
0.0236624886729 0.9144 0.0181688871921
0.0245842060168 0.9144 0.0184414420136
0.025505911754 0.9144 0.0187139940888
0.0264299273468 0.9144 0.0189770251988
0.0273539313763 0.9144 0.0192400535154
0.0282800230962 0.9144 0.0194944851408
0.0292061032309 0.9144 0.0197489141417
0.0301342362583 0.9144 0.0199949586609
0.0310623576752 0.9144 0.0202410007744
0.0319924627494 0.9144 0.0204789062203
0.0329225556997 0.9144 0.0207168112996
0.0338539069878 0.9144 0.0209494131777
0.0347852458924 0.9144 0.0211820159643
0.0357181570216 0.9144 0.0214081820041
0.0366510565275 0.9144 0.0216343461084
0.0375860123233 0.9144 0.0218519008201
0.038520956665 0.9144 0.0220694528965
0.0394578053078 0.9144 0.0222787063551
0.0403946424789 0.9144 0.0224879572874
0.0413332019094 0.9144 0.0226893985645
0.0422717498518 0.9144 0.0228908374043
0.0432118571627 0.9144 0.023084926677
0.0441519529701 0.9144 0.0232790135914
0.045093498322 0.9144 0.0234660021899
0.0460350321542 0.9144 0.0236529885192
0.0469778884152 0.9144 0.023833250777
0.0479207331302 0.9144 0.0240135108541
0.0488647975273 0.9144 0.0241873349542
0.0498088503636 0.9144 0.0243611569428
0.0507540230953 0.9144 0.0245288499313
0.0516991842513 0.9144 0.0246965408774
0.0526453744147 0.9144 0.024858394504
0.0535915529869 0.9144 0.0250202461672
0.054538690703 0.9144 0.025176459392
0.0554858168138 0.9144 0.0253326707126
0.0564338344479 0.9144 0.0254834519754
0.057381840471 0.9144 0.0256342314138
0.0583306743526 0.9144 0.0257797877976
0.0592794966282 0.9144 0.0259253424275
0.0602290882601 0.9144 0.0260658705406
0.0611786682718 0.9144 0.0262063969591
0.0621289620907 0.9144 0.0263420953193
0.063079244286 0.9144 0.0264777920347
0.0640301890576 0.9144 0.0266088510118
0.0649811221921 0.9144 0.0267399083932
0.0659326829163 0.9144 0.0268664176541
0.0668842319899 0.9144 0.0269929253685
0.0678363619523 0.9144 0.0271150767318
0.0687884802507 0.9144 0.0272372265978
0.0697411473109 0.9144 0.0273551158549
0.070693802713 0.9144 0.0274730036752
0.0716469654107 0.9144 0.0275868161754
0.0726001164375 0.9144 0.0277006272781
0.073553744078 0.9144 0.0278104759855
0.0745073600434 0.9144 0.0279203233553
0.0754614260154 0.9144 0.0280262975309
0.0764154803194 0.9144 0.0281322704096
0.077369955796 0.9144 0.0282344905662
0.0783244196019 0.9144 0.0283367094658
0.079279279034 0.9144 0.0284352786322
0.0802341267726 0.9144 0.02853384658
0.0811893499607 0.9144 0.0286288251142
0.082144561471 0.9144 0.0287238024909
0.0831001133438 0.9144 0.0288154151138
0.0840556535362 0.9144 0.0289070266191
0.0850115257552 0.9144 0.0289952348854
0.085967386281 0.9144 0.0290834420733
0.086923543018 0.9144 0.0291683783161
0.0878797114404 0.9144 0.0292533156065
0.0888034477205 0.9144 0.0293323006056
0.0897271725512 0.9144 0.0294112846236
0.0906973603147 0.9144 0.0294910620947
0.0916675360482 0.9144 0.0295708385743
0.0926865004051 0.9144 0.0296512891583
0.0937054521405 0.9144 0.0297317387494
0.094775645119 0.9144 0.0298125829703
0.0958458248256 0.9144 0.0298934261829
0.0969698181408 0.9144 0.0299743723038
0.0980937975016 0.9144 0.0300553174288
0.0992742809381 0.9144 0.0301361753264
0.100454749708 0.9144 0.0302170322285
0.101694555549 0.9144 0.0302974615238
0.102934345922 0.9144 0.0303778898177
0.104236444518 0.9144 0.0304575404993
0.105538526943 0.9144 0.0305371902004
0.106906033238 0.9144 0.0306157188493
0.108273522659 0.9144 0.0306942465386
0.109709715183 0.9144 0.0307710963069
0.111145889931 0.9144 0.0308479451128
0.112654190146 0.9144 0.0309228589936
0.11416247168 0.9144 0.0309977719491
0.115746489782 0.9144 0.0310700761656
0.117330488297 0.9144 0.0311423794937
0.11899399854 0.9144 0.0312116230261
0.120657488192 0.9144 0.0312808657
0.122404457496 0.9144 0.031346408367
0.124151405104 0.9144 0.0314119502286
0.125985992526 0.9144 0.0314731609041
0.127820557145 0.9144 0.0315343708171
0.129713398445 0.9144 0.031589619695
0.131606216335 0.9144 0.0316448678882
0.133499267905 0.9144 0.0316923747046
0.135392296059 0.9144 0.0317398809461
0.137285520881 0.9144 0.0317798926903
0.13917872228 0.9144 0.0318199039495
0.141072086699 0.9144 0.0318526567691
0.14296542759 0.9144 0.0318854091764
0.14485890017 0.9144 0.0319111562353
0.146752349215 0.9144 0.0319369029816
0.148645901841 0.9144 0.0319558685749
0.150539431026 0.9144 0.0319748339325
0.152433038038 0.9144 0.0319872387979
0.154326621503 0.9144 0.0319996435204
0.156220259411 0.9144 0.0320057045779
0.158113873768 0.9144 0.0320117655623
0.160007521418 0.9144 0.0320116563288
0.161901145612 0.9144 0.032011547089
0.163794783448 0.9144 0.0320054511777
0.165688397721 0.9144 0.0319993553329
0.167582007953 0.9144 0.0319874483104
0.169475594717 0.9144 0.0319755414312
0.171369160913 0.9144 0.0319579794117
0.173262703638 0.9144 0.0319404176053
0.175156211205 0.9144 0.0319173892403
0.177049695295 0.9144 0.0318943611582
0.178943130793 0.9144 0.0318660213575
0.180836542809 0.9144 0.0318376819097
0.182729894023 0.9144 0.0318041809974
0.184623221751 0.9144 0.0317706805077
0.186516477979 0.9144 0.0317321801111
0.188409710717 0.9144 0.0316936801971
0.190302860534 0.9144 0.031650264895
0.192195986955 0.9144 0.0316068501423
0.194089021457 0.9144 0.0315586644259
0.195982032461 0.9144 0.0315104793018
0.197874943891 0.9144 0.0314576843123
0.199767831917 0.9144 0.0314048899818
0.201660613243 0.9144 0.0313476178005
0.203553371162 0.9144 0.0312903463282
0.20544601386 0.9144 0.0312286615077
0.207338633048 0.9144 0.0311669774392
0.209231131523 0.9144 0.0311010144769
0.211123606384 0.9144 0.0310350523193
0.21301595615 0.9144 0.0309649542007
0.2149082824 0.9144 0.0308948569436
0.216800477681 0.9144 0.0308207062768
0.218692649542 0.9144 0.0307465565284
0.220584684609 0.9144 0.0306684237755
0.222476696252 0.9144 0.0305902920008
0.224368569586 0.9144 0.0305083393809
0.226260419592 0.9144 0.0304263877862
0.228152126385 0.9144 0.030340674017
0.230043809747 0.9144 0.030254961306
0.231935345594 0.9144 0.0301655551076
0.233826858008 0.9144 0.0300761500073
0.235718223366 0.9144 0.0299832068404
0.237609565188 0.9144 0.0298902648144
0.239500754852 0.9144 0.0297938118219
0.241391921075 0.9144 0.0296973600172
0.243282933471 0.9144 0.0295974928022
0.245173922423 0.9144 0.0294976268349
0.247064758119 0.9144 0.0293944677351
0.248955570369 0.9144 0.0292913099029
0.250846223425 0.9144 0.0291848564078
0.252736853032 0.9144 0.0290784042302
0.254627326405 0.9144 0.0289688047275
0.256517776226 0.9144 0.0288592065852
0.258408067547 0.9144 0.0287465107206
0.260298335313 0.9144 0.0286338162464
0.262188441572 0.9144 0.0285180584638
0.264078524373 0.9144 0.0284023021185
0.265968448919 0.9144 0.028283615145
0.267858350005 0.9144 0.0281649296485
0.269748088508 0.9144 0.0280433166296
0.271637803649 0.9144 0.0279217051247
0.273527358038 0.9144 0.0277972646351
0.275416889062 0.9144 0.0276728256993
0.277306259677 0.9144 0.0275456245555
0.279195606825 0.9144 0.0274184249884
0.281084790033 0.9144 0.0272884692717
0.282973949771 0.9144 0.0271585151717
0.284862950202 0.9144 0.0270259307617
0.286751927261 0.9144 0.0268933480054
0.288640741913 0.9144 0.026758142
0.29052953309 0.9144 0.0266229376712
0.292418162627 0.9144 0.0264851693813
0.294306768687 0.9144 0.0263474028079
0.29619521565 0.9144 0.0262071548719
0.298083639235 0.9144 0.0260669086695
0.299971899523 0.9144 0.0259241695133
0.30186013643 0.9144 0.0257814321204
0.303748214346 0.9144 0.0256363007452
0.30563626888 0.9144 0.0254911711634
0.30752416464 0.9144 0.0253436889251
0.309412037016 0.9144 0.02519620851
0.311299746933 0.9144 0.0250463664997
0.313187433463 0.9144 0.0248965263425
0.315074962633 0.9144 0.0247444237071
0.316962468314 0.9144 0.0245923229577
0.318849816551 0.9144 0.0244379910207
0.320737141298 0.9144 0.0242836609896
0.322624305281 0.9144 0.0241270927722
0.324511445872 0.9144 0.0239705264977
0.326398429628 0.9144 0.0238118020457
0.328285390089 0.9144 0.0236530795696
0.33017219433 0.9144 0.0234922345547
0.332058975275 0.9144 0.0233313915407
0.333945597328 0.9144 0.0231684240668
0.335832196083 0.9144 0.0230054586206
0.337718638387 0.9144 0.0228404226675
0.339605057293 0.9144 0.02267538876
0.341491320684 0.9144 0.0225083196999
0.343377560574 0.9144 0.0223412527034
0.345263645248 0.9144 0.0221721778366
0.347149706419 0.9144 0.0220031050574
0.349035610307 0.9144 0.0218320252977
0.35092149069 0.9144 0.0216609476506
0.352807215687 0.9144 0.0214879075789
0.354692917277 0.9144 0.0213148696496
0.356578460535 0.9144 0.0211398612437
0.358463980384 0.9144 0.0209648550062
0.360349347313 0.9144 0.0207879571586
0.362234690833 0.9144 0.0206110615034
0.364119879648 0.9144 0.0204322753655
0.366005045052 0.9144 0.0202534914429
0.367890055171 0.9144 0.0200728310952
0.369775041977 0.9144 0.0198921729917
0.371659872938 0.9144 0.0197096536122
0.373544680585 0.9144 0.0195271364998
0.375429332424 0.9144 0.019342776247
0.377313960945 0.9144 0.0191584182832
0.3791984336 0.9144 0.0189722352139
0.381082882838 0.9144 0.0187860544497
0.382967175103 0.9144 0.0185980543468
0.384851443949 0.9144 0.0184100565714
0.386735555939 0.9144 0.0182202578802
0.388619644507 0.9144 0.0180304615383
0.39050357521 0.9144 0.0178388729767
0.39238748269 0.9144 0.0176472868002
0.394271232125 0.9144 0.017453923874
0.396154958236 0.9144 0.0172605633478
0.398038525027 0.9144 0.0170654285256
0.399922068393 0.9144 0.0168702961182
0.4018054522 0.9144 0.0166734028642
0.40368881258 0.9144 0.016476512048
0.405572012165 0.9144 0.0162778651796
0.407455188421 0.9144 0.0160792207759
0.409338203299 0.9144 0.0158788300751
0.411221194847 0.9144 0.015678441861
0.413104020304 0.9144 0.0154762787062
0.414986822329 0.9144 0.0152741180521
0.416869457856 0.9144 0.0150701940231
0.41875206995 0.9144 0.0148662725156
0.420634516777 0.9144 0.0146606144466
0.42251694027 0.9144 0.0144549589281
0.424399197831 0.9144 0.0142475749282
0.426281431957 0.9144 0.0140401934928
0.428163498948 0.9144 0.0138310878687
0.430045542602 0.9144 0.013621984837
0.43192740729 0.9144 0.0134110659198
0.433809248638 0.9144 0.0132001496179
0.435690918732 0.9144 0.0129875021207
0.437572565584 0.9144 0.0127748572678
0.439454040849 0.9144 0.0125604931404
0.441335492871 0.9144 0.0123461316773
0.443216759409 0.9144 0.0121299428951
0.445098002703 0.9144 0.0119137568001
0.446979068685 0.9144 0.0116958300793
0.448860111421 0.9144 0.0114779060656
0.45074097027 0.9144 0.0112581992619
0.452621805873 0.9144 0.0110384951831
0.454502455744 0.9144 0.01081700603
0.456383082366 0.9144 0.0105955196318
0.458263517363 0.9144 0.0103722134537
0.46014392901 0.9144 0.0101489100335
0.462024153536 0.9144 0.00992383854344
0.463904354711 0.9144 0.00969876983128
0.465784353262 0.9144 0.00947181786724
0.46766432836 0.9144 0.00924486871404
0.469544106755 0.9144 0.00901610069896
0.471423861796 0.9144 0.00878733552164
0.473303415541 0.9144 0.00855672973899
0.475182946029 0.9144 0.00832612682102
0.477062269125 0.9144 0.00809364861802
0.478941568863 0.9144 0.00786117330267
0.480820658715 0.9144 0.0076268168039
0.482699725208 0.9144 0.00739246319276
0.484578574829 0.9144 0.00715618923556
0.486457401189 0.9144 0.00691991821287
0.488336008828 0.9144 0.00668172748668
0.490214593104 0.9144 0.00644353970797
0.492092956758 0.9144 0.006203432183
0.493971297047 0.9144 0.00596332763545
0.495849404011 0.9144 0.0057212212255
0.497727487807 0.9144 0.00547911783685
0.499605341283 0.9144 0.00523505276326
0.501483171491 0.9144 0.00499099071397
0.503360753785 0.9144 0.00474484870445
0.50523831281 0.9144 0.00449870974915
0.507115637324 0.9144 0.00425060882592
0.508992938567 0.9144 0.00400251097687
0.510869990539 0.9144 0.00375235687068
0.512747019339 0.9144 0.0035022058656
0.514623788594 0.9144 0.00324993911171
0.516500534573 0.9144 0.00299767549185
0.518377022979 0.9144 0.00274332814868
0.520253488107 0.9144 0.00248898395948
0.522129681358 0.9144 0.00223246815509
0.52400585133 0.9144 0.00197595552463
0.525879130903 0.9144 0.00171758296944
0.527752387195 0.9144 0.00145921362808
0.528923045091 0.9144 0.00129670638539
0.53009368851 0.9144 0.00113420117778
0.530825281857 0.9144 0.00103214581813
0.531556865993 0.9144 0.000930091719065
0.532014087428 0.9144 0.000866132542754
0.532471303095 0.9144 0.000802174145957
0.532757062689 0.9144 0.000762172144748
0.53304281864 0.9144 0.000722170640588
0.533221412565 0.9144 0.000697128110642
0.533400004262 0.9144 0.000672085896088
