TITLE = "cutData curvilinear distance mapping"
AUXDATA SMAP_VERSION = "signed-common-frame-z-surface-v10"
VARIABLES = "s" "variable Index"

ZONE T="SLICE_Y_0p9144_BINS01_KS_0p2mm_CUTDATA"
-0 0

ZONE T="SLICE_Y_0p9144_BINS03_KS_0p2mm_CUTDATA"
-0 0

ZONE T="SLICE_Y_0p9144_BINS07_KS_0p2mm_CUTDATA"
-0 0

ZONE T="SLICE_Y_0p9144_BINS15_KS_0p2mm_CUTDATA"
-0.545214605644 14
-0.54512498041 13
-0.545035363245 12
-0.544945728037 11
-0.544856110192 10
-0.544766474984 9
-0.544676867796 8
-0.544587232587 7
0.544497846749 6
0.544408238881 5
0.544318603673 4
0.544228985828 3
0.544139350619 2
0.544049715411 1
0.543960108223 0
0.543870473015 518
0.543616262856 517
0.543209651836 516
0.542558998069 515
0.541517881197 514
0.539851966664 513
0.53727363939 512
0.534695524512 511
0.532117286959 510
0.52953920927 509
0.526960992252 508
0.524382699012 507
0.521804560905 506
0.519226291017 505
0.516648173187 504
0.514069910998 503
0.511491755962 502
0.508913505414 501
0.506335300229 500
0.50375700637 499
0.501178804649 498
0.498600705588 497
0.496022462704 496
0.49344429839 495
0.490866194505 494
0.488287973481 493
0.485709806861 492
0.4831314724 491
0.480553230021 490
0.477975031062 489
0.475396915843 488
0.472818633807 487
0.470240440905 486
0.467662240471 485
0.465084117195 484
0.46250582232 483
0.459927565608 482
0.457349392271 481
0.454771243417 480
0.452193175613 479
0.449614838828 478
0.44703662823 477
0.444458390921 476
0.441880230152 475
0.439302087998 474
0.436723729234 473
0.434145679702 472
0.431567409706 471
0.428989198872 470
0.426410969052 469
0.423832807856 468
0.421254702431 467
0.418676329417 466
0.41609825616 465
0.413519955463 464
0.410941955737 463
0.408363726513 462
0.405785546255 461
0.403207339575 460
0.400628943244 459
0.39805084052 458
0.395472751302 457
0.392894458932 456
0.390316168179 455
0.387738142608 454
0.385159955494 453
0.382581765236 452
0.380003334229 451
0.377425187697 450
0.374847087704 449
0.372268784733 448
0.369690517538 447
0.367112495956 446
0.364534261126 445
0.361956106954 444
0.359377693482 443
0.356799604593 442
0.354221543921 441
0.351643270054 440
0.34906502858 439
0.346486850692 438
0.343908694215 437
0.341330359606 436
0.33875230058 435
0.336174050436 434
0.333595854552 433
0.331017693029 432
0.328439365069 431
0.325861304343 430
0.323283093237 429
0.320704681027 428
0.318126571882 427
0.315548295152 426
0.312970059424 425
0.310391910841 424
0.307813845899 423
0.305235570733 422
0.30265737531 421
0.300079284645 420
0.297501013433 419
0.294922815578 418
0.292344442877 417
0.289766449084 416
0.287188264531 415
0.28460993251 414
0.282031652984 413
0.279453538756 412
0.276875472254 411
0.274297023424 410
0.271718953727 409
0.269140700817 408
0.266562594461 407
0.263984342472 406
0.261406199611 405
0.258827903627 404
0.256249772987 403
0.25367147256 402
0.251093308952 401
0.248515258689 400
0.245936882895 399
0.243358829894 398
0.240780451125 397
0.238202458622 396
0.235624082132 395
0.233045863396 394
0.230467796363 393
0.227889580115 392
0.225311287075 391
0.222733157876 390
0.220154902852 389
0.217576791855 388
0.214998633229 387
0.212420331369 386
0.209842182233 385
0.207263965216 384
0.204685627863 383
0.202107467212 382
0.199529196307 381
0.196951111489 380
0.194372902302 379
0.191794625563 378
0.189216489629 377
0.186638259322 376
0.184060184603 375
0.181482016686 374
0.17890375705 373
0.176325374843 372
0.173747407199 371
0.171169065233 370
0.168590874829 369
0.166012823852 368
0.163434397869 367
0.160856362524 366
0.158278190396 365
0.155699872154 364
0.153121687884 363
0.150543595991 362
0.147965332234 361
0.145387164656 360
0.14280881578 359
0.140230788164 358
0.137652551791 357
0.135074357527 356
0.132496173169 355
0.129918013227 354
0.127339576975 353
0.124761371193 352
0.122183373501 351
0.119600718683 350
0.117141173565 349
0.114798855009 348
0.112568123029 347
0.110443368732 346
0.108419997968 345
0.106492897818 344
0.104657742128 343
0.102909686854 342
0.10124492244 341
0.0996596110731 340
0.0981497078125 339
0.09671163006 338
0.0952724777136 337
0.0938335101408 336
0.0923944536152 335
0.0909555557097 334
0.0895163001536 333
0.0880774315205 332
0.0866384388588 331
0.085199281408 330
0.0837602153441 329
0.0823212182906 328
0.0808820387771 327
0.0794431376985 326
0.0780040158785 325
0.0765648669832 324
0.0751259640356 323
0.0736867345059 322
0.0722477021262 321
0.0708088142473 320
0.0693697923299 319
0.0679305964363 318
0.0664917231031 317
0.0650525893698 316
0.0636134400401 315
0.0621744974082 314
0.0607354253591 313
0.0592961943978 312
0.0578572711834 311
0.0564183178176 310
0.0549793097786 309
0.0535401081799 308
0.0521009496824 307
0.0506619589157 306
0.04922309977 305
0.0477839797038 304
0.04634478882 303
0.0449058125949 302
0.043466725874 301
0.0420276250064 300
0.0405885878607 299
0.0391497350048 298
0.0377104729363 297
0.0362713815559 296
0.0348323874049 295
0.033393520921 294
0.0319543615975 293
0.0305152750637 292
0.0290761711033 291
0.0276372785491 290
0.0261981634479 289
0.0247591689649 288
0.0233201137068 287
0.0218809586217 286
0.0204418539077 285
0.0190028313922 284
0.0175638451718 283
0.0161248884361 282
0.0146858428923 281
0.0132466101519 280
0.0118724336977 279
0.0105920435279 278
0.00939288843763 277
0.00829203107857 276
0.00727108171205 275
0.00630724208862 274
0.00540094537004 273
0.00454358363063 272
0.00373110618553 271
0.00295634924991 270
0.00220041005817 269
0.00145365056322 268
0.000719888579399 267
-3.14411587876e-08 266
-0.000723409324495 265
-0.00146116188694 264
-0.00221137174645 263
-0.00297071386941 262
-0.00374705108531 261
-0.00456248790138 260
-0.00542376424472 259
-0.00633870577051 258
-0.00730627327223 257
-0.0083346301879 256
-0.00944164857049 255
-0.0106525490416 254
-0.0119479705159 253
-0.0133343127228 252
-0.0147805951686 251
-0.0162267845029 250
-0.0176728697483 249
-0.0191189045977 248
-0.0205648229469 247
-0.022011129095 246
-0.023457221577 245
-0.0249033736625 244
-0.0263493556525 243
-0.0277955088803 242
-0.0292417347153 241
-0.0306877167052 240
-0.0321337930209 239
-0.0335799799138 238
-0.0350261258436 237
-0.0364721870888 236
-0.0379182362666 235
-0.0393645203607 234
-0.040810579293 233
-0.0422567819584 232
-0.0437027966225 231
-0.0451488658728 230
-0.0465949727879 229
-0.0480410337813 228
-0.0494873060138 227
-0.0509333724758 226
-0.0523794259065 225
-0.0538255182821 224
-0.0552718832508 223
-0.0567177633327 222
-0.0581638306617 221
-0.0596099832764 220
-0.0610562057433 219
-0.0625024048373 218
-0.063948352052 217
-0.0653946468323 216
-0.0668406143985 215
-0.068286774462 214
-0.0697330315873 213
-0.0711790834614 212
-0.0726252627473 211
-0.0740713865503 210
-0.0755174832171 209
-0.0769633261985 208
-0.0784095130998 207
-0.0798557742886 206
-0.0813017210077 205
-0.0827478135166 204
-0.0841940731006 203
-0.0856401038301 202
-0.0870864211622 201
-0.0885324818446 200
-0.0899785957572 199
-0.0914245716145 198
-0.0928706334161 197
-0.094316857213 196
-0.0957629836682 195
-0.0972090439159 194
-0.0986553021977 193
-0.100173730993 192
-0.101767840852 191
-0.103441924896 190
-0.105199799528 189
-0.107045461747 188
-0.108983194079 187
-0.111018088571 186
-0.113154622864 185
-0.115398144832 184
-0.117753637346 183
-0.120227147561 182
-0.122823991514 181
-0.125398340853 180
-0.127972515154 179
-0.130546800998 178
-0.133120992475 177
-0.135695414277 176
-0.138269565246 175
-0.140844000006 174
-0.14341825797 173
-0.145992370085 172
-0.148566625481 171
-0.151141043581 170
-0.153715164129 169
-0.15628952347 168
-0.158863627874 167
-0.161438011612 166
-0.164012198728 165
-0.166586444374 164
-0.16916079828 163
-0.171735040373 162
-0.174309388734 161
-0.176883664575 160
-0.179457853073 159
-0.182031980322 158
-0.184606301389 157
-0.18718061993 156
-0.189754893327 155
-0.192329185555 154
-0.19490348847 153
-0.197477550942 152
-0.20005191774 151
-0.202626320515 150
-0.205200541783 149
-0.20777482709 148
-0.210348944662 147
-0.212923400664 146
-0.215497451834 145
-0.218071864442 144
-0.220646142362 143
-0.223220294071 142
-0.225794573345 141
-0.228368744338 140
-0.230943060957 139
-0.233517282027 138
-0.236091665647 137
-0.238665950305 136
-0.241240166647 135
-0.243814303247 134
-0.24638862539 133
-0.248962876936 132
-0.251537336732 131
-0.254111478919 130
-0.256685831719 129
-0.259260128782 128
-0.261834393851 127
-0.264408623417 126
-0.266982807776 125
-0.269556973094 124
-0.272131362384 123
-0.274705730619 122
-0.277279816822 121
-0.279854147545 120
-0.282428465235 119
-0.285002771461 118
-0.287576819948 117
-0.290151113573 116
-0.292725404021 115
-0.295299694133 114
-0.29787398594 113
-0.300448282565 112
-0.303022584625 111
-0.305596645675 110
-0.308170965781 109
-0.310745299365 108
-0.313319645629 107
-0.315893747983 106
-0.318468126432 105
-0.321042274802 104
-0.323616695189 103
-0.326190876823 102
-0.328765088392 101
-0.331339327293 100
-0.333913582363 99
-0.336487875074 98
-0.339062187031 97
-0.341636535791 96
-0.344210656988 95
-0.346785072169 94
-0.349359258217 93
-0.351933481119 92
-0.354507737654 91
-0.357082039051 90
-0.359656371711 89
-0.36223048637 88
-0.364804895254 87
-0.367379093931 86
-0.369953323795 85
-0.37252760607 84
-0.37510193199 83
-0.377676036237 82
-0.380250453135 81
-0.382824660198 80
-0.385398905923 79
-0.387973193942 78
-0.390547549841 77
-0.393121690537 76
-0.395695876529 75
-0.398270366586 74
-0.400844411985 73
-0.403418755867 72
-0.405993157442 71
-0.408567341075 70
-0.411141603006 69
-0.413715917127 68
-0.416290024849 67
-0.418864445729 66
-0.421438681808 65
-0.424012973121 64
-0.426587072352 63
-0.429161478913 62
-0.431735704982 61
-0.434309980506 60
-0.436884327561 59
-0.43945849669 58
-0.442032718519 57
-0.444607014902 56
-0.447181386339 55
-0.449755563559 54
-0.452329818674 53
-0.454904152463 52
-0.45747828417 51
-0.460052518611 50
-0.46262682354 49
-0.465201189865 48
-0.467775391691 47
-0.470349688995 46
-0.472923791504 45
-0.475498251438 44
-0.47807251855 43
-0.48064664933 42
-0.483220848563 41
-0.485795137643 40
-0.488369524094 39
-0.490943756359 38
-0.493518071111 37
-0.496092247805 36
-0.498666499659 35
-0.501240875866 34
-0.503815079754 33
-0.506389400239 32
-0.508963590514 31
-0.511537870775 30
-0.514112013687 29
-0.516686273903 28
-0.519260648719 27
-0.521834884573 26
-0.524409248645 25
-0.526983475782 24
-0.52955782353 23
-0.532132054655 22
-0.53470617013 21
-0.537280421011 20
-0.539854808893 19
-0.541519370645 18
-0.542559696843 17
-0.543209972969 16
-0.543616331949 15
