TITLE = "cutData curvilinear distance mapping"
AUXDATA SMAP_VERSION = "signed-common-frame-z-surface-v10"
VARIABLES = "s" "variable Index"

ZONE T="SLICE_Y_0p9144_BINS01_KS_0p2mm_CUTDATA"
-0 0

ZONE T="SLICE_Y_0p9144_BINS03_KS_0p2mm_CUTDATA"
-0 0

ZONE T="SLICE_Y_0p9144_BINS07_KS_0p2mm_CUTDATA"
-0 0

ZONE T="SLICE_Y_0p9144_BINS15_KS_0p2mm_CUTDATA"
-0.545212202354 11
-0.545100165599 10
-0.544988146127 9
-0.544876109372 8
-0.544764071914 7
-0.544652035159 6
0.544540015687 5
0.544428237584 4
0.544316200829 3
0.544204164074 2
0.544092144602 1
0.543980107144 0
0.543868070389 371
0.543507401088 370
0.54293021537 369
0.542006915609 368
0.540529707641 367
0.538165932967 366
0.534383764617 365
0.530596567708 364
0.52680920116 363
0.523021963458 362
0.519234791536 361
0.515447443708 360
0.511660110668 359
0.507872887319 358
0.504085662447 357
0.500298439891 356
0.496511215666 355
0.49272374052 354
0.488936489261 353
0.485149236115 352
0.481362153278 351
0.477574801786 350
0.47378763311 349
0.47000012328 348
0.466213033088 347
0.462425614355 346
0.458638399263 345
0.454851038204 344
0.451063793564 343
0.447276496065 342
0.443489296959 341
0.439701984487 340
0.435914820768 339
0.432127500144 338
0.428340255775 337
0.4245529485 336
0.420765675224 335
0.41697831396 334
0.413191036121 333
0.409403873935 332
0.405616576001 331
0.401829386864 330
0.398042012482 329
0.394254738582 328
0.39046760725 327
0.386680281017 326
0.382893088331 325
0.379105735701 324
0.375318509043 323
0.371531116926 322
0.36774385306 321
0.363956653398 320
0.360169357988 319
0.356381962327 318
0.352594927424 317
0.348807485907 316
0.34502021881 315
0.34123308232 314
0.337445833328 313
0.33365848739 312
0.329871256883 311
0.326083967213 310
0.322296614211 309
0.318509399334 308
0.314722137038 307
0.3109348043 306
0.30714763001 305
0.303360215819 304
0.299572949367 303
0.295785694539 302
0.291998390424 301
0.288211284773 300
0.284423936605 299
0.280636604934 298
0.276849261541 297
0.273062188777 296
0.269274849215 295
0.265487580351 294
0.261700296516 293
0.257913094064 292
0.254125682279 291
0.250338578298 290
0.246551263054 289
0.242764074323 288
0.238976649509 287
0.235189363457 286
0.231402149182 285
0.22761477486 284
0.223827509421 283
0.220040391815 282
0.216253100373 281
0.212465676338 280
0.20867837937 279
0.2048912185 278
0.201103933556 277
0.197316774256 276
0.193529503211 275
0.189742072418 274
0.185954803397 273
0.182167642966 272
0.178380355107 271
0.174592916302 270
0.170805839957 269
0.167018598659 268
0.163231197774 267
0.159443836334 266
0.155656538112 265
0.151869501774 264
0.148082229441 263
0.144294917662 262
0.140507558064 261
0.13672033856 260
0.133049117348 259
0.129552759858 258
0.12622276343 257
0.123051405791 256
0.12003124051 255
0.117154816664 254
0.114415215179 253
0.111806275026 252
0.109321363837 251
0.106954841536 250
0.104701096903 249
0.102554763691 248
0.100510489618 247
0.0985634362223 246
0.096709264091 245
0.0947894452153 244
0.0928695009948 243
0.0909496319853 242
0.0890298412577 241
0.0871100807742 240
0.0851900523902 239
0.0832702478332 238
0.0813503657705 237
0.0794306017758 236
0.0775106944999 235
0.0755908030388 234
0.0736708923301 233
0.0717511580369 232
0.069831269692 231
0.067911429686 230
0.0659915280916 229
0.06407174504 228
0.0621519783335 227
0.060232112782 226
0.0583121006389 225
0.0563924668011 224
0.0544723413654 223
0.052552561629 222
0.0506327031173 221
0.0487127879326 220
0.0467931091164 219
0.044873114928 218
0.042953429897 217
0.041033519696 216
0.0391137314476 215
0.0371937130265 214
0.0352739291274 213
0.0333541215813 212
0.0314340842329 211
0.0295143837834 210
0.0275944924943 209
0.0256747343028 208
0.0237548330332 207
0.0218348551992 206
0.0199150842815 205
0.0179951002652 204
0.0160753106158 203
0.0141554763749 202
0.0122620426642 201
0.0105433207446 200
0.0089781659877 199
0.00757434309271 198
0.0062818016512 197
0.00508793609278 196
0.00398410511292 195
0.00294882313374 194
0.00194554414154 193
0.000960369076385 192
-3.08584856556e-08 191
-0.000965039848806 190
-0.00195487269434 189
-0.00296313136438 188
-0.00400451730211 187
-0.00511307861128 186
-0.00631301382995 185
-0.00761230025195 184
-0.00902799989651 183
-0.0106064746272 182
-0.0123376290797 181
-0.0142490390497 180
-0.0161782455603 179
-0.0181075230371 178
-0.0200367507127 177
-0.0219660040301 176
-0.0238950860232 175
-0.0258244529299 174
-0.027753825009 173
-0.0296829412137 172
-0.0316121490094 171
-0.0335414549295 170
-0.0354706862527 169
-0.0374000301164 168
-0.0393292273661 167
-0.0412585960248 166
-0.0431878699973 165
-0.0451170158419 164
-0.047046201998 163
-0.0489755600122 162
-0.0509046353822 161
-0.0528340020498 160
-0.0547633229633 159
-0.0566923654627 158
-0.0586217121569 157
-0.0605509671117 156
-0.0624802597098 155
-0.0644093676649 154
-0.0663387687381 153
-0.0682680807865 152
-0.0701972374481 151
-0.0721266351925 150
-0.0740558308809 149
-0.0759849717438 148
-0.077914145328 147
-0.0798434056812 146
-0.081772663607 145
-0.0837019362516 144
-0.0856313633413 143
-0.0875604462971 142
-0.0894897661186 141
-0.0914189195629 140
-0.0933481488097 139
-0.0952776124779 138
-0.0972067303885 137
-0.0991372023361 136
-0.101164023793 135
-0.103292266977 134
-0.105526956754 133
-0.10787334927 132
-0.110337064058 131
-0.11292405354 130
-0.115640368152 129
-0.118492312684 128
-0.121487209339 127
-0.124631523703 126
-0.127933142873 125
-0.131399827174 124
-0.13503991139 123
-0.138807351904 122
-0.142574751479 121
-0.146342021069 120
-0.150109479522 119
-0.15387697877 118
-0.157644374218 117
-0.161411734486 116
-0.165179123971 115
-0.168946373012 114
-0.172713807589 113
-0.17648124948 112
-0.180248697441 111
-0.184016004282 110
-0.187783458855 109
-0.191550847077 108
-0.195318217822 107
-0.199085620237 106
-0.202853066724 105
-0.206620356427 104
-0.210387781979 103
-0.214155104997 102
-0.217922624932 101
-0.221690099149 100
-0.225457307042 99
-0.229224772784 98
-0.23299227928 97
-0.236759575928 96
-0.240526947049 95
-0.244294416074 94
-0.24806172629 93
-0.251829165991 92
-0.255596491604 91
-0.259363974841 90
-0.263131360396 89
-0.266898669229 88
-0.270666174301 87
-0.2744336276 86
-0.278201038178 85
-0.281968415086 84
-0.285735759131 83
-0.289503097351 82
-0.293270428047 81
-0.29703800908 80
-0.300805346787 79
-0.304572699078 78
-0.308340072223 77
-0.312107460071 76
-0.315874889928 75
-0.319642358049 74
-0.323409605552 73
-0.327177163132 72
-0.33094451742 71
-0.33471191976 70
-0.338479381955 69
-0.342246658834 68
-0.346014001295 67
-0.349781413557 66
-0.3535488953 65
-0.357316210534 64
-0.361083603472 63
-0.364851073675 62
-0.368618373646 61
-0.372385772877 60
-0.376153261472 59
-0.379920584391 58
-0.383688004617 57
-0.387455532247 56
-0.391222911021 55
-0.394990134316 54
-0.398757715268 53
-0.402524915213 52
-0.406292471589 51
-0.410059876902 50
-0.413827162292 49
-0.417594582249 48
-0.421361850498 47
-0.42512926949 46
-0.428896803256 45
-0.432664214742 44
-0.436431517317 43
-0.440198963739 42
-0.443966297093 41
-0.447733781174 40
-0.451501159591 39
-0.455268445265 38
-0.45903587036 37
-0.462803230822 36
-0.466570736949 35
-0.470338175645 34
-0.474105538889 33
-0.477872820072 32
-0.481640282234 31
-0.485407691619 30
-0.489175042623 29
-0.492942595142 28
-0.496709851534 27
-0.500477316091 26
-0.504244751815 25
-0.508012159061 24
-0.51177953055 23
-0.515546911559 22
-0.519314275632 21
-0.523081648601 20
-0.526849029464 19
-0.530616412007 18
-0.534383827094 17
-0.538165813624 16
-0.540529677749 15
-0.542006885833 14
-0.542930338931 13
-0.543507288877 12
