#++++++++++++++++++++++++++++++++++++++++++++++++++++++++++++++++++++++++++++++++++++++++++++++++++++++++++++++++++++
#
#   IPW-3 Ice Shape DATA SUBMITTAL FORM for Test Case NACA0012_AE3932, May 18th 2026
#
#       NOMENCLATURE:
#             X_ICED [m]:  X-coordinate of the iced surface
#             Y_ICED [m]:  Y-coordinate of the iced surface
#             Z_ICED [m]:  Z-coordinate of the iced surface
#
#                XXmm:  Roughness height used for the case, in mm.
#                       In the zone name, use the format KS_XXmm.
#                       For example, if k_s = 1.5 mm, use KS_1p5mm. 
#                       For Variable roughness, use KS_VAR
#
#    FLOW CONDITIONS:
#                                   AOA: 4.0 deg
#                           Mach Number: 0.3151 [-]
#       Mean aerodynamic chord (M.A.C.): 0.5334 [m]
#                       Reynolds Number: 3.9795 million (based on MAC)
#                       Freestream Temp: 267.55 [K]
#                        Reference area: 0.97548 [m2]
#               Moment Reference Center: 0.13335, 0, 0 [m] (X, Y, Z)
#
#    ICING CONDITIONS:
#                           Icing Time: 420 [s]
#                                  LWC: 0.55 [g/m3]
#                                  MVD: 20 [μm]
#
#              NOTES: 1. Please use at least 5 decimal places in the numerical values
#                     2. If data are NOT provided, please fill data fields with a numerical value of "-999" 
#
#++++++++++++++++++++++++++++++++++++++++++++++++++++++++++++++++++++++++++++++++++++++++++++++++++++++++++++++++++++

#  AE3932

VARIABLES = "X_ICED" "Y_ICED" "Z_ICED"

ZONE T="SLICE_Y_0p9144_BINS01_KS_0p5mm_SINGLE_LAYER"
0.533400014 0.914399981 -0.000522730118
0.533400003 0.914399981 -0.000373378117
0.533399994 0.914399981 -0.000224026115
0.533399992 0.914399981 -7.46741123e-05
0.53339999 0.914399981 7.46778902e-05
0.533399987 0.914399981 0.000224029893
0.533399991 0.914399981 0.000373381895
0.533399998 0.914399981 0.000522733898
0.533400004 0.914399981 0.000672085901
0.531889626 0.914399981 0.000883543021
0.529472835 0.914399981 0.00122054253
0.525605437 0.914399981 0.00175591634
0.520387177 0.914399981 0.00247079365
0.515167777 0.914399981 0.00317729755
0.509947294 0.914399981 0.00387575911
0.504725739 0.914399981 0.00456616015
0.49950317 0.914399981 0.0052488417
0.494279585 0.914399981 0.00592371637
0.489055024 0.914399981 0.00659098308
0.483829516 0.914399981 0.00725080276
0.478603082 0.914399981 0.00790324113
0.473375741 0.914399981 0.00854837037
0.468147517 0.914399981 0.00918630773
0.462918428 0.914399981 0.00981711436
0.457688497 0.914399981 0.0104409023
0.452457744 0.914399981 0.0110577533
0.447226174 0.914399981 0.0116676411
0.441993811 0.914399981 0.0122706903
0.436760673 0.914399981 0.0128669729
0.431526756 0.914399981 0.0134563837
0.42629208 0.914399981 0.0140390161
0.421056659 0.914399981 0.0146149103
0.415820502 0.914399981 0.015184072
0.410583615 0.914399981 0.0157464784
0.405346006 0.914399981 0.0163021212
0.400107682 0.914399981 0.0168509892
0.39486865 0.914399981 0.0173930464
0.389628915 0.914399981 0.0179282775
0.384388468 0.914399981 0.0184564806
0.379147326 0.914399981 0.0189777427
0.373905493 0.914399981 0.0194920202
0.368662974 0.914399981 0.0199992515
0.363419747 0.914399981 0.0204991034
0.358175833 0.914399981 0.0209917049
0.35293124 0.914399981 0.0214770243
0.347685943 0.914399981 0.0219546762
0.342439956 0.914399981 0.0224246775
0.337193274 0.914399981 0.022886873
0.331945897 0.914399981 0.0233410934
0.326697819 0.914399981 0.0237871572
0.321449042 0.914399981 0.0242249091
0.316199563 0.914399981 0.0246541594
0.31094938 0.914399981 0.0250747152
0.30569849 0.914399981 0.0254863453
0.30044689 0.914399981 0.0258888253
0.295194579 0.914399981 0.0262819186
0.289941556 0.914399981 0.0266653645
0.284687817 0.914399981 0.0270388892
0.279433364 0.914399981 0.0274022156
0.274178194 0.914399981 0.0277550418
0.26892231 0.914399981 0.0280970466
0.263665712 0.914399981 0.0284279095
0.258408404 0.914399981 0.0287472792
0.253150388 0.914399981 0.0290547785
0.24789167 0.914399981 0.029350039
0.242632257 0.914399981 0.0296326447
0.237372158 0.914399981 0.0299021587
0.232111382 0.914399981 0.0301581534
0.226849945 0.914399981 0.0304001649
0.221587862 0.914399981 0.0306276975
0.216325153 0.914399981 0.0308402437
0.21106184 0.914399981 0.0310372729
0.205797949 0.914399981 0.0312182107
0.20053351 0.914399981 0.0313824637
0.195268561 0.914399981 0.0315294021
0.190003138 0.914399981 0.0316582759
0.184737291 0.914399981 0.0317684961
0.179471075 0.914399981 0.0318593786
0.174204549 0.914399981 0.0319299712
0.168937782 0.914399981 0.0319795369
0.163670856 0.914399981 0.032007329
0.158403858 0.914399981 0.0320121358
0.153136892 0.914399981 0.0319933032
0.147870075 0.914399981 0.0319494548
0.142603537 0.914399981 0.0318797055
0.137332117 0.914399981 0.0317827372
0.132312279 0.914399981 0.0316637279
0.12753214 0.914399981 0.0315253577
0.12298038 0.914399981 0.0313697051
0.118646203 0.914399981 0.0311988564
0.114519318 0.914399981 0.0310146577
0.110589903 0.914399981 0.0308190624
0.106848603 0.914399981 0.0306136835
0.103286492 0.914399981 0.0304001076
0.0998950796 0.914399981 0.0301795251
0.0966662415 0.914399981 0.0299534701
0.0935922549 0.914399981 0.0297230389
0.0906657593 0.914399981 0.0294892388
0.0878797114 0.914399981 0.0292533156
0.0850066387 0.914399981 0.0289956182
0.0821349562 0.914399981 0.0287228672
0.0792647788 0.914399981 0.0284347081
0.0763962916 0.914399981 0.0281301823
0.073529659 0.914399981 0.0278086664
0.0706650598 0.914399981 0.0274695118
0.0678027103 0.914399981 0.0271118665
0.0649428655 0.914399981 0.0267347158
0.0620857911 0.914399981 0.0263371217
0.0592317756 0.914399981 0.0259181347
0.0563811831 0.914399981 0.0254764594
0.0535344322 0.914399981 0.0250106649
0.0506919691 0.914399981 0.0245193824
0.0478543174 0.914399981 0.0240010312
0.0450221277 0.914399981 0.0234536227
0.0421961657 0.914399981 0.0228749229
0.0393772455 0.914399981 0.0222628408
0.0365665062 0.914399981 0.0216142272
0.0337652355 0.914399981 0.0209258688
0.030974981 0.914399981 0.0201941353
0.0281977916 0.914399981 0.0194142812
0.0254362765 0.914399981 0.0185806212
0.0226935633 0.914399981 0.0176870447
0.019974299 0.914399981 0.0167244661
0.0172842431 0.914399981 0.0156830468
0.014631972 0.914399981 0.0145488436
0.0120296493 0.914399981 0.0133043047
0.00949597026 0.914399981 0.0119253821
0.00655805222 0.914399982 0.0121156895
0.00381220264 0.914399982 0.0128574704
0.00100587242 0.914399982 0.0132630141
-0.00198092149 0.914399982 0.012938905
-0.00485717308 0.914399981 0.0114978396
-0.00842602092 0.914399981 0.00913117771
-0.011481101 0.914399981 0.0043047085
-0.0112125535 0.914399981 -0.00161238567
-0.00949578706 0.914399982 -0.00606346966
-0.00743597243 0.914399982 -0.00885935071
-0.00577655028 0.914399982 -0.01045648
-0.00460707432 0.914399982 -0.011701086
-0.0034445247 0.914399982 -0.0131585014
-0.00184627902 0.914399981 -0.0151922161
0.000325466458 0.914399981 -0.0179046984
0.00328647429 0.914399982 -0.0207808667
0.00689415284 0.914399982 -0.0231764281
0.0110644388 0.914399981 -0.0250419568
0.0154319546 0.914399982 -0.026061733
0.0192971621 0.914399981 -0.0249750824
0.0221225547 0.914399982 -0.0246687654
0.0247507576 0.914399982 -0.0246414024
0.0275282566 0.914399981 -0.0247146631
0.0304117686 0.914399981 -0.0248797705
0.0333266454 0.914399981 -0.0250841438
0.0362463392 0.914399982 -0.0252942816
0.0391639514 0.914399982 -0.025499967
0.0420776739 0.914399982 -0.0257007095
0.044987767 0.914399982 -0.0258953214
0.0478947391 0.914399981 -0.0260834893
0.05079889 0.914399981 -0.0262671737
0.0537008071 0.914399981 -0.0264461141
0.0566009459 0.914399981 -0.0266196218
0.0594994182 0.914399981 -0.0267891295
0.0623962335 0.914399981 -0.0269558187
0.0652914888 0.914399981 -0.0271202972
0.0681864437 0.914399981 -0.0272835389
0.0710754046 0.914399981 -0.0275192225
0.0739542439 0.914399981 -0.0278573947
0.0768351094 0.914399981 -0.0281778483
0.0797178166 0.914399981 -0.0284812889
0.0826021992 0.914399981 -0.0287683655
0.085488093 0.914399981 -0.029039831
0.0883753581 0.914399981 -0.0292963007
0.0912861707 0.914399981 -0.0295400445
0.0943437574 0.914399981 -0.0297807929
0.0975554607 0.914399981 -0.0300173411
0.100928968 0.914399981 -0.0302485783
0.104472352 0.914399981 -0.0304731454
0.10819407 0.914399981 -0.0306897938
0.112103015 0.914399981 -0.0308967499
0.116208485 0.914399981 -0.0310926243
0.120520258 0.914399981 -0.0312754484
0.125048577 0.914399981 -0.0314433098
0.129804183 0.914399981 -0.0315942464
0.134798348 0.914399981 -0.0317259661
0.140042888 0.914399981 -0.0318361112
0.145272751 0.914399981 -0.0319183666
0.15050296 0.914399981 -0.0319745412
0.155733378 0.914399981 -0.0320055905
0.160963883 0.914399981 -0.0320127255
0.166194369 0.914399981 -0.0319967639
0.171424742 0.914399981 -0.0319588676
0.176654918 0.914399981 -0.0318996742
0.181884823 0.914399981 -0.0318201549
0.187114396 0.914399981 -0.0317211302
0.192343579 0.914399981 -0.0316033046
0.19757232 0.914399981 -0.0314672587
0.202800579 0.914399981 -0.0313137956
0.208028317 0.914399981 -0.0311435451
0.213255503 0.914399981 -0.0309570807
0.218482107 0.914399981 -0.0307549813
0.223708107 0.914399981 -0.0305377972
0.22893348 0.914399981 -0.0303060301
0.234158209 0.914399981 -0.0300601815
0.23938228 0.914399981 -0.0298007221
0.244605681 0.914399981 -0.0295280944
0.249828401 0.914399981 -0.0292427309
0.255050433 0.914399981 -0.0289450446
0.260271771 0.914399981 -0.0286354149
0.26549241 0.914399981 -0.0283142147
0.270712347 0.914399981 -0.0279818008
0.27593158 0.914399981 -0.0276385094
0.281150106 0.914399981 -0.0272846507
0.286367928 0.914399981 -0.0269205391
0.291585044 0.914399981 -0.0265464598
0.296801456 0.914399981 -0.026162682
0.302017166 0.914399981 -0.0257694719
0.307232175 0.914399981 -0.0253670784
0.312446485 0.914399981 -0.0249557254
0.317660098 0.914399981 -0.0245356365
0.322873017 0.914399981 -0.0241070091
0.328085242 0.914399981 -0.0236700382
0.333296778 0.914399981 -0.0232249173
0.338507627 0.914399981 -0.0227718193
0.34371779 0.914399981 -0.0223109097
0.348927269 0.914399981 -0.0218423359
0.354136066 0.914399981 -0.0213662287
0.359344173 0.914399981 -0.0208826349
0.364551604 0.914399981 -0.0203918252
0.369758349 0.914399981 -0.0198937765
0.374964418 0.914399981 -0.0193887171
0.380169806 0.914399981 -0.0188766914
0.385374495 0.914399981 -0.0183576092
0.3905785 0.914399981 -0.017831701
0.395781816 0.914399981 -0.0172990344
0.400984437 0.914399981 -0.0167596155
0.406186358 0.914399981 -0.0162134847
0.411387572 0.914399981 -0.0156606622
0.41658807 0.914399981 -0.0151011432
0.421787847 0.914399981 -0.0145349606
0.426986892 0.914399981 -0.0139621037
0.432185198 0.914399981 -0.0133825758
0.437382758 0.914399981 -0.0127963907
0.44257956 0.914399981 -0.0122035309
0.447775593 0.914399981 -0.0116039653
0.452970829 0.914399981 -0.010997525
0.458165277 0.914399981 -0.0103843836
0.463358895 0.914399981 -0.00976424091
0.468551685 0.914399981 -0.0091372075
0.473743625 0.914399981 -0.00850317901
0.478934691 0.914399981 -0.00786202568
0.484124864 0.914399981 -0.00721368846
0.489314124 0.914399981 -0.00655808534
0.494502443 0.914399981 -0.0058950711
0.4996898 0.914399981 -0.00522457041
0.504876154 0.914399981 -0.00454636301
0.510061507 0.914399981 -0.00386053955
0.515245806 0.914399981 -0.00316679127
0.520429033 0.914399981 -0.00246508118
0.525611137 0.914399981 -0.00175512585
0.529475706 0.914399981 -0.00122013781
0.53189073 0.914399981 -0.000883384809
0.533400004 0.914399981 -0.000672082119
0.533400004 0.914399981 -0.000672082119

ZONE T="SLICE_Y_0p9144_BINS03_KS_0p5mm_SINGLE_LAYER"
0.533400014 0.914399981 -0.000522730118
0.533400003 0.914399981 -0.000373378117
0.533399994 0.914399981 -0.000224026115
0.533399992 0.914399981 -7.46741123e-05
0.53339999 0.914399981 7.46778902e-05
0.533399987 0.914399981 0.000224029893
0.533399991 0.914399981 0.000373381895
0.533399998 0.914399981 0.000522733898
0.533400004 0.914399981 0.000672085901
0.531889626 0.914399981 0.000883543021
0.529472835 0.914399981 0.00122054253
0.525605437 0.914399981 0.00175591634
0.520387177 0.914399981 0.00247079365
0.515167777 0.914399981 0.00317729755
0.509947294 0.914399981 0.00387575911
0.504725739 0.914399981 0.00456616015
0.49950317 0.914399981 0.0052488417
0.494279585 0.914399981 0.00592371637
0.489055024 0.914399981 0.00659098308
0.483829516 0.914399981 0.00725080276
0.478603082 0.914399981 0.00790324113
0.473375741 0.914399981 0.00854837037
0.468147517 0.914399981 0.00918630773
0.462918428 0.914399981 0.00981711436
0.457688497 0.914399981 0.0104409023
0.452457744 0.914399981 0.0110577533
0.447226174 0.914399981 0.0116676411
0.441993811 0.914399981 0.0122706903
0.436760673 0.914399981 0.0128669729
0.431526756 0.914399981 0.0134563837
0.42629208 0.914399981 0.0140390161
0.421056659 0.914399981 0.0146149103
0.415820502 0.914399981 0.015184072
0.410583615 0.914399981 0.0157464784
0.405346006 0.914399981 0.0163021212
0.400107682 0.914399981 0.0168509892
0.39486865 0.914399981 0.0173930464
0.389628915 0.914399981 0.0179282775
0.384388468 0.914399981 0.0184564806
0.379147326 0.914399981 0.0189777427
0.373905493 0.914399981 0.0194920202
0.368662974 0.914399981 0.0199992515
0.363419747 0.914399981 0.0204991034
0.358175833 0.914399981 0.0209917049
0.35293124 0.914399981 0.0214770243
0.347685943 0.914399981 0.0219546762
0.342439956 0.914399981 0.0224246775
0.337193274 0.914399981 0.022886873
0.331945897 0.914399981 0.0233410934
0.326697819 0.914399981 0.0237871572
0.321449042 0.914399981 0.0242249091
0.316199563 0.914399981 0.0246541594
0.31094938 0.914399981 0.0250747152
0.30569849 0.914399981 0.0254863453
0.30044689 0.914399981 0.0258888253
0.295194579 0.914399981 0.0262819186
0.289941556 0.914399981 0.0266653645
0.284687817 0.914399981 0.0270388892
0.279433364 0.914399981 0.0274022156
0.274178194 0.914399981 0.0277550418
0.26892231 0.914399981 0.0280970466
0.263665712 0.914399981 0.0284279095
0.258408404 0.914399981 0.0287472792
0.253150388 0.914399981 0.0290547785
0.24789167 0.914399981 0.029350039
0.242632257 0.914399981 0.0296326447
0.237372158 0.914399981 0.0299021587
0.232111382 0.914399981 0.0301581534
0.226849945 0.914399981 0.0304001649
0.221587862 0.914399981 0.0306276975
0.216325153 0.914399981 0.0308402437
0.21106184 0.914399981 0.0310372729
0.205797949 0.914399981 0.0312182107
0.20053351 0.914399981 0.0313824637
0.195268561 0.914399981 0.0315294021
0.190003138 0.914399981 0.0316582759
0.184737291 0.914399981 0.0317684961
0.179471075 0.914399981 0.0318593786
0.174204549 0.914399981 0.0319299712
0.168937782 0.914399981 0.0319795369
0.163670856 0.914399981 0.032007329
0.158403858 0.914399981 0.0320121358
0.153136892 0.914399981 0.0319933032
0.147870075 0.914399981 0.0319494548
0.142603537 0.914399981 0.0318797055
0.137332117 0.914399981 0.0317827372
0.132312279 0.914399981 0.0316637279
0.12753214 0.914399981 0.0315253577
0.12298038 0.914399981 0.0313697051
0.118646203 0.914399981 0.0311988564
0.114519318 0.914399981 0.0310146577
0.110589903 0.914399981 0.0308190624
0.106848603 0.914399981 0.0306136835
0.103286492 0.914399981 0.0304001076
0.0998950796 0.914399981 0.0301795251
0.0966662415 0.914399981 0.0299534701
0.0935922549 0.914399981 0.0297230389
0.0906657593 0.914399981 0.0294892388
0.0878797114 0.914399981 0.0292533156
0.0850066387 0.914399981 0.0289956182
0.0821349562 0.914399981 0.0287228672
0.0792647788 0.914399981 0.0284347081
0.0763962916 0.914399981 0.0281301823
0.073529659 0.914399981 0.0278086664
0.0706650598 0.914399981 0.0274695118
0.0678027103 0.914399981 0.0271118665
0.0649428655 0.914399981 0.0267347158
0.0620857911 0.914399981 0.0263371217
0.0592317756 0.914399981 0.0259181347
0.0563811831 0.914399981 0.0254764594
0.0535344322 0.914399981 0.0250106649
0.0506919691 0.914399981 0.0245193824
0.0478543174 0.914399981 0.0240010312
0.0450221277 0.914399981 0.0234536227
0.0421961657 0.914399981 0.0228749229
0.0393772455 0.914399981 0.0222628408
0.0365665062 0.914399981 0.0216142272
0.0337652355 0.914399981 0.0209258688
0.030974981 0.914399981 0.0201941353
0.0281977916 0.914399981 0.0194142812
0.0253947359 0.914399981 0.0187253605
0.0225906414 0.914399981 0.0180271594
0.0197924737 0.914399982 0.0172835897
0.0169991241 0.914399982 0.0164900626
0.0142134667 0.914399982 0.0156383323
0.0114497086 0.914399982 0.0147280674
0.00873863535 0.914399982 0.0137980134
0.00601171905 0.914399981 0.0131388198
0.003267636 0.914399981 0.0131770796
0.000515984901 0.914399981 0.0131388057
-0.00230199555 0.914399982 0.0125427014
-0.00493993707 0.914399982 0.011113163
-0.00756856331 0.914399981 0.00876043517
-0.0112203786 0.914399981 0.00479600079
-0.0111095058 0.914399982 -0.00121101267
-0.00941776114 0.914399982 -0.00583745983
-0.00738387785 0.914399982 -0.0087156344
-0.00571746785 0.914399982 -0.0103438078
-0.00453471513 0.914399982 -0.0116100578
-0.00336614216 0.914399982 -0.0130926284
-0.0017520785 0.914399982 -0.015144538
0.000480004192 0.914399982 -0.0178560314
0.00360758593 0.914399981 -0.0207242872
0.00752151913 0.914399981 -0.0231497981
0.0119189107 0.914399982 -0.0247567243
0.0160635086 0.914399981 -0.0244196681
0.0191856248 0.914399981 -0.0239109495
0.0218365412 0.914399982 -0.0239783905
0.0245761346 0.914399982 -0.0241401682
0.0274431683 0.914399982 -0.0243928616
0.0303558195 0.914399982 -0.0246907711
0.0332758219 0.914399981 -0.0249951679
0.0361941089 0.914399981 -0.0252916389
0.0391087108 0.914399981 -0.0255772059
0.0420193911 0.914399982 -0.0258530629
0.044926812 0.914399981 -0.0261188664
0.0478315014 0.914399981 -0.0263747959
0.0507335425 0.914399982 -0.0266229759
0.0536325975 0.914399982 -0.0268636016
0.0565274027 0.914399981 -0.027097256
0.0594176689 0.914399982 -0.0273318434
0.0622988019 0.914399982 -0.0276384495
0.0651802234 0.914399982 -0.0279713174
0.0680666792 0.914399982 -0.0282895098
0.0709560498 0.914399981 -0.0285909554
0.0725064812 0.914399981 -0.0287439348
0.0738468402 0.914399981 -0.0288761867
0.0767386177 0.914399981 -0.0291456925
0.0796312506 0.914399981 -0.0294000113
0.0797305708 0.914399981 -0.029408258
0.0825246114 0.914399981 -0.0296402517
0.0854186208 0.914399981 -0.0298676119
0.088313363 0.914399981 -0.0300812101
0.0912311492 0.914399981 -0.0302820179
0.0942953233 0.914399982 -0.0304793389
0.0975132406 0.914399981 -0.0306719939
0.100892596 0.914399982 -0.0308589522
0.104441476 0.914399981 -0.031038469
0.108168332 0.914399981 -0.031208803
0.112082002 0.914399981 -0.031368579
0.116191759 0.914399981 -0.0315165865
0.120507375 0.914399982 -0.0316505644
0.125039063 0.914399981 -0.0317688673
0.12979754 0.914399982 -0.0318698699
0.134794065 0.914399982 -0.0319514807
0.140040443 0.914399981 -0.0320120099
0.145271592 0.914399982 -0.0320467265
0.150502584 0.914399982 -0.0320581627
0.155733356 0.914399982 -0.0320472545
0.160963891 0.914399981 -0.0320156699
0.166194369 0.914399981 -0.0319967639
0.171424742 0.914399981 -0.0319588676
0.176654918 0.914399981 -0.0318996742
0.181884823 0.914399981 -0.0318201549
0.187114396 0.914399981 -0.0317211302
0.192343579 0.914399981 -0.0316033046
0.19757232 0.914399981 -0.0314672587
0.202800579 0.914399981 -0.0313137956
0.208028317 0.914399981 -0.0311435451
0.213255503 0.914399981 -0.0309570807
0.218482107 0.914399981 -0.0307549813
0.223708107 0.914399981 -0.0305377972
0.22893348 0.914399981 -0.0303060301
0.234158209 0.914399981 -0.0300601815
0.23938228 0.914399981 -0.0298007221
0.244605681 0.914399981 -0.0295280944
0.249828401 0.914399981 -0.0292427309
0.255050433 0.914399981 -0.0289450446
0.260271771 0.914399981 -0.0286354149
0.26549241 0.914399981 -0.0283142147
0.270712347 0.914399981 -0.0279818008
0.27593158 0.914399981 -0.0276385094
0.281150106 0.914399981 -0.0272846507
0.286367928 0.914399981 -0.0269205391
0.291585044 0.914399981 -0.0265464598
0.296801456 0.914399981 -0.026162682
0.302017166 0.914399981 -0.0257694719
0.307232175 0.914399981 -0.0253670784
0.312446485 0.914399981 -0.0249557254
0.317660098 0.914399981 -0.0245356365
0.322873017 0.914399981 -0.0241070091
0.328085242 0.914399981 -0.0236700382
0.333296778 0.914399981 -0.0232249173
0.338507627 0.914399981 -0.0227718193
0.34371779 0.914399981 -0.0223109097
0.348927269 0.914399981 -0.0218423359
0.354136066 0.914399981 -0.0213662287
0.359344173 0.914399981 -0.0208826349
0.364551604 0.914399981 -0.0203918252
0.369758349 0.914399981 -0.0198937765
0.374964418 0.914399981 -0.0193887171
0.380169806 0.914399981 -0.0188766914
0.385374495 0.914399981 -0.0183576092
0.3905785 0.914399981 -0.017831701
0.395781816 0.914399981 -0.0172990344
0.400984437 0.914399981 -0.0167596155
0.406186358 0.914399981 -0.0162134847
0.411387572 0.914399981 -0.0156606622
0.41658807 0.914399981 -0.0151011432
0.421787847 0.914399981 -0.0145349606
0.426986892 0.914399981 -0.0139621037
0.432185198 0.914399981 -0.0133825758
0.437382758 0.914399981 -0.0127963907
0.44257956 0.914399981 -0.0122035309
0.447775593 0.914399981 -0.0116039653
0.452970829 0.914399981 -0.010997525
0.458165277 0.914399981 -0.0103843836
0.463358895 0.914399981 -0.00976424091
0.468551685 0.914399981 -0.0091372075
0.473743625 0.914399981 -0.00850317901
0.478934691 0.914399981 -0.00786202568
0.484124864 0.914399981 -0.00721368846
0.489314124 0.914399981 -0.00655808534
0.494502443 0.914399981 -0.0058950711
0.4996898 0.914399981 -0.00522457041
0.504876154 0.914399981 -0.00454636301
0.510061507 0.914399981 -0.00386053955
0.515245806 0.914399981 -0.00316679127
0.520429033 0.914399981 -0.00246508118
0.525611137 0.914399981 -0.00175512585
0.529475706 0.914399981 -0.00122013781
0.53189073 0.914399981 -0.000883384809
0.533400004 0.914399981 -0.000672082119
0.533400004 0.914399981 -0.000672082119

ZONE T="SLICE_Y_0p9144_BINS07_KS_0p5mm_SINGLE_LAYER"
0.533400014 0.914399981 -0.000522730118
0.533400003 0.914399981 -0.000373378117
0.533399994 0.914399981 -0.000224026115
0.533399992 0.914399981 -7.46741123e-05
0.53339999 0.914399981 7.46778902e-05
0.533399987 0.914399981 0.000224029893
0.533399991 0.914399981 0.000373381895
0.533399998 0.914399981 0.000522733898
0.533400004 0.914399981 0.000672085901
0.531889626 0.914399981 0.000883543021
0.529472835 0.914399981 0.00122054253
0.525605437 0.914399981 0.00175591634
0.520387177 0.914399981 0.00247079365
0.515167777 0.914399981 0.00317729755
0.509947294 0.914399981 0.00387575911
0.504725739 0.914399981 0.00456616015
0.49950317 0.914399981 0.0052488417
0.494279585 0.914399981 0.00592371637
0.489055024 0.914399981 0.00659098308
0.483829516 0.914399981 0.00725080276
0.478603082 0.914399981 0.00790324113
0.473375741 0.914399981 0.00854837037
0.468147517 0.914399981 0.00918630773
0.462918428 0.914399981 0.00981711436
0.457688497 0.914399981 0.0104409023
0.452457744 0.914399981 0.0110577533
0.447226174 0.914399981 0.0116676411
0.441993811 0.914399981 0.0122706903
0.436760673 0.914399981 0.0128669729
0.431526756 0.914399981 0.0134563837
0.42629208 0.914399981 0.0140390161
0.421056659 0.914399981 0.0146149103
0.415820502 0.914399981 0.015184072
0.410583615 0.914399981 0.0157464784
0.405346006 0.914399981 0.0163021212
0.400107682 0.914399981 0.0168509892
0.39486865 0.914399981 0.0173930464
0.389628915 0.914399981 0.0179282775
0.384388468 0.914399981 0.0184564806
0.379147326 0.914399981 0.0189777427
0.373905493 0.914399981 0.0194920202
0.368662974 0.914399981 0.0199992515
0.363419747 0.914399981 0.0204991034
0.358175833 0.914399981 0.0209917049
0.35293124 0.914399981 0.0214770243
0.347685943 0.914399981 0.0219546762
0.342439956 0.914399981 0.0224246775
0.337193274 0.914399981 0.022886873
0.331945897 0.914399981 0.0233410934
0.326697819 0.914399981 0.0237871572
0.321449042 0.914399981 0.0242249091
0.316199563 0.914399981 0.0246541594
0.31094938 0.914399981 0.0250747152
0.30569849 0.914399981 0.0254863453
0.30044689 0.914399981 0.0258888253
0.295194579 0.914399981 0.0262819186
0.289941556 0.914399981 0.0266653645
0.284687817 0.914399981 0.0270388892
0.279433364 0.914399981 0.0274022156
0.274178194 0.914399981 0.0277550418
0.26892231 0.914399981 0.0280970466
0.263665712 0.914399981 0.0284279095
0.258408404 0.914399981 0.0287472792
0.253150388 0.914399981 0.0290547785
0.24789167 0.914399981 0.029350039
0.242632257 0.914399981 0.0296326447
0.237372158 0.914399981 0.0299021587
0.232111382 0.914399981 0.0301581534
0.226849945 0.914399981 0.0304001649
0.221587862 0.914399981 0.0306276975
0.216325153 0.914399981 0.0308402437
0.21106184 0.914399981 0.0310372729
0.205797949 0.914399981 0.0312182107
0.20053351 0.914399981 0.0313824637
0.195268561 0.914399981 0.0315294021
0.190003138 0.914399981 0.0316582759
0.184737291 0.914399981 0.0317684961
0.179471075 0.914399981 0.0318593786
0.174204549 0.914399981 0.0319299712
0.168937782 0.914399981 0.0319795369
0.163670856 0.914399981 0.032007329
0.158403858 0.914399981 0.0320121358
0.153136892 0.914399981 0.0319933032
0.147870075 0.914399981 0.0319494548
0.142603537 0.914399981 0.0318797055
0.137332117 0.914399981 0.0317827372
0.132312279 0.914399981 0.0316637279
0.12753214 0.914399981 0.0315253577
0.12298038 0.914399981 0.0313697051
0.118646203 0.914399981 0.0311988564
0.114519318 0.914399981 0.0310146577
0.110589903 0.914399981 0.0308190624
0.106848603 0.914399981 0.0306136835
0.103286492 0.914399981 0.0304001076
0.0998950796 0.914399981 0.0301795251
0.0966662415 0.914399981 0.0299534701
0.0935922549 0.914399981 0.0297230389
0.0906657593 0.914399981 0.0294892388
0.0878797114 0.914399981 0.0292533156
0.0850066387 0.914399981 0.0289956182
0.0821349562 0.914399981 0.0287228672
0.0792647788 0.914399981 0.0284347081
0.0763962916 0.914399981 0.0281301823
0.073529659 0.914399981 0.0278086664
0.0706650598 0.914399981 0.0274695118
0.0678027103 0.914399981 0.0271118665
0.0649427804 0.914399981 0.0267353437
0.0620854238 0.914399981 0.0263396921
0.0592310772 0.914399981 0.025922766
0.0563800991 0.914399981 0.0254832687
0.053532905 0.914399981 0.0250197476
0.0506899352 0.914399981 0.0245308293
0.0478517032 0.914399981 0.0240149547
0.0450188518 0.914399981 0.0234701652
0.042192136 0.914399981 0.0228942652
0.0393666248 0.914399982 0.0223112457
0.0365467585 0.914399982 0.0216992413
0.0337344993 0.914399982 0.021050221
0.030931013 0.914399981 0.0203609744
0.0281381627 0.914399981 0.0196272645
0.025358295 0.914399982 0.018845137
0.0225744233 0.914399982 0.0180723967
0.0197771745 0.914399982 0.017328097
0.0169883657 0.914399981 0.0165372033
0.0142137467 0.914399982 0.015699536
0.0114147382 0.914399981 0.0149380396
0.00856665309 0.914399981 0.014313696
0.00569665122 0.914399981 0.0137327248
0.0029265036 0.914399981 0.0133985338
0.000270283681 0.914399981 0.0129957637
-0.00168378464 0.914399981 0.0124536414
-0.00236540561 0.914399981 0.0122645376
-0.00492882021 0.914399981 0.0109518482
-0.00718357908 0.914399981 0.0085896103
-0.0111046163 0.914399981 0.00498003314
-0.0110690099 0.914399981 -0.00105008506
-0.00938619228 0.914399981 -0.00574881044
-0.00817042154 0.914399981 -0.00749697027
-0.00736172805 0.914399981 -0.00865979268
-0.00569310027 0.914399981 -0.0102998395
-0.00450562097 0.914399982 -0.0115740463
-0.00333508357 0.914399981 -0.013065962
-0.00171517474 0.914399982 -0.0151244871
0.000540941154 0.914399982 -0.0178356466
0.0010129524 0.914399981 -0.0182593926
0.00373767858 0.914399981 -0.0207055033
0.00777881706 0.914399981 -0.0231461136
0.0122325782 0.914399981 -0.0245955317
0.0162731822 0.914399981 -0.0236199108
0.019143749 0.914399981 -0.0235088658
0.0218033374 0.914399981 -0.0235929817
0.0245815375 0.914399981 -0.0237796794
0.0273912944 0.914399981 -0.0241057245
0.0274377513 0.914399982 -0.0241111154
0.0303284104 0.914399982 -0.0245016053
0.0332355846 0.914399981 -0.024894487
0.0361469649 0.914399981 -0.0252739049
0.0390569224 0.914399982 -0.0256361631
0.0419641124 0.914399982 -0.0259823025
0.0448688864 0.914399981 -0.0263126578
0.0477715753 0.914399981 -0.0266278056
0.0506718035 0.914399981 -0.0269298012
0.053568969 0.914399982 -0.0272193421
0.0564631591 0.914399981 -0.0275011521
0.0593530541 0.914399982 -0.0278082257
0.0622453588 0.914399982 -0.0281063886
0.0629838539 0.914399981 -0.028178635
0.0651400032 0.914399981 -0.0283895692
0.0680356305 0.914399981 -0.0286574111
0.0709315832 0.914399981 -0.0289109709
0.0738277776 0.914399981 -0.029150846
0.0767242383 0.914399981 -0.0293772511
0.0785752385 0.914399981 -0.0295135085
0.0796209412 0.914399981 -0.0295904857
0.0825178108 0.914399981 -0.0297917222
0.0854148218 0.914399982 -0.0299820336
0.0883119799 0.914399982 -0.0301604116
0.0912314029 0.914399981 -0.0303275791
0.0942964518 0.914399982 -0.0304933355
0.0975135024 0.914399982 -0.0306813975
0.100892358 0.914399981 -0.0308673645
0.10444117 0.914399982 -0.0310459219
0.108168094 0.914399981 -0.0312152155
0.112081853 0.914399982 -0.0313736753
0.116191694 0.914399981 -0.031520076
0.120507372 0.914399982 -0.0316523835
0.12503909 0.914399982 -0.0317693326
0.129797566 0.914399982 -0.031869203
0.134794037 0.914399981 -0.031950323
0.140040307 0.914399981 -0.0320111031
0.145271261 0.914399981 -0.0320567553
0.150502113 0.914399981 -0.0320995708
0.155733099 0.914399982 -0.0321178137
0.160964073 0.914399982 -0.0321125334
0.166194911 0.914399982 -0.0320845419
0.171425524 0.914399982 -0.0320349608
0.176655838 0.914399981 -0.0319644129
0.181885792 0.914399981 -0.0318739499
0.187115332 0.914399981 -0.0317643747
0.19234441 0.914399981 -0.031636364
0.197572984 0.914399981 -0.031490581
0.202801023 0.914399981 -0.0313278617
0.208028559 0.914399981 -0.0311505522
0.213255736 0.914399981 -0.0309633233
0.218482328 0.914399981 -0.0307604809
0.223708312 0.914399981 -0.0305425725
0.228933666 0.914399981 -0.0303101
0.234158373 0.914399981 -0.0300635651
0.239382419 0.914399981 -0.0298034378
0.244605791 0.914399981 -0.029530161
0.249828481 0.914399981 -0.0292441677
0.255050481 0.914399981 -0.0289458718
0.260271786 0.914399981 -0.0286356537
0.26549241 0.914399981 -0.0283142147
0.270712347 0.914399981 -0.0279818008
0.27593158 0.914399981 -0.0276385094
0.281150106 0.914399981 -0.0272846507
0.286367928 0.914399981 -0.0269205391
0.291585044 0.914399981 -0.0265464598
0.296801456 0.914399981 -0.026162682
0.302017166 0.914399981 -0.0257694719
0.307232175 0.914399981 -0.0253670784
0.312446485 0.914399981 -0.0249557254
0.317660098 0.914399981 -0.0245356365
0.322873017 0.914399981 -0.0241070091
0.328085242 0.914399981 -0.0236700382
0.333296778 0.914399981 -0.0232249173
0.338507627 0.914399981 -0.0227718193
0.34371779 0.914399981 -0.0223109097
0.348927269 0.914399981 -0.0218423359
0.354136066 0.914399981 -0.0213662287
0.359344173 0.914399981 -0.0208826349
0.364551604 0.914399981 -0.0203918252
0.369758349 0.914399981 -0.0198937765
0.374964418 0.914399981 -0.0193887171
0.380169806 0.914399981 -0.0188766914
0.385374495 0.914399981 -0.0183576092
0.3905785 0.914399981 -0.017831701
0.395781816 0.914399981 -0.0172990344
0.400984437 0.914399981 -0.0167596155
0.406186358 0.914399981 -0.0162134847
0.411387572 0.914399981 -0.0156606622
0.41658807 0.914399981 -0.0151011432
0.421787847 0.914399981 -0.0145349606
0.426986892 0.914399981 -0.0139621037
0.432185198 0.914399981 -0.0133825758
0.437382758 0.914399981 -0.0127963907
0.44257956 0.914399981 -0.0122035309
0.447775593 0.914399981 -0.0116039653
0.452970829 0.914399981 -0.010997525
0.458165277 0.914399981 -0.0103843836
0.463358895 0.914399981 -0.00976424091
0.468551685 0.914399981 -0.0091372075
0.473743625 0.914399981 -0.00850317901
0.478934691 0.914399981 -0.00786202568
0.484124864 0.914399981 -0.00721368846
0.489314124 0.914399981 -0.00655808534
0.494502443 0.914399981 -0.0058950711
0.4996898 0.914399981 -0.00522457041
0.504876154 0.914399981 -0.00454636301
0.510061507 0.914399981 -0.00386053955
0.515245806 0.914399981 -0.00316679127
0.520429033 0.914399981 -0.00246508118
0.525611137 0.914399981 -0.00175512585
0.529475706 0.914399981 -0.00122013781
0.53189073 0.914399981 -0.000883384809
0.533400004 0.914399981 -0.000672082119
0.533400004 0.914399981 -0.000672082119

ZONE T="SLICE_Y_0p9144_BINS15_KS_0p5mm_SINGLE_LAYER"
0.533400014 0.914399981 -0.000522730118
0.533400003 0.914399981 -0.000373378117
0.533399994 0.914399981 -0.000224026115
0.533399992 0.914399981 -7.46741123e-05
0.53339999 0.914399981 7.46778902e-05
0.533399987 0.914399981 0.000224029893
0.533399991 0.914399981 0.000373381895
0.533399998 0.914399981 0.000522733898
0.533400004 0.914399981 0.000672085901
0.531889626 0.914399981 0.000883543021
0.529472835 0.914399981 0.00122054253
0.525605437 0.914399981 0.00175591634
0.520387177 0.914399981 0.00247079365
0.515167777 0.914399981 0.00317729755
0.509947294 0.914399981 0.00387575911
0.504725739 0.914399981 0.00456616015
0.49950317 0.914399981 0.0052488417
0.494279585 0.914399981 0.00592371637
0.489055024 0.914399981 0.00659098308
0.483829516 0.914399981 0.00725080276
0.478603082 0.914399981 0.00790324113
0.473375741 0.914399981 0.00854837037
0.468147517 0.914399981 0.00918630773
0.462918428 0.914399981 0.00981711436
0.457688497 0.914399981 0.0104409023
0.452457744 0.914399981 0.0110577533
0.447226174 0.914399981 0.0116676411
0.441993811 0.914399981 0.0122706903
0.436760673 0.914399981 0.0128669729
0.431526756 0.914399981 0.0134563837
0.42629208 0.914399981 0.0140390161
0.421056659 0.914399981 0.0146149103
0.415820502 0.914399981 0.015184072
0.410583615 0.914399981 0.0157464784
0.405346006 0.914399981 0.0163021212
0.400107682 0.914399981 0.0168509892
0.39486865 0.914399981 0.0173930464
0.389628915 0.914399981 0.0179282775
0.384388468 0.914399981 0.0184564806
0.379147326 0.914399981 0.0189777427
0.373905493 0.914399981 0.0194920202
0.368662974 0.914399981 0.0199992515
0.363419747 0.914399981 0.0204991034
0.358175833 0.914399981 0.0209917049
0.35293124 0.914399981 0.0214770243
0.347685943 0.914399981 0.0219546762
0.342439956 0.914399981 0.0224246775
0.337193274 0.914399981 0.022886873
0.331945897 0.914399981 0.0233410934
0.326697819 0.914399981 0.0237871572
0.321449042 0.914399981 0.0242249091
0.316199563 0.914399981 0.0246541594
0.31094938 0.914399981 0.0250747152
0.30569849 0.914399981 0.0254863453
0.30044689 0.914399981 0.0258888253
0.295194579 0.914399981 0.0262819186
0.289941556 0.914399981 0.0266653645
0.284687817 0.914399981 0.0270388892
0.279433364 0.914399981 0.0274022156
0.274178194 0.914399981 0.0277550418
0.26892231 0.914399981 0.0280970466
0.263665712 0.914399981 0.0284279095
0.258408404 0.914399981 0.0287472792
0.253150388 0.914399981 0.0290547785
0.24789167 0.914399981 0.029350039
0.242632257 0.914399981 0.0296326447
0.237372158 0.914399981 0.0299021587
0.232111382 0.914399981 0.0301581534
0.226849945 0.914399981 0.0304001649
0.221587862 0.914399981 0.0306276975
0.216325153 0.914399981 0.0308402437
0.21106184 0.914399981 0.0310372729
0.205797949 0.914399981 0.0312182107
0.20053351 0.914399981 0.0313824637
0.195268561 0.914399981 0.0315294021
0.190003138 0.914399981 0.0316582759
0.184737291 0.914399981 0.0317684961
0.179471075 0.914399981 0.0318593786
0.174204549 0.914399981 0.0319299712
0.168937782 0.914399981 0.0319795369
0.163670856 0.914399981 0.032007329
0.158403858 0.914399981 0.0320121358
0.153136892 0.914399981 0.0319933032
0.147870075 0.914399981 0.0319494548
0.142603537 0.914399981 0.0318797055
0.137332117 0.914399981 0.0317827372
0.132312279 0.914399981 0.0316637279
0.12753214 0.914399981 0.0315253577
0.12298038 0.914399981 0.0313697051
0.118646203 0.914399981 0.0311988564
0.114519318 0.914399981 0.0310146577
0.110589903 0.914399981 0.0308190624
0.106848603 0.914399981 0.0306136835
0.103286492 0.914399981 0.0304001076
0.0998950796 0.914399981 0.0301795251
0.0966662415 0.914399981 0.0299534701
0.0935922549 0.914399981 0.0297230389
0.0906657593 0.914399981 0.0294892388
0.0878797114 0.914399981 0.0292533156
0.0850066387 0.914399981 0.0289956182
0.0821349562 0.914399981 0.0287228672
0.0792647788 0.914399981 0.0284347081
0.0763962916 0.914399981 0.0281301823
0.073529659 0.914399981 0.0278086664
0.0706650598 0.914399981 0.0274695118
0.0678027103 0.914399981 0.0271118665
0.0649427777 0.914399981 0.0267353631
0.0620854084 0.914399981 0.0263397999
0.059231048 0.914399981 0.0259229612
0.056380055 0.914399981 0.0254835524
0.0535328453 0.914399981 0.025020128
0.0506893148 0.914399981 0.0245343932
0.0478496453 0.914399981 0.0240260572
0.0450150697 0.914399981 0.0234893765
0.0421863269 0.914399981 0.0229220584
0.03936417 0.914399981 0.0223221426
0.0365460047 0.914399981 0.0217022052
0.03373399 0.914399981 0.0210525
0.0309308414 0.914399981 0.0203629617
0.028132933 0.914399981 0.0196484639
0.0253414451 0.914399981 0.0189038916
0.0225550264 0.914399981 0.0181330514
0.0197712821 0.914399981 0.0173424854
0.0169877366 0.914399981 0.0165393314
0.0141997721 0.914399981 0.015740412
0.0113974485 0.914399982 0.0149817015
0.00856433649 0.914399981 0.0143142793
0.00567225264 0.914399982 0.0137731924
0.00291623142 0.914399981 0.0133968112
0.000258406202 0.914399982 0.0129830829
-0.00161476269 0.914399981 0.0124652898
-0.00239060256 0.914399981 0.0122508272
-0.00494246049 0.914399981 0.0109209801
-0.00714534829 0.914399981 0.00855540762
-0.0110954047 0.914399981 0.00499930758
-0.0110764737 0.914399981 0.00124403555
-0.0110650084 0.914399982 -0.00103028347
-0.00938182775 0.914399981 -0.00573791188
-0.00735852799 0.914399982 -0.00865277606
-0.00568968389 0.914399981 -0.0102941804
-0.00450151031 0.914399982 -0.0115693221
-0.00333060026 0.914399982 -0.0130624363
-0.00170970393 0.914399981 -0.0151217944
0.000550118796 0.914399982 -0.0178327467
0.00375730549 0.914399982 -0.0207028697
0.00739667613 0.914399981 -0.0228931703
0.00781706016 0.914399981 -0.0231461721
0.0122733702 0.914399981 -0.0245710245
0.0162885451 0.914399981 -0.0234964868
0.0191105334 0.914399981 -0.0234596745
0.0203705356 0.914399981 -0.0235123716
0.0217667252 0.914399981 -0.0235707644
0.0245555644 0.914399981 -0.0238085119
0.0274338807 0.914399982 -0.0241454538
0.0303418615 0.914399982 -0.024511324
0.0332541476 0.914399981 -0.0248753985
0.0361622723 0.914399982 -0.0252303582
0.039064411 0.914399982 -0.025586519
0.0419635286 0.914399981 -0.0259474579
0.0448641017 0.914399982 -0.0262949617
0.0477650872 0.914399981 -0.0266263621
0.0506648728 0.914399982 -0.026942944
0.0535627812 0.914399981 -0.027245192
0.0564588673 0.914399982 -0.0275357075
0.0593525045 0.914399982 -0.0278322997
0.0622472525 0.914399981 -0.0281178625
0.0651431331 0.914399981 -0.0283890533
0.0680393052 0.914399982 -0.0286458301
0.0709351612 0.914399981 -0.0288894483
0.0738305791 0.914399982 -0.0291226349
0.0767252123 0.914399982 -0.029356407
0.0796207789 0.914399982 -0.0295776403
0.0825170346 0.914399982 -0.0297861982
0.0854135819 0.914399981 -0.0299827959
0.0883102726 0.914399981 -0.0301672781
0.0912292899 0.914399981 -0.0303441219
0.0942940669 0.914399982 -0.0305263056
0.097512699 0.914399981 -0.0307041391
0.100892722 0.914399981 -0.030876305
0.104442047 0.914399981 -0.0310418887
0.108168863 0.914399982 -0.0312061992
0.112082413 0.914399981 -0.0313629864
0.116192063 0.914399981 -0.031508724
0.12050746 0.914399982 -0.0316438764
0.125038803 0.914399981 -0.0317696931
0.129797051 0.914399982 -0.0318786947
0.134793398 0.914399981 -0.0319710974
0.140039669 0.914399981 -0.0320463984
0.145270862 0.914399982 -0.0320966032
0.150502037 0.914399982 -0.0321268057
0.155733164 0.914399982 -0.0321338842
0.160964162 0.914399982 -0.0321212812
0.166194964 0.914399981 -0.0320865131
0.171425517 0.914399981 -0.0320327373
0.176655817 0.914399981 -0.0319627918
0.181885772 0.914399981 -0.0318729834
0.187115322 0.914399981 -0.0317640772
0.192344415 0.914399981 -0.0316367318
0.197573007 0.914399981 -0.0314916175
0.20280122 0.914399981 -0.0313342751
0.208028912 0.914399981 -0.0311608341
0.213256034 0.914399981 -0.0309712811
0.21848256 0.914399981 -0.0307661956
0.223708466 0.914399981 -0.0305461286
0.228933734 0.914399981 -0.0303115804
0.234158364 0.914399981 -0.0300633858
0.239382408 0.914399981 -0.0298032304
0.244605779 0.914399981 -0.0295299272
0.249828467 0.914399981 -0.0292439096
0.255050465 0.914399981 -0.0289455897
0.260271771 0.914399981 -0.0286354149
0.26549241 0.914399981 -0.0283142147
0.270712347 0.914399981 -0.0279818008
0.27593158 0.914399981 -0.0276385094
0.281150106 0.914399981 -0.0272846507
0.286367928 0.914399981 -0.0269205391
0.291585044 0.914399981 -0.0265464598
0.296801456 0.914399981 -0.026162682
0.302017166 0.914399981 -0.0257694719
0.307232175 0.914399981 -0.0253670784
0.312446485 0.914399981 -0.0249557254
0.317660098 0.914399981 -0.0245356365
0.322873017 0.914399981 -0.0241070091
0.328085242 0.914399981 -0.0236700382
0.333296778 0.914399981 -0.0232249173
0.338507627 0.914399981 -0.0227718193
0.34371779 0.914399981 -0.0223109097
0.348927269 0.914399981 -0.0218423359
0.354136066 0.914399981 -0.0213662287
0.359344173 0.914399981 -0.0208826349
0.364551604 0.914399981 -0.0203918252
0.369758349 0.914399981 -0.0198937765
0.374964418 0.914399981 -0.0193887171
0.380169806 0.914399981 -0.0188766914
0.385374495 0.914399981 -0.0183576092
0.3905785 0.914399981 -0.017831701
0.395781816 0.914399981 -0.0172990344
0.400984437 0.914399981 -0.0167596155
0.406186358 0.914399981 -0.0162134847
0.411387572 0.914399981 -0.0156606622
0.41658807 0.914399981 -0.0151011432
0.421787847 0.914399981 -0.0145349606
0.426986892 0.914399981 -0.0139621037
0.432185198 0.914399981 -0.0133825758
0.437382758 0.914399981 -0.0127963907
0.44257956 0.914399981 -0.0122035309
0.447775593 0.914399981 -0.0116039653
0.452970829 0.914399981 -0.010997525
0.458165277 0.914399981 -0.0103843836
0.463358895 0.914399981 -0.00976424091
0.468551685 0.914399981 -0.0091372075
0.473743625 0.914399981 -0.00850317901
0.478934691 0.914399981 -0.00786202568
0.484124864 0.914399981 -0.00721368846
0.489314124 0.914399981 -0.00655808534
0.494502443 0.914399981 -0.0058950711
0.4996898 0.914399981 -0.00522457041
0.504876154 0.914399981 -0.00454636301
0.510061507 0.914399981 -0.00386053955
0.515245806 0.914399981 -0.00316679127
0.520429033 0.914399981 -0.00246508118
0.525611137 0.914399981 -0.00175512585
0.529475706 0.914399981 -0.00122013781
0.53189073 0.914399981 -0.000883384809
0.533400004 0.914399981 -0.000672082119
0.533400004 0.914399981 -0.000672082119

ZONE T="SLICE_Y_0p9144_BINS01_KS_0p5mm_CUTDATA_VAR_DENSITY"
0.533400014 0.914399981 -0.000522730118
0.533400003 0.914399981 -0.000373378117
0.533399994 0.914399981 -0.000224026115
0.533399992 0.914399981 -7.46741123e-05
0.53339999 0.914399981 7.46778902e-05
0.533399987 0.914399981 0.000224029893
0.533399991 0.914399981 0.000373381895
0.533399998 0.914399981 0.000522733898
0.533399998 0.914399981 0.000522733898
0.533400004 0.914399981 0.000672085901
0.531889626 0.914399981 0.000883543021
0.529472835 0.914399981 0.00122054253
0.525605437 0.914399981 0.00175591634
0.520387177 0.914399981 0.00247079365
0.515167777 0.914399981 0.00317729755
0.509947294 0.914399981 0.00387575911
0.504725739 0.914399981 0.00456616015
0.49950317 0.914399981 0.0052488417
0.494279585 0.914399981 0.00592371637
0.489055024 0.914399981 0.00659098308
0.483829516 0.914399981 0.00725080276
0.478603082 0.914399981 0.00790324113
0.473375741 0.914399981 0.00854837037
0.468147517 0.914399981 0.00918630773
0.462918428 0.914399981 0.00981711436
0.457688497 0.914399981 0.0104409023
0.452457744 0.914399981 0.0110577533
0.447226174 0.914399981 0.0116676411
0.441993811 0.914399981 0.0122706903
0.436760673 0.914399981 0.0128669729
0.431526756 0.914399981 0.0134563837
0.42629208 0.914399981 0.0140390161
0.421056659 0.914399981 0.0146149103
0.415820502 0.914399981 0.015184072
0.410583615 0.914399981 0.0157464784
0.405346006 0.914399981 0.0163021212
0.400107682 0.914399981 0.0168509892
0.39486865 0.914399981 0.0173930464
0.389628915 0.914399981 0.0179282775
0.384388468 0.914399981 0.0184564806
0.379147326 0.914399981 0.0189777427
0.373905493 0.914399981 0.0194920202
0.368662974 0.914399981 0.0199992515
0.363419747 0.914399981 0.0204991034
0.358175833 0.914399981 0.0209917049
0.35293124 0.914399981 0.0214770243
0.347685943 0.914399981 0.0219546762
0.342439956 0.914399981 0.0224246775
0.337193274 0.914399981 0.022886873
0.331945897 0.914399981 0.0233410934
0.326697819 0.914399981 0.0237871572
0.321449042 0.914399981 0.0242249091
0.316199563 0.914399981 0.0246541594
0.31094938 0.914399981 0.0250747152
0.30569849 0.914399981 0.0254863453
0.30044689 0.914399981 0.0258888253
0.295194579 0.914399981 0.0262819186
0.289941556 0.914399981 0.0266653645
0.284687817 0.914399981 0.0270388892
0.279433364 0.914399981 0.0274022156
0.274178194 0.914399981 0.0277550418
0.26892231 0.914399981 0.0280970466
0.263665712 0.914399981 0.0284279095
0.258408404 0.914399981 0.0287472792
0.253150388 0.914399981 0.0290547785
0.24789167 0.914399981 0.029350039
0.242632257 0.914399981 0.0296326447
0.237372158 0.914399981 0.0299021587
0.232111382 0.914399981 0.0301581534
0.226849945 0.914399981 0.0304001649
0.221587862 0.914399981 0.0306276975
0.216325153 0.914399981 0.0308402437
0.21106184 0.914399981 0.0310372729
0.205797949 0.914399981 0.0312182107
0.20053351 0.914399981 0.0313824637
0.195268561 0.914399981 0.0315294021
0.190003138 0.914399981 0.0316582759
0.184737291 0.914399981 0.0317684961
0.179471075 0.914399981 0.0318593786
0.174204549 0.914399981 0.0319299712
0.168937782 0.914399981 0.0319795369
0.163670856 0.914399981 0.032007329
0.158403858 0.914399981 0.0320121358
0.153136892 0.914399981 0.0319933032
0.147870075 0.914399981 0.0319494548
0.142603537 0.914399981 0.0318797055
0.137332117 0.914399981 0.0317827372
0.132312279 0.914399981 0.0316637279
0.12753214 0.914399981 0.0315253577
0.12298038 0.914399981 0.0313697051
0.118646203 0.914399981 0.0311988564
0.114519318 0.914399981 0.0310146577
0.110589903 0.914399981 0.0308190624
0.106848603 0.914399981 0.0306136835
0.103286492 0.914399981 0.0304001076
0.0998950796 0.914399981 0.0301795251
0.0966662415 0.914399981 0.0299534701
0.0935922549 0.914399981 0.0297230389
0.0906657593 0.914399981 0.0294892388
0.0878797114 0.914399981 0.0292533156
0.0850066387 0.914399981 0.0289956182
0.0821349562 0.914399981 0.0287228672
0.0792647788 0.914399981 0.0284347081
0.0763962916 0.914399981 0.0281301823
0.073529659 0.914399981 0.0278086664
0.0706650598 0.914399981 0.0274695118
0.0678027103 0.914399981 0.0271118665
0.0649428655 0.914399981 0.0267347158
0.0620857911 0.914399981 0.0263371217
0.0592317756 0.914399981 0.0259181347
0.0563811831 0.914399981 0.0254764594
0.0535344322 0.914399981 0.0250106649
0.0506919691 0.914399981 0.0245193824
0.0478543174 0.914399981 0.0240010312
0.0450221277 0.914399981 0.0234536227
0.0421961657 0.914399981 0.0228749229
0.0393772455 0.914399981 0.0222628408
0.0365665062 0.914399981 0.0216142272
0.0337652355 0.914399981 0.0209258688
0.030974981 0.914399981 0.0201941353
0.0281977916 0.914399981 0.0194142812
0.0254362765 0.914399981 0.0185806212
0.0226935633 0.914399981 0.0176870447
0.019974299 0.914399981 0.0167244661
0.0172842431 0.914399981 0.0156830468
0.014631972 0.914399981 0.0145488436
0.0120296493 0.914399981 0.0133043047
0.00946606446 0.914399981 0.0139901538
0.00639491703 0.914399982 0.0159247118
0.00208931069 0.914399981 0.0177496294
-0.00263800468 0.914399982 0.0162735608
-0.00600688494 0.914399981 0.0136400009
-0.00814293713 0.914399982 0.0109236906
-0.0104349337 0.914399982 0.0078208975
-0.0119918569 0.914399981 0.00293678576
-0.0109331848 0.914399981 -0.00237619858
-0.00901961835 0.914399982 -0.00630062105
-0.00695214964 0.914399981 -0.00876327682
-0.00531574863 0.914399982 -0.010188965
-0.00416976102 0.914399982 -0.0113441264
-0.00308709455 0.914399982 -0.0127307736
-0.00171227782 0.914399981 -0.014679594
-1.27525769e-06 0.914399981 -0.0173218369
0.00216957478 0.914399981 -0.0202839703
0.00476668246 0.914399982 -0.0230196639
0.00793507153 0.914399982 -0.0257261485
0.0117259168 0.914399981 -0.0288885937
0.0161671416 0.914399982 -0.0297649464
0.0194952919 0.914399982 -0.0307319707
0.022495412 0.914399981 -0.0315073271
0.0256703555 0.914399981 -0.0319978331
0.0289597271 0.914399981 -0.0323599172
0.0322639602 0.914399981 -0.0326069806
0.0355532286 0.914399982 -0.0326961853
0.0387999522 0.914399981 -0.0326131675
0.0419776054 0.914399981 -0.032371747
0.0450739828 0.914399981 -0.0319965837
0.048090834 0.914399981 -0.0315190278
0.0510401677 0.914399982 -0.0309742829
0.0539393862 0.914399981 -0.0303913902
0.0568058692 0.914399982 -0.0297941572
0.0596542179 0.914399981 -0.0292056438
0.0624933319 0.914399981 -0.0286431094
0.0653295947 0.914399982 -0.0281184568
0.0681858288 0.914399981 -0.0276507355
0.0710754046 0.914399981 -0.0275192225
0.0739542439 0.914399981 -0.0278573947
0.0768351094 0.914399981 -0.0281778483
0.0797178166 0.914399981 -0.0284812889
0.0826021992 0.914399981 -0.0287683655
0.085488093 0.914399981 -0.029039831
0.0883753581 0.914399981 -0.0292963007
0.0912861707 0.914399981 -0.0295400445
0.0943437574 0.914399981 -0.0297807929
0.0975554607 0.914399981 -0.0300173411
0.100928968 0.914399981 -0.0302485783
0.104472352 0.914399981 -0.0304731454
0.10819407 0.914399981 -0.0306897938
0.112103015 0.914399981 -0.0308967499
0.116208485 0.914399981 -0.0310926243
0.120520258 0.914399981 -0.0312754484
0.125048577 0.914399981 -0.0314433098
0.129804183 0.914399981 -0.0315942464
0.134798348 0.914399981 -0.0317259661
0.140042888 0.914399981 -0.0318361112
0.145272751 0.914399981 -0.0319183666
0.15050296 0.914399981 -0.0319745412
0.155733378 0.914399981 -0.0320055905
0.160963883 0.914399981 -0.0320127255
0.166194369 0.914399981 -0.0319967639
0.171424742 0.914399981 -0.0319588676
0.176654918 0.914399981 -0.0318996742
0.181884823 0.914399981 -0.0318201549
0.187114396 0.914399981 -0.0317211302
0.192343579 0.914399981 -0.0316033046
0.19757232 0.914399981 -0.0314672587
0.202800579 0.914399981 -0.0313137956
0.208028317 0.914399981 -0.0311435451
0.213255503 0.914399981 -0.0309570807
0.218482107 0.914399981 -0.0307549813
0.223708107 0.914399981 -0.0305377972
0.22893348 0.914399981 -0.0303060301
0.234158209 0.914399981 -0.0300601815
0.23938228 0.914399981 -0.0298007221
0.244605681 0.914399981 -0.0295280944
0.249828401 0.914399981 -0.0292427309
0.255050433 0.914399981 -0.0289450446
0.260271771 0.914399981 -0.0286354149
0.26549241 0.914399981 -0.0283142147
0.270712347 0.914399981 -0.0279818008
0.27593158 0.914399981 -0.0276385094
0.281150106 0.914399981 -0.0272846507
0.286367928 0.914399981 -0.0269205391
0.291585044 0.914399981 -0.0265464598
0.296801456 0.914399981 -0.026162682
0.302017166 0.914399981 -0.0257694719
0.307232175 0.914399981 -0.0253670784
0.312446485 0.914399981 -0.0249557254
0.317660098 0.914399981 -0.0245356365
0.322873017 0.914399981 -0.0241070091
0.328085242 0.914399981 -0.0236700382
0.333296778 0.914399981 -0.0232249173
0.338507627 0.914399981 -0.0227718193
0.34371779 0.914399981 -0.0223109097
0.348927269 0.914399981 -0.0218423359
0.354136066 0.914399981 -0.0213662287
0.359344173 0.914399981 -0.0208826349
0.364551604 0.914399981 -0.0203918252
0.369758349 0.914399981 -0.0198937765
0.374964418 0.914399981 -0.0193887171
0.380169806 0.914399981 -0.0188766914
0.385374495 0.914399981 -0.0183576092
0.3905785 0.914399981 -0.017831701
0.395781816 0.914399981 -0.0172990344
0.400984437 0.914399981 -0.0167596155
0.406186358 0.914399981 -0.0162134847
0.411387572 0.914399981 -0.0156606622
0.41658807 0.914399981 -0.0151011432
0.421787847 0.914399981 -0.0145349606
0.426986892 0.914399981 -0.0139621037
0.432185198 0.914399981 -0.0133825758
0.437382758 0.914399981 -0.0127963907
0.44257956 0.914399981 -0.0122035309
0.447775593 0.914399981 -0.0116039653
0.452970829 0.914399981 -0.010997525
0.458165277 0.914399981 -0.0103843836
0.463358895 0.914399981 -0.00976424091
0.468551685 0.914399981 -0.0091372075
0.473743625 0.914399981 -0.00850317901
0.478934691 0.914399981 -0.00786202568
0.484124864 0.914399981 -0.00721368846
0.489314124 0.914399981 -0.00655808534
0.494502443 0.914399981 -0.0058950711
0.4996898 0.914399981 -0.00522457041
0.504876154 0.914399981 -0.00454636301
0.510061507 0.914399981 -0.00386053955
0.515245806 0.914399981 -0.00316679127
0.520429033 0.914399981 -0.00246508118
0.525611137 0.914399981 -0.00175512585
0.529475706 0.914399981 -0.00122013781
0.53189073 0.914399981 -0.000883384809
0.533400004 0.914399981 -0.000672082119

ZONE T="SLICE_Y_0p9144_BINS03_KS_0p5mm_CUTDATA_VAR_DENSITY"
0.533400014 0.914399981 -0.000522730118
0.533400003 0.914399981 -0.000373378117
0.533399994 0.914399981 -0.000224026115
0.533399992 0.914399981 -7.46741123e-05
0.53339999 0.914399981 7.46778902e-05
0.533399987 0.914399981 0.000224029893
0.533399991 0.914399981 0.000373381895
0.533399998 0.914399981 0.000522733898
0.533399998 0.914399981 0.000522733898
0.533400004 0.914399981 0.000672085901
0.531889626 0.914399981 0.000883543021
0.529472835 0.914399981 0.00122054253
0.525605437 0.914399981 0.00175591634
0.520387177 0.914399981 0.00247079365
0.515167777 0.914399981 0.00317729755
0.509947294 0.914399981 0.00387575911
0.504725739 0.914399981 0.00456616015
0.49950317 0.914399981 0.0052488417
0.494279585 0.914399981 0.00592371637
0.489055024 0.914399981 0.00659098308
0.483829516 0.914399981 0.00725080276
0.478603082 0.914399981 0.00790324113
0.473375741 0.914399981 0.00854837037
0.468147517 0.914399981 0.00918630773
0.462918428 0.914399981 0.00981711436
0.457688497 0.914399981 0.0104409023
0.452457744 0.914399981 0.0110577533
0.447226174 0.914399981 0.0116676411
0.441993811 0.914399981 0.0122706903
0.436760673 0.914399981 0.0128669729
0.431526756 0.914399981 0.0134563837
0.42629208 0.914399981 0.0140390161
0.421056659 0.914399981 0.0146149103
0.415820502 0.914399981 0.015184072
0.410583615 0.914399981 0.0157464784
0.405346006 0.914399981 0.0163021212
0.400107682 0.914399981 0.0168509892
0.39486865 0.914399981 0.0173930464
0.389628915 0.914399981 0.0179282775
0.384388468 0.914399981 0.0184564806
0.379147326 0.914399981 0.0189777427
0.373905493 0.914399981 0.0194920202
0.368662974 0.914399981 0.0199992515
0.363419747 0.914399981 0.0204991034
0.358175833 0.914399981 0.0209917049
0.35293124 0.914399981 0.0214770243
0.347685943 0.914399981 0.0219546762
0.342439956 0.914399981 0.0224246775
0.337193274 0.914399981 0.022886873
0.331945897 0.914399981 0.0233410934
0.326697819 0.914399981 0.0237871572
0.321449042 0.914399981 0.0242249091
0.316199563 0.914399981 0.0246541594
0.31094938 0.914399981 0.0250747152
0.30569849 0.914399981 0.0254863453
0.30044689 0.914399981 0.0258888253
0.295194579 0.914399981 0.0262819186
0.289941556 0.914399981 0.0266653645
0.284687817 0.914399981 0.0270388892
0.279433364 0.914399981 0.0274022156
0.274178194 0.914399981 0.0277550418
0.26892231 0.914399981 0.0280970466
0.263665712 0.914399981 0.0284279095
0.258408404 0.914399981 0.0287472792
0.253150388 0.914399981 0.0290547785
0.24789167 0.914399981 0.029350039
0.242632257 0.914399981 0.0296326447
0.237372158 0.914399981 0.0299021587
0.232111382 0.914399981 0.0301581534
0.226849945 0.914399981 0.0304001649
0.221587862 0.914399981 0.0306276975
0.216325153 0.914399981 0.0308402437
0.21106184 0.914399981 0.0310372729
0.205797949 0.914399981 0.0312182107
0.20053351 0.914399981 0.0313824637
0.195268561 0.914399981 0.0315294021
0.190003138 0.914399981 0.0316582759
0.184737291 0.914399981 0.0317684961
0.179471075 0.914399981 0.0318593786
0.174204549 0.914399981 0.0319299712
0.168937782 0.914399981 0.0319795369
0.163670856 0.914399981 0.032007329
0.158403858 0.914399981 0.0320121358
0.153136892 0.914399981 0.0319933032
0.147870075 0.914399981 0.0319494548
0.142603537 0.914399981 0.0318797055
0.137332117 0.914399981 0.0317827372
0.132312279 0.914399981 0.0316637279
0.12753214 0.914399981 0.0315253577
0.12298038 0.914399981 0.0313697051
0.118646203 0.914399981 0.0311988564
0.114519318 0.914399981 0.0310146577
0.110589903 0.914399981 0.0308190624
0.106848603 0.914399981 0.0306136835
0.103286492 0.914399981 0.0304001076
0.0998950796 0.914399981 0.0301795251
0.0966662415 0.914399981 0.0299534701
0.0935922549 0.914399981 0.0297230389
0.0906657593 0.914399981 0.0294892388
0.0878797114 0.914399981 0.0292533156
0.0850066387 0.914399981 0.0289956182
0.0821349562 0.914399981 0.0287228672
0.0792647788 0.914399981 0.0284347081
0.0763962916 0.914399981 0.0281301823
0.073529659 0.914399981 0.0278086664
0.0706650598 0.914399981 0.0274695118
0.0678027103 0.914399981 0.0271118665
0.0649428655 0.914399981 0.0267347158
0.0620857911 0.914399981 0.0263371217
0.0592317756 0.914399981 0.0259181347
0.0563811831 0.914399981 0.0254764594
0.0535344322 0.914399981 0.0250106649
0.0506919691 0.914399981 0.0245193824
0.0478543174 0.914399981 0.0240010312
0.0450221277 0.914399981 0.0234536227
0.0421961657 0.914399981 0.0228749229
0.0393772455 0.914399981 0.0222628408
0.0365665062 0.914399981 0.0216142272
0.0337652355 0.914399981 0.0209258688
0.030974981 0.914399981 0.0201941353
0.0281977916 0.914399981 0.0194142812
0.0253131675 0.914399981 0.0191659216
0.0224129127 0.914399982 0.0190386021
0.0194864683 0.914399982 0.0188640522
0.0165323315 0.914399982 0.0185823123
0.0136208239 0.914399981 0.0181699943
0.010849294 0.914399981 0.0176975395
0.00801390989 0.914399981 0.0175589995
0.00443073425 0.914399981 0.01801659
0.000338437456 0.914399981 0.0174341443
-0.0032522557 0.914399981 0.015427038
-0.00586926811 0.914399981 0.0130933162
-0.00782274638 0.914399982 0.0107625443
-0.00945768212 0.914399981 0.00784446052
-0.0118297444 0.914399981 0.00355256266
-0.0108606164 0.914399982 -0.00198064068
-0.00896831281 0.914399981 -0.00609648398
-0.00693189046 0.914399981 -0.00864498504
-0.00530767956 0.914399982 -0.0101037989
-0.00418052812 0.914399981 -0.0112764789
-0.00313662425 0.914399982 -0.0126721758
-0.00182487004 0.914399982 -0.0146226038
-0.000189520018 0.914399981 -0.0172650714
0.00199177265 0.914399982 -0.0202632019
0.00484201483 0.914399982 -0.0232866573
0.00847338658 0.914399981 -0.0266574739
0.0129997227 0.914399981 -0.0284761836
0.0168237476 0.914399981 -0.0291897827
0.0197907848 0.914399982 -0.030023302
0.0227083369 0.914399981 -0.0306043154
0.0257664355 0.914399982 -0.0310743875
0.0288911867 0.914399981 -0.0315186206
0.032046324 0.914399982 -0.0319023268
0.0352157012 0.914399981 -0.0321839064
0.0383752846 0.914399982 -0.0323467472
0.0415042379 0.914399981 -0.0323936902
0.0445910803 0.914399982 -0.0323366377
0.0476316477 0.914399981 -0.0321944776
0.0506256242 0.914399982 -0.0319917456
0.053568609 0.914399982 -0.0317516419
0.0564500157 0.914399982 -0.0314965612
0.0571819072 0.914399981 -0.0314402923
0.0592798934 0.914399981 -0.031278996
0.0620949786 0.914399981 -0.0312642646
0.0649447105 0.914399981 -0.0313657059
0.0678359556 0.914399981 -0.0314842935
0.0707455311 0.914399981 -0.031601081
0.0736576974 0.914399981 -0.0317148292
0.0765685519 0.914399981 -0.0318237902
0.0794777861 0.914399981 -0.0319288208
0.0823857115 0.914399981 -0.0320324766
0.0828209456 0.914399981 -0.0320476587
0.0852932565 0.914399981 -0.0321338994
0.0882008968 0.914399981 -0.0322326527
0.0911312414 0.914399982 -0.0323217289
0.0942075558 0.914399982 -0.0324087812
0.0974373189 0.914399981 -0.0324911165
0.100828337 0.914399982 -0.0325666289
0.10438859 0.914399981 -0.0326322787
0.108126259 0.914399982 -0.0326841634
0.112049837 0.914399981 -0.0327217216
0.116168476 0.914399982 -0.0327428235
0.120491851 0.914399981 -0.0327441061
0.125030014 0.914399981 -0.0327251844
0.129793596 0.914399982 -0.0326845021
0.134793827 0.914399981 -0.0326214929
0.140042552 0.914399981 -0.0325366246
0.145274683 0.914399982 -0.032430639
0.150505404 0.914399981 -0.0323086297
0.155734895 0.914399981 -0.0321720944
0.160963985 0.914399981 -0.0320245264
0.166194369 0.914399981 -0.0319967639
0.171424742 0.914399981 -0.0319588676
0.176654918 0.914399981 -0.0318996742
0.181884823 0.914399981 -0.0318201549
0.187114396 0.914399981 -0.0317211302
0.192343579 0.914399981 -0.0316033046
0.19757232 0.914399981 -0.0314672587
0.202800579 0.914399981 -0.0313137956
0.208028317 0.914399981 -0.0311435451
0.213255503 0.914399981 -0.0309570807
0.218482107 0.914399981 -0.0307549813
0.223708107 0.914399981 -0.0305377972
0.22893348 0.914399981 -0.0303060301
0.234158209 0.914399981 -0.0300601815
0.23938228 0.914399981 -0.0298007221
0.244605681 0.914399981 -0.0295280944
0.249828401 0.914399981 -0.0292427309
0.255050433 0.914399981 -0.0289450446
0.260271771 0.914399981 -0.0286354149
0.26549241 0.914399981 -0.0283142147
0.270712347 0.914399981 -0.0279818008
0.27593158 0.914399981 -0.0276385094
0.281150106 0.914399981 -0.0272846507
0.286367928 0.914399981 -0.0269205391
0.291585044 0.914399981 -0.0265464598
0.296801456 0.914399981 -0.026162682
0.302017166 0.914399981 -0.0257694719
0.307232175 0.914399981 -0.0253670784
0.312446485 0.914399981 -0.0249557254
0.317660098 0.914399981 -0.0245356365
0.322873017 0.914399981 -0.0241070091
0.328085242 0.914399981 -0.0236700382
0.333296778 0.914399981 -0.0232249173
0.338507627 0.914399981 -0.0227718193
0.34371779 0.914399981 -0.0223109097
0.348927269 0.914399981 -0.0218423359
0.354136066 0.914399981 -0.0213662287
0.359344173 0.914399981 -0.0208826349
0.364551604 0.914399981 -0.0203918252
0.369758349 0.914399981 -0.0198937765
0.374964418 0.914399981 -0.0193887171
0.380169806 0.914399981 -0.0188766914
0.385374495 0.914399981 -0.0183576092
0.3905785 0.914399981 -0.017831701
0.395781816 0.914399981 -0.0172990344
0.400984437 0.914399981 -0.0167596155
0.406186358 0.914399981 -0.0162134847
0.411387572 0.914399981 -0.0156606622
0.41658807 0.914399981 -0.0151011432
0.421787847 0.914399981 -0.0145349606
0.426986892 0.914399981 -0.0139621037
0.432185198 0.914399981 -0.0133825758
0.437382758 0.914399981 -0.0127963907
0.44257956 0.914399981 -0.0122035309
0.447775593 0.914399981 -0.0116039653
0.452970829 0.914399981 -0.010997525
0.458165277 0.914399981 -0.0103843836
0.463358895 0.914399981 -0.00976424091
0.468551685 0.914399981 -0.0091372075
0.473743625 0.914399981 -0.00850317901
0.478934691 0.914399981 -0.00786202568
0.484124864 0.914399981 -0.00721368846
0.489314124 0.914399981 -0.00655808534
0.494502443 0.914399981 -0.0058950711
0.4996898 0.914399981 -0.00522457041
0.504876154 0.914399981 -0.00454636301
0.510061507 0.914399981 -0.00386053955
0.515245806 0.914399981 -0.00316679127
0.520429033 0.914399981 -0.00246508118
0.525611137 0.914399981 -0.00175512585
0.529475706 0.914399981 -0.00122013781
0.53189073 0.914399981 -0.000883384809
0.533400004 0.914399981 -0.000672082119

ZONE T="SLICE_Y_0p9144_BINS07_KS_0p5mm_CUTDATA_VAR_DENSITY"
0.533400014 0.914399981 -0.000522730118
0.533400003 0.914399981 -0.000373378117
0.533399994 0.914399981 -0.000224026115
0.533399992 0.914399981 -7.46741123e-05
0.53339999 0.914399981 7.46778902e-05
0.533399987 0.914399981 0.000224029893
0.533399991 0.914399981 0.000373381895
0.533399998 0.914399981 0.000522733898
0.533399998 0.914399981 0.000522733898
0.533400004 0.914399981 0.000672085901
0.531889626 0.914399981 0.000883543021
0.529472835 0.914399981 0.00122054253
0.525605437 0.914399981 0.00175591634
0.520387177 0.914399981 0.00247079365
0.515167777 0.914399981 0.00317729755
0.509947294 0.914399981 0.00387575911
0.504725739 0.914399981 0.00456616015
0.49950317 0.914399981 0.0052488417
0.494279585 0.914399981 0.00592371637
0.489055024 0.914399981 0.00659098308
0.483829516 0.914399981 0.00725080276
0.478603082 0.914399981 0.00790324113
0.473375741 0.914399981 0.00854837037
0.468147517 0.914399981 0.00918630773
0.462918428 0.914399981 0.00981711436
0.457688497 0.914399981 0.0104409023
0.452457744 0.914399981 0.0110577533
0.447226174 0.914399981 0.0116676411
0.441993811 0.914399981 0.0122706903
0.436760673 0.914399981 0.0128669729
0.431526756 0.914399981 0.0134563837
0.42629208 0.914399981 0.0140390161
0.421056659 0.914399981 0.0146149103
0.415820502 0.914399981 0.015184072
0.410583615 0.914399981 0.0157464784
0.405346006 0.914399981 0.0163021212
0.400107682 0.914399981 0.0168509892
0.39486865 0.914399981 0.0173930464
0.389628915 0.914399981 0.0179282775
0.384388468 0.914399981 0.0184564806
0.379147326 0.914399981 0.0189777427
0.373905493 0.914399981 0.0194920202
0.368662974 0.914399981 0.0199992515
0.363419747 0.914399981 0.0204991034
0.358175833 0.914399981 0.0209917049
0.35293124 0.914399981 0.0214770243
0.347685943 0.914399981 0.0219546762
0.342439956 0.914399981 0.0224246775
0.337193274 0.914399981 0.022886873
0.331945897 0.914399981 0.0233410934
0.326697819 0.914399981 0.0237871572
0.321449042 0.914399981 0.0242249091
0.316199563 0.914399981 0.0246541594
0.31094938 0.914399981 0.0250747152
0.30569849 0.914399981 0.0254863453
0.30044689 0.914399981 0.0258888253
0.295194579 0.914399981 0.0262819186
0.289941556 0.914399981 0.0266653645
0.284687817 0.914399981 0.0270388892
0.279433364 0.914399981 0.0274022156
0.274178194 0.914399981 0.0277550418
0.26892231 0.914399981 0.0280970466
0.263665712 0.914399981 0.0284279095
0.258408404 0.914399981 0.0287472792
0.253150388 0.914399981 0.0290547785
0.24789167 0.914399981 0.029350039
0.242632257 0.914399981 0.0296326447
0.237372158 0.914399981 0.0299021587
0.232111382 0.914399981 0.0301581534
0.226849945 0.914399981 0.0304001649
0.221587862 0.914399981 0.0306276975
0.216325153 0.914399981 0.0308402437
0.21106184 0.914399981 0.0310372729
0.205797949 0.914399981 0.0312182107
0.20053351 0.914399981 0.0313824637
0.195268561 0.914399981 0.0315294021
0.190003138 0.914399981 0.0316582759
0.184737291 0.914399981 0.0317684961
0.179471075 0.914399981 0.0318593786
0.174204549 0.914399981 0.0319299712
0.168937782 0.914399981 0.0319795369
0.163670856 0.914399981 0.032007329
0.158403858 0.914399981 0.0320121358
0.153136892 0.914399981 0.0319933032
0.147870075 0.914399981 0.0319494548
0.142603537 0.914399981 0.0318797055
0.137332117 0.914399981 0.0317827372
0.132312279 0.914399981 0.0316637279
0.12753214 0.914399981 0.0315253577
0.12298038 0.914399981 0.0313697051
0.118646203 0.914399981 0.0311988564
0.114519318 0.914399981 0.0310146577
0.110589903 0.914399981 0.0308190624
0.106848603 0.914399981 0.0306136835
0.103286492 0.914399981 0.0304001076
0.0998950796 0.914399981 0.0301795251
0.0966662415 0.914399981 0.0299534701
0.0935922549 0.914399981 0.0297230389
0.0906657593 0.914399981 0.0294892388
0.0878797114 0.914399981 0.0292533156
0.0850066387 0.914399981 0.0289956182
0.0821349562 0.914399981 0.0287228672
0.0792647788 0.914399981 0.0284347081
0.0763962916 0.914399981 0.0281301823
0.073529659 0.914399981 0.0278086664
0.0706650598 0.914399981 0.0274695118
0.0678027103 0.914399981 0.0271118665
0.0649425266 0.914399981 0.0267372278
0.0620843311 0.914399981 0.026347404
0.0592290021 0.914399981 0.0259366623
0.0563768788 0.914399981 0.0255037007
0.053528368 0.914399981 0.025047001
0.0506838955 0.914399981 0.0245651737
0.0478439738 0.914399981 0.0240567172
0.0450093222 0.914399982 0.0235197715
0.0421807159 0.914399982 0.0229526361
0.0393376763 0.914399981 0.0224567946
0.036494346 0.914399981 0.0219536955
0.0336543279 0.914399982 0.0214199354
0.0308181026 0.914399981 0.0208565646
0.0279910593 0.914399981 0.020262067
0.0251806869 0.914399982 0.0196471988
0.022341688 0.914399981 0.019227683
0.0194608212 0.914399981 0.0190417232
0.0165796367 0.914399981 0.0188585022
0.0136568047 0.914399982 0.0187556987
0.0105974852 0.914399982 0.0187636635
0.00734038099 0.914399982 0.018537859
0.00368247245 0.914399981 0.0180586342
0.0001815485 0.914399981 0.0168861223
-0.00275214449 0.914399981 0.0150395035
-0.00450576824 0.914399981 0.0139396561
-0.00567521172 0.914399981 0.0132061982
-0.00761489653 0.914399981 0.0106435185
-0.00906023971 0.914399981 0.00771160072
-0.0118263575 0.914399981 0.00374557671
-0.0108542647 0.914399981 -0.00185260098
-0.00956108676 0.914399981 -0.00468833437
-0.00894609751 0.914399981 -0.00603690788
-0.00692159133 0.914399982 -0.00861074615
-0.00530561261 0.914399982 -0.0100776001
-0.00418785081 0.914399981 -0.0112537698
-0.00316049665 0.914399981 -0.012650311
-0.00187452355 0.914399982 -0.0145987489
-0.000266744893 0.914399982 -0.0172375583
0.00192554338 0.914399982 -0.0202611731
0.0048735131 0.914399981 -0.0234565908
0.00687368745 0.914399981 -0.0254097093
0.0086167596 0.914399981 -0.0271117741
0.0132145424 0.914399981 -0.0280502993
0.0165510382 0.914399981 -0.0291766754
0.0196290408 0.914399981 -0.0300385838
0.0228936851 0.914399981 -0.0305975996
0.0261732171 0.914399981 -0.0309757692
0.0293030695 0.914399981 -0.0312433782
0.0323008388 0.914399981 -0.0314931955
0.0352648303 0.914399981 -0.0317174548
0.0382428927 0.914399981 -0.0319230798
0.0412389832 0.914399981 -0.032109467
0.0442442194 0.914399981 -0.0322641626
0.0472475508 0.914399981 -0.0323780443
0.0502377791 0.914399981 -0.0324496991
0.0532040839 0.914399981 -0.0324841106
0.0561444706 0.914399981 -0.0324893592
0.0590672482 0.914399981 -0.0325207332
0.0619898426 0.914399981 -0.0325429355
0.0649119316 0.914399981 -0.0325624629
0.0678314157 0.914399981 -0.032583053
0.0707494518 0.914399981 -0.0326038606
0.0736673212 0.914399981 -0.0326218517
0.076584896 0.914399981 -0.032634207
0.0795014168 0.914399981 -0.0326387421
0.0810517292 0.914399981 -0.0326376966
0.0824164101 0.914399982 -0.0326367764
0.08532985 0.914399982 -0.0326289672
0.0882401964 0.914399982 -0.0326125414
0.0911663344 0.914399982 -0.0325845735
0.0942317027 0.914399981 -0.0325595363
0.0974481001 0.914399981 -0.032608935
0.100832246 0.914399981 -0.0326666103
0.10439088 0.914399982 -0.0327148776
0.108128454 0.914399981 -0.0327497093
0.112051993 0.914399981 -0.0327705187
0.116170429 0.914399982 -0.0327759898
0.120493441 0.914399981 -0.0327637575
0.125031122 0.914399982 -0.0327340824
0.129794064 0.914399981 -0.0326856893
0.134793199 0.914399982 -0.0326184827
0.140040242 0.914399982 -0.0325340276
0.145271024 0.914399981 -0.0324715602
0.150502064 0.914399981 -0.032473846
0.155733964 0.914399981 -0.0324540298
0.160966023 0.914399982 -0.032411662
0.166197708 0.914399982 -0.0323476259
0.171428855 0.914399981 -0.032263013
0.17665941 0.914399981 -0.0321584391
0.181889347 0.914399982 -0.0320351975
0.187118642 0.914399981 -0.031894035
0.19234727 0.914399981 -0.0317355139
0.197575211 0.914399981 -0.0315605316
0.202802468 0.914399981 -0.0313700551
0.208029318 0.914399981 -0.0311715813
0.213256448 0.914399981 -0.0309820468
0.218482996 0.914399981 -0.030776978
0.223708931 0.914399981 -0.0305568982
0.228934227 0.914399981 -0.0303223097
0.234158866 0.914399981 -0.0300737157
0.239382836 0.914399981 -0.0298115847
0.244606124 0.914399981 -0.0295363609
0.249828723 0.914399981 -0.029248478
0.255050626 0.914399981 -0.0289483535
0.260271829 0.914399981 -0.02863637
0.26549241 0.914399981 -0.0283142147
0.270712347 0.914399981 -0.0279818008
0.27593158 0.914399981 -0.0276385094
0.281150106 0.914399981 -0.0272846507
0.286367928 0.914399981 -0.0269205391
0.291585044 0.914399981 -0.0265464598
0.296801456 0.914399981 -0.026162682
0.302017166 0.914399981 -0.0257694719
0.307232175 0.914399981 -0.0253670784
0.312446485 0.914399981 -0.0249557254
0.317660098 0.914399981 -0.0245356365
0.322873017 0.914399981 -0.0241070091
0.328085242 0.914399981 -0.0236700382
0.333296778 0.914399981 -0.0232249173
0.338507627 0.914399981 -0.0227718193
0.34371779 0.914399981 -0.0223109097
0.348927269 0.914399981 -0.0218423359
0.354136066 0.914399981 -0.0213662287
0.359344173 0.914399981 -0.0208826349
0.364551604 0.914399981 -0.0203918252
0.369758349 0.914399981 -0.0198937765
0.374964418 0.914399981 -0.0193887171
0.380169806 0.914399981 -0.0188766914
0.385374495 0.914399981 -0.0183576092
0.3905785 0.914399981 -0.017831701
0.395781816 0.914399981 -0.0172990344
0.400984437 0.914399981 -0.0167596155
0.406186358 0.914399981 -0.0162134847
0.411387572 0.914399981 -0.0156606622
0.41658807 0.914399981 -0.0151011432
0.421787847 0.914399981 -0.0145349606
0.426986892 0.914399981 -0.0139621037
0.432185198 0.914399981 -0.0133825758
0.437382758 0.914399981 -0.0127963907
0.44257956 0.914399981 -0.0122035309
0.447775593 0.914399981 -0.0116039653
0.452970829 0.914399981 -0.010997525
0.458165277 0.914399981 -0.0103843836
0.463358895 0.914399981 -0.00976424091
0.468551685 0.914399981 -0.0091372075
0.473743625 0.914399981 -0.00850317901
0.478934691 0.914399981 -0.00786202568
0.484124864 0.914399981 -0.00721368846
0.489314124 0.914399981 -0.00655808534
0.494502443 0.914399981 -0.0058950711
0.4996898 0.914399981 -0.00522457041
0.504876154 0.914399981 -0.00454636301
0.510061507 0.914399981 -0.00386053955
0.515245806 0.914399981 -0.00316679127
0.520429033 0.914399981 -0.00246508118
0.525611137 0.914399981 -0.00175512585
0.529475706 0.914399981 -0.00122013781
0.53189073 0.914399981 -0.000883384809
0.533400004 0.914399981 -0.000672082119

ZONE T="SLICE_Y_0p9144_BINS15_KS_0p5mm_CUTDATA_VAR_DENSITY"
0.533400014 0.914399981 -0.000522730118
0.533400003 0.914399981 -0.000373378117
0.533399994 0.914399981 -0.000224026115
0.533399992 0.914399981 -7.46741123e-05
0.53339999 0.914399981 7.46778902e-05
0.533399987 0.914399981 0.000224029893
0.533399991 0.914399981 0.000373381895
0.533399998 0.914399981 0.000522733898
0.533399998 0.914399981 0.000522733898
0.533400004 0.914399981 0.000672085901
0.531889626 0.914399981 0.000883543021
0.529472835 0.914399981 0.00122054253
0.525605437 0.914399981 0.00175591634
0.520387177 0.914399981 0.00247079365
0.515167777 0.914399981 0.00317729755
0.509947294 0.914399981 0.00387575911
0.504725739 0.914399981 0.00456616015
0.49950317 0.914399981 0.0052488417
0.494279585 0.914399981 0.00592371637
0.489055024 0.914399981 0.00659098308
0.483829516 0.914399981 0.00725080276
0.478603082 0.914399981 0.00790324113
0.473375741 0.914399981 0.00854837037
0.468147517 0.914399981 0.00918630773
0.462918428 0.914399981 0.00981711436
0.457688497 0.914399981 0.0104409023
0.452457744 0.914399981 0.0110577533
0.447226174 0.914399981 0.0116676411
0.441993811 0.914399981 0.0122706903
0.436760673 0.914399981 0.0128669729
0.431526756 0.914399981 0.0134563837
0.42629208 0.914399981 0.0140390161
0.421056659 0.914399981 0.0146149103
0.415820502 0.914399981 0.015184072
0.410583615 0.914399981 0.0157464784
0.405346006 0.914399981 0.0163021212
0.400107682 0.914399981 0.0168509892
0.39486865 0.914399981 0.0173930464
0.389628915 0.914399981 0.0179282775
0.384388468 0.914399981 0.0184564806
0.379147326 0.914399981 0.0189777427
0.373905493 0.914399981 0.0194920202
0.368662974 0.914399981 0.0199992515
0.363419747 0.914399981 0.0204991034
0.358175833 0.914399981 0.0209917049
0.35293124 0.914399981 0.0214770243
0.347685943 0.914399981 0.0219546762
0.342439956 0.914399981 0.0224246775
0.337193274 0.914399981 0.022886873
0.331945897 0.914399981 0.0233410934
0.326697819 0.914399981 0.0237871572
0.321449042 0.914399981 0.0242249091
0.316199563 0.914399981 0.0246541594
0.31094938 0.914399981 0.0250747152
0.30569849 0.914399981 0.0254863453
0.30044689 0.914399981 0.0258888253
0.295194579 0.914399981 0.0262819186
0.289941556 0.914399981 0.0266653645
0.284687817 0.914399981 0.0270388892
0.279433364 0.914399981 0.0274022156
0.274178194 0.914399981 0.0277550418
0.26892231 0.914399981 0.0280970466
0.263665712 0.914399981 0.0284279095
0.258408404 0.914399981 0.0287472792
0.253150388 0.914399981 0.0290547785
0.24789167 0.914399981 0.029350039
0.242632257 0.914399981 0.0296326447
0.237372158 0.914399981 0.0299021587
0.232111382 0.914399981 0.0301581534
0.226849945 0.914399981 0.0304001649
0.221587862 0.914399981 0.0306276975
0.216325153 0.914399981 0.0308402437
0.21106184 0.914399981 0.0310372729
0.205797949 0.914399981 0.0312182107
0.20053351 0.914399981 0.0313824637
0.195268561 0.914399981 0.0315294021
0.190003138 0.914399981 0.0316582759
0.184737291 0.914399981 0.0317684961
0.179471075 0.914399981 0.0318593786
0.174204549 0.914399981 0.0319299712
0.168937782 0.914399981 0.0319795369
0.163670856 0.914399981 0.032007329
0.158403858 0.914399981 0.0320121358
0.153136892 0.914399981 0.0319933032
0.147870075 0.914399981 0.0319494548
0.142603537 0.914399981 0.0318797055
0.137332117 0.914399981 0.0317827372
0.132312279 0.914399981 0.0316637279
0.12753214 0.914399981 0.0315253577
0.12298038 0.914399981 0.0313697051
0.118646203 0.914399981 0.0311988564
0.114519318 0.914399981 0.0310146577
0.110589903 0.914399981 0.0308190624
0.106848603 0.914399981 0.0306136835
0.103286492 0.914399981 0.0304001076
0.0998950796 0.914399981 0.0301795251
0.0966662415 0.914399981 0.0299534701
0.0935922549 0.914399981 0.0297230389
0.0906657593 0.914399981 0.0294892388
0.0878797114 0.914399981 0.0292533156
0.0850066387 0.914399981 0.0289956182
0.0821349562 0.914399981 0.0287228672
0.0792647788 0.914399981 0.0284347081
0.0763962916 0.914399981 0.0281301823
0.073529659 0.914399981 0.0278086664
0.0706650598 0.914399981 0.0274695118
0.0678027103 0.914399981 0.0271118665
0.0649425162 0.914399981 0.0267373055
0.0620842705 0.914399981 0.0263478351
0.0592288885 0.914399981 0.0259374421
0.0563767178 0.914399981 0.0255048324
0.0535281796 0.914399981 0.025048538
0.0506815791 0.914399981 0.0245794818
0.0478361378 0.914399981 0.0241011909
0.044994782 0.914399981 0.0235967281
0.0421583619 0.914399981 0.0230635833
0.0393277132 0.914399981 0.0225007482
0.0364906432 0.914399982 0.0219663765
0.0336525267 0.914399981 0.0214312669
0.0308201694 0.914399981 0.0208686705
0.0279803155 0.914399981 0.0203455342
0.0251361331 0.914399981 0.0198591276
0.0222856685 0.914399982 0.0194362783
0.0194264988 0.914399981 0.019110599
0.0165533935 0.914399982 0.0189010293
0.0136359224 0.914399982 0.0188099576
0.0105917601 0.914399982 0.0187752291
0.00729489253 0.914399981 0.0186224818
0.00368664303 0.914399982 0.0180294488
0.000185128037 0.914399982 0.0168314132
-0.00294323209 0.914399981 0.0151040482
-0.00349376388 0.914399981 0.0146665748
-0.00556894775 0.914399981 0.0130175552
-0.00759851013 0.914399981 0.0106718006
-0.00897636885 0.914399981 0.00774678034
-0.0117993534 0.914399981 0.00379058595
-0.0115055466 0.914399981 0.00205869332
-0.0108462883 0.914399981 -0.00182741432
-0.0089442236 0.914399981 -0.00602407342
-0.00692102712 0.914399981 -0.00860368071
-0.00530595539 0.914399982 -0.0100728315
-0.00419020398 0.914399981 -0.0112499991
-0.00316628029 0.914399981 -0.0126467055
-0.00188579565 0.914399982 -0.0145948467
-0.000284859944 0.914399982 -0.0172331675
0.00190727187 0.914399982 -0.0202597453
0.00487580055 0.914399981 -0.0234830906
0.00866175533 0.914399982 -0.0272048291
0.00961122329 0.914399981 -0.0273601864
0.0133370497 0.914399981 -0.0279698271
0.016645688 0.914399981 -0.0291342159
0.0197279764 0.914399981 -0.0299620648
0.0229336088 0.914399981 -0.0304549117
0.0260809114 0.914399981 -0.030838921
0.0291277167 0.914399981 -0.031207607
0.0321626082 0.914399981 -0.0315270644
0.0352183779 0.914399981 -0.0318021334
0.0369243634 0.914399981 -0.0319170213
0.0382786408 0.914399982 -0.0320082238
0.0413107311 0.914399982 -0.0321510938
0.0443046646 0.914399982 -0.0322602252
0.0472754596 0.914399982 -0.0323455967
0.0502361625 0.914399982 -0.0324112498
0.0531885418 0.914399981 -0.0324583089
0.0561310467 0.914399981 -0.0324859452
0.0562590597 0.914399981 -0.032487354
0.0590646462 0.914399981 -0.0325182298
0.0619957374 0.914399981 -0.0325384647
0.0649235079 0.914399981 -0.0325510606
0.067846075 0.914399981 -0.0325577715
0.0707620625 0.914399981 -0.0325603823
0.0736726361 0.914399981 -0.0325625914
0.0765813609 0.914399981 -0.0325863129
0.0794932206 0.914399981 -0.0326052453
0.0804735154 0.914399981 -0.0326097468
0.0824061335 0.914399982 -0.0326186214
0.0853171776 0.914399982 -0.0326269451
0.0882248804 0.914399982 -0.0326302769
0.0911521906 0.914399982 -0.0326357757
0.0942251499 0.914399981 -0.0326597818
0.0974534911 0.914399982 -0.0326788947
0.100843043 0.914399982 -0.0326901698
0.104400279 0.914399982 -0.0326950051
0.108133839 0.914399981 -0.0327128253
0.112054144 0.914399981 -0.0327279288
0.11617014 0.914399982 -0.0327317661
0.120490893 0.914399981 -0.0327309228
0.125026845 0.914399981 -0.0327347979
0.129789245 0.914399982 -0.0327223088
0.134788963 0.914399981 -0.0327000006
0.140037852 0.914399982 -0.0326727292
0.145270991 0.914399981 -0.0326286173
0.150503578 0.914399981 -0.0325817357
0.155735697 0.914399982 -0.0325177409
0.160967358 0.914399982 -0.0324462461
0.16619843 0.914399981 -0.0323554249
0.17142899 0.914399982 -0.0322542478
0.176659332 0.914399981 -0.0321520382
0.181889229 0.914399981 -0.0320314231
0.187118562 0.914399982 -0.0318928914
0.192347238 0.914399982 -0.0317369882
0.197575248 0.914399982 -0.0315647149
0.202803248 0.914399982 -0.0313957029
0.208030762 0.914399982 -0.031212694
0.213257677 0.914399982 -0.0310138792
0.218483953 0.914399981 -0.0307998364
0.223709571 0.914399981 -0.030571121
0.228934512 0.914399981 -0.0303282304
0.234158836 0.914399981 -0.0300729994
0.239382794 0.914399981 -0.0298107547
0.244606074 0.914399981 -0.0295354253
0.249828665 0.914399981 -0.0292474456
0.25505056 0.914399981 -0.0289472251
0.260271771 0.914399981 -0.0286354149
0.26549241 0.914399981 -0.0283142147
0.270712347 0.914399981 -0.0279818008
0.27593158 0.914399981 -0.0276385094
0.281150106 0.914399981 -0.0272846507
0.286367928 0.914399981 -0.0269205391
0.291585044 0.914399981 -0.0265464598
0.296801456 0.914399981 -0.026162682
0.302017166 0.914399981 -0.0257694719
0.307232175 0.914399981 -0.0253670784
0.312446485 0.914399981 -0.0249557254
0.317660098 0.914399981 -0.0245356365
0.322873017 0.914399981 -0.0241070091
0.328085242 0.914399981 -0.0236700382
0.333296778 0.914399981 -0.0232249173
0.338507627 0.914399981 -0.0227718193
0.34371779 0.914399981 -0.0223109097
0.348927269 0.914399981 -0.0218423359
0.354136066 0.914399981 -0.0213662287
0.359344173 0.914399981 -0.0208826349
0.364551604 0.914399981 -0.0203918252
0.369758349 0.914399981 -0.0198937765
0.374964418 0.914399981 -0.0193887171
0.380169806 0.914399981 -0.0188766914
0.385374495 0.914399981 -0.0183576092
0.3905785 0.914399981 -0.017831701
0.395781816 0.914399981 -0.0172990344
0.400984437 0.914399981 -0.0167596155
0.406186358 0.914399981 -0.0162134847
0.411387572 0.914399981 -0.0156606622
0.41658807 0.914399981 -0.0151011432
0.421787847 0.914399981 -0.0145349606
0.426986892 0.914399981 -0.0139621037
0.432185198 0.914399981 -0.0133825758
0.437382758 0.914399981 -0.0127963907
0.44257956 0.914399981 -0.0122035309
0.447775593 0.914399981 -0.0116039653
0.452970829 0.914399981 -0.010997525
0.458165277 0.914399981 -0.0103843836
0.463358895 0.914399981 -0.00976424091
0.468551685 0.914399981 -0.0091372075
0.473743625 0.914399981 -0.00850317901
0.478934691 0.914399981 -0.00786202568
0.484124864 0.914399981 -0.00721368846
0.489314124 0.914399981 -0.00655808534
0.494502443 0.914399981 -0.0058950711
0.4996898 0.914399981 -0.00522457041
0.504876154 0.914399981 -0.00454636301
0.510061507 0.914399981 -0.00386053955
0.515245806 0.914399981 -0.00316679127
0.520429033 0.914399981 -0.00246508118
0.525611137 0.914399981 -0.00175512585
0.529475706 0.914399981 -0.00122013781
0.53189073 0.914399981 -0.000883384809
0.533400004 0.914399981 -0.000672082119

