TITLE = "TC_NACA0012_3933_L3_finalIceShape_V1 | NACA0012 coordinates rotated +4 degrees about X=0.13335 m"
AUXDATA NUM_LAYERS = "insert the number of total ice layers"
VARIABLES = "X_ICED" "Y_ICED" "Z_ICED"

ZONE T="SLICE_Y_0p9144_BINS01_KS_0p1mm_SINGLE_LAYER"
0.533399991503 0.9143999815 0.00067208485357
0.532685608844 0.9143999815 0.000772191102154
0.532685608844 0.9143999815 0.000772191102154
0.531542579784 0.9143999815 0.000932088788262
0.531542579784 0.9143999815 0.000932088788262
0.529713601266 0.9143999815 0.00118707899965
0.529713601266 0.9143999815 0.00118707899965
0.526786920955 0.9143999815 0.00159289889824
0.526786920825 0.9143999815 0.00159290075371
0.522103443393 0.9143999815 0.00223657601377
0.522103443263 0.9143999815 0.00223657787922
0.514607953966 0.9143999815 0.00325263786793
0.514607953706 0.9143999815 0.00325264158884
0.506371592658 0.9143999815 0.00434943565088
0.506371592527 0.9143999815 0.00434943751632
0.498132655432 0.9143999815 0.00542667743948
0.498132625445 0.9143999815 0.00542667908165
0.489891177866 0.9143999815 0.0064847074239
0.48989114788 0.9143999815 0.0064847090561
0.481647329983 0.9143999815 0.00752408456595
0.481647329723 0.9143999815 0.00752408828687
0.473401260491 0.9143999815 0.00854524686598
0.473401230439 0.9143999815 0.00854524943589
0.465152951065 0.9143999815 0.00954845351708
0.465152921013 0.9143999815 0.00954845608698
0.456902496129 0.9143999815 0.0105340658761
0.456902495934 0.9143999815 0.0105340686693
0.448650028012 0.9143999815 0.0115023275473
0.44864999796 0.9143999815 0.0115023301073
0.44039552709 0.9143999815 0.0124535162845
0.44039552696 0.9143999815 0.0124535181429
0.432139164686 0.9143999815 0.0133877495766
0.432139134699 0.9143999815 0.0133877512138
0.423880844759 0.9143999815 0.0143051163969
0.423880814675 0.9143999815 0.0143051194277
0.415620714097 0.9143999815 0.0152056550201
0.415620684078 0.9143999815 0.0152056571211
0.407358738326 0.9143999815 0.0160894283916
0.407358708322 0.9143999815 0.0160894302612
0.399094955337 0.9143999815 0.0169563246813
0.399094955208 0.9143999815 0.0169563265388
0.390829436089 0.9143999815 0.0178061792703
0.390829435959 0.9143999815 0.0178061811284
0.382562215557 0.9143999815 0.018638923462
0.382562185553 0.9143999815 0.0186389253316
0.374293222845 0.9143999815 0.0194542866467
0.374293192858 0.9143999815 0.0194542882849
0.366022458982 0.9143999815 0.02025182837
0.366022458852 0.9143999815 0.0202518302285
0.357750055147 0.9143999815 0.0210313814722
0.357750025159 0.9143999815 0.0210313831094
0.349475890489 0.9143999815 0.0217925367556
0.349475860502 0.9143999815 0.0217925383927
0.341199981149 0.9143999815 0.0225346376294
0.341199981019 0.9143999815 0.0225346394879
0.33292236234 0.9143999815 0.0232571805475
0.33292236221 0.9143999815 0.023257182406
0.324643047565 0.9143999815 0.0239595437443
0.324643017708 0.9143999815 0.023959543521
0.316361937013 0.9143999815 0.0246410200455
0.31636190686 0.9143999815 0.0246410226084
0.308079053412 0.9143999815 0.0253008557597
0.308079053282 0.9143999815 0.0253008576151
0.299794428364 0.9143999815 0.0259381717698
0.299794428234 0.9143999815 0.0259381736353
0.291508037037 0.9143999815 0.0265520430303
0.291508036907 0.9143999815 0.0265520448858
0.283219892442 0.9143999815 0.0271414276208
0.283219892313 0.9143999815 0.0271414294762
0.27492998154 0.9143999815 0.0277052304339
0.274929951552 0.9143999815 0.027705232076
0.266638211622 0.9143999815 0.0282422154719
0.266638211493 0.9143999815 0.0282422173274
0.25834473277 0.9143999815 0.02875108803
0.25834473264 0.9143999815 0.0287510898855
0.250049498279 0.9143999815 0.0292303828511
0.250049468421 0.9143999815 0.0292303826279
0.241752491527 0.9143999815 0.0296786274187
0.241752476533 0.9143999815 0.0296786282348
0.233453800795 0.9143999815 0.0300941306215
0.233453770938 0.9143999815 0.0300941303982
0.225153428759 0.9143999815 0.0304751468238
0.225153413766 0.9143999815 0.0304751476399
0.21685148277 0.9143999815 0.0308197136439
0.216851467776 0.9143999815 0.03081971446
0.208548045127 0.9143999815 0.0311257997243
0.208548015269 0.9143999815 0.031125799511
0.200243192182 0.9143999815 0.0313910316094
0.200243162324 0.9143999815 0.0313910313961
0.191937043606 0.9143999815 0.0316130556638
0.191937028613 0.9143999815 0.0316130564799
0.183629842809 0.9143999815 0.0317892468223
0.183629812951 0.9143999815 0.031789246609
0.175535805655 0.9143999815 0.0319140995471
0.175535790661 0.9143999815 0.0319141003731
0.167826664401 0.9143999815 0.0319872579678
0.167826649537 0.9143999815 0.0319872569284
0.160484328782 0.9143999815 0.0320130026488
0.160484313788 0.9143999815 0.0320130034748
0.153491615455 0.9143999815 0.0319952556043
0.153491600592 0.9143999815 0.0319952545649
0.146832111011 0.9143999815 0.0319378190147
0.146832096017 0.9143999815 0.0319378198408
0.140490175078 0.9143999815 0.031844121555
0.140490160215 0.9143999815 0.0318441205156
0.134450908624 0.9143999815 0.0317176717177
0.1344508935 0.9143999815 0.0317176743992
0.128700076676 0.9143999815 0.0315614512347
0.128700061552 0.9143999815 0.0315614539162
0.123224137083 0.9143999815 0.0313785761537
0.12322412222 0.9143999815 0.0313785751144
0.11801014884 0.9143999815 0.0311717900392
0.118010133976 0.9143999815 0.0311717889998
0.113045781341 0.9143999815 0.0309436513537
0.113045766477 0.9143999815 0.0309436503143
0.108319260637 0.9143999815 0.0306967687026
0.108319245773 0.9143999815 0.0306967676632
0.103819394134 0.9143999815 0.030433126574
0.10381937927 0.9143999815 0.0304331255346
0.099535464707 0.9143999815 0.0301550676459
0.0995354572253 0.9143999815 0.0301550671227
0.0954572901061 0.9143999815 0.0298645462609
0.0954572826742 0.9143999815 0.0298645457412
0.0915751312609 0.9143999815 0.0295633759536
0.091575123829 0.9143999815 0.0295633754339
0.0878797232639 0.9143999815 0.029253317546
0.087879715832 0.9143999815 0.0292533170263
0.0878797009683 0.9143999815 0.0292533159869
0.0840469860891 0.9143999815 0.0289062083954
0.0802168093739 0.9143999815 0.0285320956942
0.0802168019421 0.9143999815 0.0285320951746
0.0763895241976 0.9143999815 0.0281294490794
0.0763895093339 0.9143999815 0.02812944804
0.0725655258753 0.9143999815 0.0276965671723
0.0725655184434 0.9143999815 0.0276965666526
0.0687452824908 0.9143999815 0.0272317760972
0.068745275059 0.9143999815 0.0272317755775
0.0649293425818 0.9143999815 0.0267328922392
0.0649293351499 0.9143999815 0.0267328917195
0.0611183373283 0.9143999815 0.0261976182808
0.0611183300262 0.9143999815 0.0261976159056
0.057312995846 0.9143999815 0.0256234844965
0.057312984823 0.9143999815 0.0256234818612
0.0535142327567 0.9143999815 0.0250072909824
0.0535142217437 0.9143999815 0.0250072883478
0.0497231199606 0.9143999815 0.0243456714703
0.0497231088178 0.9143999815 0.0243456706911
0.0459409487929 0.9143999815 0.0236346849692
0.0459409414908 0.9143999815 0.023634682594
0.0421694188884 0.9143999815 0.0228693043537
0.0421694078754 0.9143999815 0.0228693017191
0.0384104796694 0.9143999815 0.0220442417477
0.038410472368 0.9143999815 0.0220442393626
0.0346668712079 0.9143999815 0.0211522479704
0.0346668600551 0.9143999815 0.0211522471905
0.0309419445544 0.9143999815 0.0201851867495
0.0309419335414 0.9143999815 0.0201851841149
0.0272403866945 0.9143999815 0.0191322125236
0.0272403775369 0.9143999815 0.0191322100187
0.0235685398579 0.9143999815 0.0179799030181
0.0235685288455 0.9143999815 0.0179799003735
0.0199356323112 0.9143999815 0.0167101456932
0.0199356232834 0.9143999815 0.0167101413328
0.0163549320289 0.9143999815 0.0152998207673
0.0163549230011 0.9143999815 0.0152998164069
0.0128491843423 0.9143999815 0.0137123047617
0.0128491753145 0.9143999815 0.0137123004013
0.00945334098213 0.9143999815 0.0119015003048
0.00945333288204 0.9143999815 0.0119014960093
0.00468721216267 0.9143999815 0.0118688924238
0.00468716186442 0.9143999815 0.0118688907711
0.00415365219072 0.9143999815 0.0122025898919
-0.00834113343959 0.9143999815 0.0200178078242
-0.00834195104676 0.9143999815 0.0200167031599
-0.0115810402141 0.9143999815 0.0156378960374
-0.0115812343543 0.9143999815 0.0156370142168
-0.0120712925652 0.9143999815 0.0134538657842
-0.0128008088257 0.9143999815 0.0102039920132
-0.0128010883084 0.9143999815 0.0102026616969
-0.0120040238106 0.9143999815 0.00479802470147
-0.0120040033858 0.9143999815 0.00479787955266
-0.00907165976849 0.9143999815 -2.48192908974e-06
-0.00907165142608 0.9143999815 -2.4944165719e-06
-0.00890184152206 0.9143999815 -0.000218405626316
-0.00633632640699 0.9143999815 -0.00348044994957
-0.00633622470115 0.9143999815 -0.00348054926787
-0.00556692648623 0.9143999815 -0.00428557129834
-0.00387558303129 0.9143999815 -0.00605546549835
-0.00387536427264 0.9143999815 -0.00605568336724
-0.00253876458881 0.9143999815 -0.0075402673294
-0.00167155228205 0.9143999815 -0.00850349573759
-0.0016714434343 0.9143999815 -0.00850365214746
0.000295270551468 0.9143999815 -0.0113554707553
0.000295300712873 0.9143999815 -0.0113555211612
0.00103211717007 0.9143999815 -0.0125935273061
0.00247574711816 0.9143999815 -0.0150191260572
0.00247580650449 0.9143999815 -0.015019226
0.00529570944734 0.9143999815 -0.0191398747597
0.00529608577363 0.9143999815 -0.0191404300712
0.00686627892469 0.9143999815 -0.0205880996142
0.00876178596726 0.9143999815 -0.0223356972369
0.00876240636969 0.9143999815 -0.0223360581089
0.0125991185199 0.9143999815 -0.0245766665982
0.0126000943981 0.9143999815 -0.024577057687
0.0165993568895 0.9143999815 -0.0261875956476
0.0166000441543 0.9143999815 -0.0261877977888
0.0206493247483 0.9143999815 -0.0273889083884
0.0206501476707 0.9143999815 -0.0273890879817
0.0247268399811 0.9143999815 -0.0282684968675
0.0247276591855 0.9143999815 -0.0282678756895
0.0300892699713 0.9143999815 -0.0241500632032
0.0300896605314 0.9143999815 -0.0241500676299
0.0341290128713 0.9143999815 -0.0242899640451
0.0341291633476 0.9143999815 -0.0242899796665
0.0367671839691 0.9143999815 -0.0245516753177
0.0380668446535 0.9143999815 -0.0246806020804
0.0380669197619 0.9143999815 -0.0246806080356
0.0419878323592 0.9143999815 -0.0250422665309
0.0419878736293 0.9143999815 -0.0250422692487
0.0458970662351 0.9143999815 -0.0253684994577
0.0458971075052 0.9143999815 -0.0253685021754
0.0498003929246 0.9143999815 -0.0256496680846
0.0498004004869 0.9143999815 -0.0256496694303
0.0536902807221 0.9143999815 -0.0259313339324
0.0536902919954 0.9143999815 -0.0259313350187
0.0575725624512 0.9143999815 -0.0262012100436
0.0575725737237 0.9143999815 -0.0262012111199
0.0614458701204 0.9143999815 -0.0264771696125
0.0614458775522 0.9143999815 -0.0264771690928
0.0653079488488 0.9143999815 -0.0267930806324
0.0653079637125 0.9143999815 -0.0267930795931
0.069144433046 0.9143999815 -0.0272819283718
0.0691444480395 0.9143999815 -0.0272819291879
0.0729840110463 0.9143999815 -0.0277454870855
0.0729840186079 0.9143999815 -0.0277454884213
0.0768273161203 0.9143999815 -0.0281770055433
0.0768273236819 0.9143999815 -0.0281770068791
0.0806738949925 0.9143999815 -0.0285782257876
0.0806739025548 0.9143999815 -0.0285782271333
0.0845233572472 0.9143999815 -0.0289508275942
0.0845233648088 0.9143999815 -0.0289508289299
0.0883753521468 0.9143999815 -0.0292963105622
0.0883753597084 0.9143999815 -0.029296311898
0.0921723032503 0.9143999815 -0.0296113683672
0.0921723106822 0.9143999815 -0.0296113678476
0.092172318114 0.9143999815 -0.0296113673279
0.0961611551967 0.9143999815 -0.0299165734955
0.0961611626286 0.9143999815 -0.0299165729758
0.10035140378 0.9143999815 -0.0302101528247
0.100351418774 0.9143999815 -0.0302101536408
0.104753058728 0.9143999815 -0.0304902057919
0.10475306611 0.9143999815 -0.0304902052757
0.109376588166 0.9143999815 -0.0307545533394
0.10937660303 0.9143999815 -0.0307545523
0.114232957442 0.9143999815 -0.0310011814071
0.114232972435 0.9143999815 -0.0310011822232
0.119333708157 0.9143999815 -0.0312274549246
0.119333723021 0.9143999815 -0.0312274538853
0.124690889013 0.9143999815 -0.0314310451043
0.124690904007 0.9143999815 -0.0314310459204
0.130317180966 0.9143999815 -0.0316090542187
0.13031719583 0.9143999815 -0.0316090531794
0.136225844185 0.9143999815 -0.0317587494681
0.136225859049 0.9143999815 -0.0317587484287
0.142430802766 0.9143999815 -0.0318769594814
0.14243081763 0.9143999815 -0.0318769584421
0.148946665805 0.9143999815 -0.0319604818187
0.148946680669 0.9143999815 -0.0319604807793
0.155788723221 0.9143999815 -0.0320058124934
0.155788738085 0.9143999815 -0.032005811454
0.162973044172 0.9143999815 -0.0320092660303
0.162973059036 0.9143999815 -0.0320092649909
0.170516479419 0.9143999815 -0.0319670164396
0.170516509406 0.9143999815 -0.0319670180718
0.178436646747 0.9143999815 -0.0318748815995
0.178436661611 0.9143999815 -0.0318748805602
0.186668492702 0.9143999815 -0.0317302927522
0.186668522429 0.9143999815 -0.0317302906734
0.194899386645 0.9143999815 -0.0315389786032
0.194899416373 0.9143999815 -0.0315389765245
0.203129125745 0.9143999815 -0.0313035935477
0.203129140608 0.9143999815 -0.0313035925083
0.211357586414 0.9143999815 -0.031026640804
0.211357601278 0.9143999815 -0.0310266397647
0.219584615353 0.9143999815 -0.0307104165294
0.219584645081 0.9143999815 -0.0307104144507
0.227810153051 0.9143999815 -0.0303570572295
0.227810167915 0.9143999815 -0.0303570561901
0.236034083313 0.9143999815 -0.0299685353143
0.23603411304 0.9143999815 -0.0299685332355
0.244256385714 0.9143999815 -0.0295466932567
0.244256400578 0.9143999815 -0.0295466922173
0.252476985165 0.9143999815 -0.0290932354665
0.252477014892 0.9143999815 -0.0290932333878
0.260695901884 0.9143999815 -0.0286097326897
0.260695931611 0.9143999815 -0.028609730611
0.268913058435 0.9143999815 -0.0280976393008
0.268913088163 0.9143999815 -0.028097637222
0.277128488974 0.9143999815 -0.0275583010151
0.277128518701 0.9143999815 -0.0275582989364
0.285342188194 0.9143999815 -0.026992920683
0.285342217922 0.9143999815 -0.0269929186043
0.293554121282 0.9143999815 -0.0264027106763
0.293554151009 0.9143999815 -0.0264027085976
0.301764302843 0.9143999815 -0.0257887342762
0.301764302582 0.9143999815 -0.0257887305553
0.309972740887 0.9143999815 -0.0251519618577
0.309972770614 0.9143999815 -0.0251519597789
0.318179467733 0.9143999815 -0.0244932799458
0.318179497461 0.9143999815 -0.0244932778671
0.326384480899 0.9143999815 -0.0238135102857
0.326384510626 0.9143999815 -0.0238135082069
0.334587743272 0.9143999815 -0.0231134023415
0.334587743012 0.9143999815 -0.0231133986206
0.342789331097 0.9143999815 -0.0223936192403
0.342789360824 0.9143999815 -0.0223936171616
0.350989227176 0.9143999815 -0.0216547708973
0.350989256904 0.9143999815 -0.0216547688186
0.359187434366 0.9143999815 -0.0208973239
0.359187464093 0.9143999815 -0.0208973218212
0.367383928551 0.9143999815 -0.0201217878216
0.367383958279 0.9143999815 -0.0201217857428
0.375578741696 0.9143999815 -0.019328619746
0.375578771424 0.9143999815 -0.0193286176673
0.38377187074 0.9143999815 -0.0185182045443
0.383771900467 0.9143999815 -0.0185182024656
0.391963291671 0.9143999815 -0.0176906260355
0.391963291411 0.9143999815 -0.0176906223146
0.400153002248 0.9143999815 -0.0168462764917
0.400153002248 0.9143999815 -0.0168462764917
0.408340948433 0.9143999815 -0.0159852418515
0.408340948433 0.9143999815 -0.0159852418515
0.416527175844 0.9143999815 -0.0151077429809
0.416527175585 0.9143999815 -0.0151077392699
0.424711582369 0.9143999815 -0.0142136040545
0.424711612096 0.9143999815 -0.0142136019758
0.432894180998 0.9143999815 -0.0133030108589
0.432894210725 0.9143999815 -0.0133030087801
0.441074937166 0.9143999815 -0.012375894868
0.441074966894 0.9143999815 -0.0123758927893
0.449253783265 0.9143999815 -0.0114321450478
0.449253783265 0.9143999815 -0.0114321450478
0.457430668357 0.9143999815 -0.010471458744
0.457430698084 0.9143999815 -0.0104714566653
0.465605503159 0.9143999815 -0.00949384217992
0.465605532887 0.9143999815 -0.00949384010117
0.473778291155 0.9143999815 -0.00849891796328
0.473778320883 0.9143999815 -0.00849891588454
0.481948891964 0.9143999815 -0.00748638593534
0.481948921692 0.9143999815 -0.0074863838566
0.49011728314 0.9143999815 -0.00645592652344
0.490117312867 0.9143999815 -0.0064559244447
0.498283319005 0.9143999815 -0.00540716525728
0.498283318875 0.9143999815 -0.00540716340181
0.506446926047 0.9143999815 -0.00433947805463
0.506446985632 0.9143999815 -0.00433947575261
0.514607969114 0.9143999815 -0.00325264094766
0.514607968854 0.9143999815 -0.00325263723672
0.522103443849 0.9143999815 -0.00223656801851
0.522103443849 0.9143999815 -0.00223656801851
0.526786885127 0.9143999815 -0.00159289802218
0.526786885127 0.9143999815 -0.00159289802218
0.529713572475 0.9143999815 -0.00118707453742
0.529713572475 0.9143999815 -0.00118707453742
0.531542560526 0.9143999815 -0.000932084978745
0.531542560526 0.9143999815 -0.000932084978745
0.53268563395 0.9143999815 -0.000772190933553
0.53268563395 0.9143999815 -0.000772190933553
0.533399997733 0.9143999815 -0.000672083067382
