TITLE = "TC_NACA0012_3933_L2_finalIceShape_V1 | NACA0012 coordinates rotated +4 degrees about X=0.13335 m"
AUXDATA NUM_LAYERS = "insert the number of total ice layers"
VARIABLES = "X_ICED" "Y_ICED" "Z_ICED"

ZONE T="SLICE_Y_0p9144_BINS15_KS_XXmm_SINGLE_LAYER"
0.533400050958 0.9144000411 0.000672089011056
0.533400024068 0.9144000411 0.000616078797204
0.533399996948 0.9144000411 0.000560070431846
0.533399969928 0.9144000411 0.000504062073463
0.533400002362 0.9144000411 0.000448057872567
0.533399975343 0.9144000411 0.000392049504208
0.533399948322 0.9144000411 0.000336041145826
0.533399980887 0.9144000411 0.00028003508946
0.533399953866 0.9144000411 0.000224026731077
0.533399986301 0.9144000411 0.00016802253018
0.533399959411 0.9144000411 0.000112012306353
0.533399991846 0.9144000411 5.6008105456e-05
0.533399964826 0.9144000411 -2.52926665723e-10
0.53339999726 0.9144000411 -5.60044538235e-05
0.53339997037 0.9144000411 -0.000112014677651
0.533400002805 0.9144000411 -0.000168018878548
0.533399975785 0.9144000411 -0.00022402723693
0.533400008349 0.9144000411 -0.000280033293296
0.533399981329 0.9144000411 -0.000336041651679
0.533399954308 0.9144000411 -0.000392050010062
0.533399986874 0.9144000411 -0.000448056076403
0.533399959853 0.9144000411 -0.000504064434786
0.533400051872 0.9144000411 -0.000560066333666
0.533399965397 0.9144000411 -0.000616078849534
0.533399997733 0.9144000411 -0.000672083067382
0.533221422658 0.9144000411 -0.000697123391897
0.533042788257 0.9144000411 -0.000722169729366
0.532757051726 0.9144000411 -0.00076217043195
0.532471315093 0.9144000411 -0.000802171131535
0.532014097734 0.9144000411 -0.000866127907748
0.531556880405 0.9144000411 -0.000930086546407
0.530825265357 0.9144000411 -0.00103214201428
0.530093650539 0.9144000411 -0.00113419934062
0.528923094994 0.9144000411 -0.00129669851758
0.527752420669 0.9144000411 -0.00145920785501
0.525879155038 0.9144000411 -0.00171757742509
0.524005830083 0.9144000411 -0.00197595301809
0.522139510867 0.9144000411 -0.00223112567319
0.520273191883 0.9144000411 -0.00248630019673
0.518406602908 0.9144000411 -0.00273932390461
0.516539954608 0.9144000411 -0.00299235363542
0.514672983331 0.9144000411 -0.00324332776871
0.512806131352 0.9144000411 -0.00349429915343
0.510938953407 0.9144000411 -0.00374317220498
0.509071775461 0.9144000411 -0.00399204525653
0.507204276747 0.9144000411 -0.00423889429344
0.505336837617 0.9144000411 -0.0044857410383
0.503469142759 0.9144000411 -0.00473063949595
0.501601388477 0.9144000411 -0.00497554398352
0.499733460864 0.9144000411 -0.0052183954811
0.497865444198 0.9144000411 -0.00546125507038
0.495997260755 0.9144000411 -0.00570215828773
0.494129018219 0.9144000411 -0.00594306938648
0.492260548124 0.9144000411 -0.0061820078337
0.49039204859 0.9144000411 -0.00642095393305
0.488523354962 0.9144000411 -0.00665797732809
0.486654601781 0.9144000411 -0.00689500489757
0.484785656094 0.9144000411 -0.00713013391077
0.482916651312 0.9144000411 -0.00736527079539
0.481047483653 0.9144000411 -0.00759850706194
0.4791782568 0.9144000411 -0.00783175120689
0.47730883978 0.9144000411 -0.00806313024388
0.475439393392 0.9144000411 -0.00829451507355
0.473569757258 0.9144000411 -0.00852404224407
0.471700091657 0.9144000411 -0.00875357521424
0.4698302098 0.9144000411 -0.00898129717817
0.467960327685 0.9144000411 -0.00920901544113
0.466090196727 0.9144000411 -0.0094348838964
0.464220095757 0.9144000411 -0.00966075400383
0.462349778791 0.9144000411 -0.00988481682592
0.460479462085 0.9144000411 -0.0101088833589
0.458608932922 0.9144000411 -0.0103311946565
0.456738374651 0.9144000411 -0.0105535154577
0.454867627514 0.9144000411 -0.0107739897456
0.452996880636 0.9144000411 -0.0109944677443
0.451125954147 0.9144000411 -0.0112132330101
0.449254968563 0.9144000411 -0.0114320061472
0.447383824619 0.9144000411 -0.011648941845
0.445512651368 0.9144000411 -0.0118658870504
0.443641328172 0.9144000411 -0.0120811137192
0.441769946042 0.9144000411 -0.0122963519872
0.439898381181 0.9144000411 -0.0125098329211
0.438026816941 0.9144000411 -0.0127233212898
0.43615506867 0.9144000411 -0.0129350337498
0.434283290933 0.9144000411 -0.0131467520094
0.432411334304 0.9144000411 -0.0133567649639
0.430539377575 0.9144000411 -0.0135667779153
0.428667241694 0.9144000411 -0.0137750818507
0.426795076245 0.9144000411 -0.0139833915827
0.424922755036 0.9144000411 -0.0141899010346
0.423050404359 0.9144000411 -0.0143964162762
0.42117787453 0.9144000411 -0.0146012224917
0.41930534512 0.9144000411 -0.014806036146
0.41743263542 0.9144000411 -0.0150091259175
0.415559895733 0.9144000411 -0.0152122140569
0.413687006261 0.9144000411 -0.0154135873874
0.411814116889 0.9144000411 -0.015614960701
0.409941017139 0.9144000411 -0.0158146085065
0.408067917389 0.9144000411 -0.0160142563021
0.406194666296 0.9144000411 -0.0162121670033
0.404321385734 0.9144000411 -0.0164100834842
0.402447923843 0.9144000411 -0.0166062612286
0.400574461692 0.9144000411 -0.016802435252
0.398700845858 0.9144000411 -0.0169968387228
0.396827200557 0.9144000411 -0.0171912479832
0.394953373046 0.9144000411 -0.0173839073614
0.393079575622 0.9144000411 -0.0175765683647
0.39120556636 0.9144000411 -0.0177674815475
0.389331557358 0.9144000411 -0.0179583984512
0.387457394155 0.9144000411 -0.0181475373704
0.385583201484 0.9144000411 -0.0183366820793
0.383708853991 0.9144000411 -0.0185240413687
0.381834477391 0.9144000411 -0.0187114101718
0.379959975276 0.9144000411 -0.018896984038
0.378085413607 0.9144000411 -0.0190825620686
0.376210725744 0.9144000411 -0.0192663340125
0.374336008674 0.9144000411 -0.0194501154669
0.372461104457 0.9144000411 -0.0196320764315
0.370586200599 0.9144000411 -0.0198140411
0.368711167329 0.9144000411 -0.0199941550877
0.366836104492 0.9144000411 -0.0201742748821
0.364960851069 0.9144000411 -0.0203525221396
0.363085597545 0.9144000411 -0.0205307693941
0.361210183164 0.9144000411 -0.0207071420431
0.359334768943 0.9144000411 -0.0208835184099
0.357459162837 0.9144000411 -0.0210580036653
0.35558355663 0.9144000411 -0.0212324889177
0.353707791124 0.9144000411 -0.0214051218501
0.351832025259 0.9144000411 -0.0215777510786
0.349956091779 0.9144000411 -0.0217484090674
0.348080128731 0.9144000411 -0.0219190728529
0.346203967562 0.9144000411 -0.0220877563347
0.34432783628 0.9144000411 -0.0222564414657
0.342451566231 0.9144000411 -0.0224231421326
0.340575236827 0.9144000411 -0.0225898469499
0.338698766997 0.9144000411 -0.0227545450146
0.33682226744 0.9144000411 -0.0229192451579
0.334945625318 0.9144000411 -0.0230819050963
0.333068953628 0.9144000411 -0.0232445708313
0.331192105129 0.9144000411 -0.0234051352713
0.329315256989 0.9144000411 -0.0235657034252
0.327438262447 0.9144000411 -0.0237241793551
0.325561208449 0.9144000411 -0.0238826594325
0.323684035797 0.9144000411 -0.0240390154828
0.321806832998 0.9144000411 -0.024195366163
0.31992947652 0.9144000411 -0.0243495205733
0.318052060067 0.9144000411 -0.0245036717092
0.316174520283 0.9144000411 -0.0246556319113
0.314296980498 0.9144000411 -0.0248075921134
0.312419224561 0.9144000411 -0.024957315595
0.310541469244 0.9144000411 -0.0251070465114
0.30866358114 0.9144000411 -0.0252544527078
0.30678563384 0.9144000411 -0.0254018667825
0.304907554894 0.9144000411 -0.0255469710138
0.30302944596 0.9144000411 -0.025692073603
0.301151170974 0.9144000411 -0.0258348015308
0.299272866359 0.9144000411 -0.0259775315304
0.297394391695 0.9144000411 -0.0261178311318
0.295515947018 0.9144000411 -0.0262581323754
0.293637332131 0.9144000411 -0.0263959994928
0.291758627801 0.9144000411 -0.0265338691256
0.289879834127 0.9144000411 -0.0266691794864
0.288000980999 0.9144000411 -0.0268044940046
0.286121980112 0.9144000411 -0.0269372682721
0.284242978965 0.9144000411 -0.0270700388187
0.282363765667 0.9144000411 -0.0272002026644
0.280484581935 0.9144000411 -0.0273303607034
0.278605180757 0.9144000411 -0.02745783773
0.276725809044 0.9144000411 -0.027585308947
0.274846279179 0.9144000411 -0.0277100912762
0.272966689599 0.9144000411 -0.0278348740419
0.271086961198 0.9144000411 -0.0279568171741
0.26920720307 0.9144000411 -0.0280787623851
0.267327278212 0.9144000411 -0.0281978960577
0.265447353454 0.9144000411 -0.0283170297233
0.263567224345 0.9144000411 -0.0284332424585
0.261687125222 0.9144000411 -0.028549456826
0.259806847417 0.9144000411 -0.0286626887025
0.257926539624 0.9144000411 -0.0287759189469
0.256046081057 0.9144000411 -0.0288861386151
0.254165592863 0.9144000411 -0.0289963603651
0.252284957742 0.9144000411 -0.0291034144077
0.2504043075 0.9144000411 -0.0292104657888
0.248523482263 0.9144000411 -0.0293143738398
0.246642642523 0.9144000411 -0.0294182866441
0.244761633198 0.9144000411 -0.0295189213127
0.242880623614 0.9144000411 -0.0296195522603
0.240999439867 0.9144000411 -0.0297168381786
0.239118256221 0.9144000411 -0.0298141240898
0.237236910836 0.9144000411 -0.029908030481
0.235355550429 0.9144000411 -0.0300019341936
0.233474030414 0.9144000411 -0.0300922752513
0.231592495896 0.9144000411 -0.0301826210624
0.229710802291 0.9144000411 -0.0302694116605
0.227829093402 0.9144000411 -0.0303561958591
0.225947247878 0.9144000411 -0.0304393187101
0.224065372466 0.9144000411 -0.0305224399119
0.222183349764 0.9144000411 -0.0306017473982
0.220301312299 0.9144000411 -0.0306810559268
0.218419141207 0.9144000411 -0.0307565311089
0.216536940648 0.9144000411 -0.0308320120807
0.214654611352 0.9144000411 -0.0309035174683
0.212772252429 0.9144000411 -0.0309750249377
0.21088978602 0.9144000411 -0.0310424320867
0.209007275021 0.9144000411 -0.0311098423539
0.207124652898 0.9144000411 -0.0311731002877
0.205242001308 0.9144000411 -0.0312363640111
0.203359244364 0.9144000411 -0.0312953442995
0.201476457271 0.9144000411 -0.0313543192178
0.199593569194 0.9144000411 -0.0314088610216
0.197710636266 0.9144000411 -0.0314634022226
0.195827612738 0.9144000411 -0.0315134423491
0.193944574507 0.9144000411 -0.0315634872429
0.192061451445 0.9144000411 -0.0316088999604
0.190178283792 0.9144000411 -0.0316543157961
0.188295019934 0.9144000411 -0.0316949396697
0.186411756436 0.9144000411 -0.0317355672572
0.184528401821 0.9144000411 -0.0317712606111
0.182645032604 0.9144000411 -0.0318069587353
0.180761610624 0.9144000411 -0.0318376303157
0.178878143893 0.9144000411 -0.0318683012962
0.176994628251 0.9144000411 -0.0318937886415
0.175111097484 0.9144000411 -0.0319192732953
0.173227508131 0.9144000411 -0.0319394330848
0.171343918778 0.9144000411 -0.0319595928743
0.169460273647 0.9144000411 -0.0319742558046
0.167576628517 0.9144000411 -0.0319889187448
0.165692974072 0.9144000411 -0.031997894862
0.163809275036 0.9144000411 -0.0320068740973
0.161925586376 0.9144000411 -0.0320100194879
0.160041882494 0.9144000411 -0.0320131622138
0.158158196265 0.9144000411 -0.0320105751608
0.156274494912 0.9144000411 -0.0320079854263
0.154390803635 0.9144000411 -0.0320025493755
0.152507098275 0.9144000411 -0.0319971255268
0.150623391659 0.9144000411 -0.0319882661168
0.148739670441 0.9144000411 -0.031979411477
0.146855985588 0.9144000411 -0.0319646688878
0.144972270848 0.9144000411 -0.0319499246594
0.143088578131 0.9144000411 -0.0319293009627
0.141204900178 0.9144000411 -0.0319086762336
0.139321249437 0.9144000411 -0.0318820297776
0.137437598595 0.9144000411 -0.0318553833187
0.135554015821 0.9144000411 -0.0318222342715
0.13367040316 0.9144000411 -0.0317890835852
0.131786901079 0.9144000411 -0.0317493974453
0.129903369271 0.9144000411 -0.0317097133941
0.128019956539 0.9144000411 -0.0316634018121
0.126136521432 0.9144000411 -0.0316170899303
0.124316872402 0.9144000411 -0.0315656903032
0.122497200767 0.9144000411 -0.0315142885377
0.120764312719 0.9144000411 -0.0314590962417
0.119031409577 0.9144000411 -0.0314039031265
0.117381143224 0.9144000411 -0.0313460721146
0.115730854365 0.9144000411 -0.0312882389374
0.114159259423 0.9144000411 -0.031228204147
0.112587649518 0.9144000411 -0.0311681704029
0.111091030268 0.9144000411 -0.0311056319638
0.109594396025 0.9144000411 -0.0310430927186
0.108169198362 0.9144000411 -0.0309784914967
0.106743970612 0.9144000411 -0.0309138886495
0.105386748146 0.9144000411 -0.0308480332524
0.104029510817 0.9144000411 -0.0307821789046
0.102736984317 0.9144000411 -0.0307161295525
0.101444450026 0.9144000411 -0.0306500770162
0.100213550539 0.9144000411 -0.0305840595086
0.0989826363176 0.9144000411 -0.0305180449059
0.0978104438821 0.9144000411 -0.0304517424774
0.0966382365829 0.9144000411 -0.0303854410882
0.0955219830053 0.9144000411 -0.0303187859129
0.0944057072519 0.9144000411 -0.0302521341529
0.0933427953914 0.9144000411 -0.0301846206968
0.0922798613658 0.9144000411 -0.0301171106652
0.0912676857358 0.9144000411 -0.0300498229886
0.09025548794 0.9144000411 -0.0299825387264
0.0892913293612 0.9144000411 -0.0299186731557
0.0883271783432 0.9144000411 -0.0298548089108
0.0873636319242 0.9144000411 -0.0297889101051
0.086400100508 0.9144000411 -0.0297230121048
0.0854366454001 0.9144000411 -0.0296543602733
0.0844732051552 0.9144000411 -0.0295857073925
0.0835098346699 0.9144000411 -0.0295144206295
0.0825464641747 0.9144000411 -0.0294431338672
0.0815831809627 0.9144000411 -0.0293690364798
0.0806199053117 0.9144000411 -0.0292949404182
0.0796567174901 0.9144000411 -0.0292179347422
0.0786935372202 0.9144000411 -0.0291409304027
0.0777304522361 0.9144000411 -0.0290609094781
0.0767673819859 0.9144000411 -0.0289808856588
0.0758044151193 0.9144000411 -0.0288977476016
0.074841455825 0.9144000411 -0.0288146108895
0.0738785558845 0.9144000411 -0.0287286916289
0.0729156708183 0.9144000411 -0.0286427713382
0.0719527097665 0.9144000411 -0.0285551236
0.0709897634486 0.9144000411 -0.0284674729671
0.0700266504209 0.9144000411 -0.0283785064176
0.0690635522668 0.9144000411 -0.0282895388282
0.0681003944445 0.9144000411 -0.0281982227401
0.0671372367626 0.9144000411 -0.0281069085168
0.0661741017433 0.9144000411 -0.0280125006366
0.0652109668537 0.9144000411 -0.0279180946119
0.0642478863432 0.9144000411 -0.0278202472811
0.0632848135248 0.9144000411 -0.0277224031515
0.0623217868264 0.9144000411 -0.0276210529341
0.0613587751121 0.9144000411 -0.0275197035434
0.0603957675517 0.9144000411 -0.0274147819212
0.0594327749748 0.9144000411 -0.0273098611158
0.0584697632634 0.9144000411 -0.0272014089128
0.0575067625651 0.9144000411 -0.0270929540752
0.0565435594391 0.9144000411 -0.0269818713168
0.0555803711769 0.9144000411 -0.026870787519
0.0546166488753 0.9144000411 -0.0267587421114
0.0536529414381 0.9144000411 -0.0266466956745
0.0526886951008 0.9144000411 -0.026533297717
0.0517244597773 0.9144000411 -0.026419897135
0.0507598622558 0.9144000411 -0.0263035063545
0.049795279598 0.9144000411 -0.0261871145348
0.0488303163598 0.9144000411 -0.0260671493785
0.0478653718359 0.9144000411 -0.0259471847781
0.0469000074255 0.9144000411 -0.0258234049939
0.045934657739 0.9144000411 -0.0256996223156
0.0449688444308 0.9144000411 -0.0255717194112
0.044003046106 0.9144000411 -0.0254438173236
0.0429438227027 0.9144000411 -0.0257554578137
0.0418880468493 0.9144000411 -0.0260507134723
0.0407169623686 0.9144000411 -0.0268344294388
0.0395443040542 0.9144000411 -0.0276260790063
0.0385376610275 0.9144000411 -0.0276023974069
0.0375291415415 0.9144000411 -0.0275873950249
0.0365597858494 0.9144000411 -0.0273840008518
0.0355904377296 0.9144000411 -0.0271806080238
0.0346213369891 0.9144000411 -0.026967615465
0.0336522516313 0.9144000411 -0.0267546292887
0.0326833458521 0.9144000411 -0.0265323020613
0.0317144514759 0.9144000411 -0.0263099777756
0.0307451534097 0.9144000411 -0.0260788629566
0.0297758651413 0.9144000411 -0.0258477549308
0.0288063640028 0.9144000411 -0.0256051113238
0.0278368705557 0.9144000411 -0.0253624709082
0.026868070687 0.9144000411 -0.0251052365608
0.0258992785102 0.9144000411 -0.0248480054147
0.0249310254712 0.9144000411 -0.0245770425605
0.0239627801243 0.9144000411 -0.0243060829075
0.0229937965643 0.9144000411 -0.0240227505705
0.0220248226916 0.9144000411 -0.0237394231597
0.0210555156169 0.9144000411 -0.0234391546642
0.0200862182187 0.9144000411 -0.0231388910857
0.0191179117319 0.9144000411 -0.0228178183647
0.0181496149324 0.9144000411 -0.02249675057
0.0171812013276 0.9144000411 -0.0221568164157
0.0162127946269 0.9144000411 -0.0218168873822
0.0152428430998 0.9144000411 -0.0214560679124
0.0142728985224 0.9144000411 -0.0210952545025
0.0133034201569 0.9144000411 -0.020704779848
0.0123339478132 0.9144000411 -0.0203143113184
0.0113623028173 0.9144000411 -0.0198984599139
0.0103906612573 0.9144000411 -0.0194826175919
0.00940570123777 0.9144000411 -0.0190527466456
0.00842074033476 0.9144000411 -0.0186228897572
0.00741672204202 0.9144000411 -0.0181741428529
0.0064126976808 0.9144000411 -0.0177254159798
0.00538829097498 0.9144000411 -0.0172440315611
0.00436385978961 0.9144000411 -0.0167626875984
0.00335695136435 0.9144000411 -0.0161924367842
0.00234999099979 0.9144000411 -0.0156222526195
0.00149772860225 0.9144000411 -0.0149434407856
0.000645376713742 0.9144000411 -0.0142647220349
-6.17765800917e-05 0.9144000411 -0.0135059310805
-0.000769113320108 0.9144000411 -0.0127472981275
-0.00143308076079 0.9144000411 -0.0120352218899
-0.00209986564052 0.9144000411 -0.0113255844667
-0.00246021073909 0.9144000411 -0.0104239697543
-0.00282170860033 0.9144000411 -0.00952274550593
-0.00408785636107 0.9144000411 -0.00926009227176
-0.00534911534219 0.9144000411 -0.00899385761803
-0.00672759397415 0.9144000411 -0.00860045356783
-0.00810635538038 0.9144000411 -0.00820725128467
-0.00867105787376 0.9144000411 -0.0072876350965
-0.00923628027128 0.9144000411 -0.00636822074368
-0.0101191041144 0.9144000411 -0.0054670273882
-0.0110016976341 0.9144000411 -0.0045657364705
-0.0117707870754 0.9144000411 -0.00349961623762
-0.0125398154606 0.9144000411 -0.0024334744632
-0.0131127806976 0.9144000411 -0.00121763257899
-0.0136857174173 0.9144000411 -1.78449841852e-06
-0.0139851891177 0.9144000411 0.00131142526476
-0.0142846449511 0.9144000411 0.00262463519517
-0.0143290179684 0.9144000411 0.00397663124437
-0.0143733862815 0.9144000411 0.00532862668024
-0.0141499783442 0.9144000411 0.0066612075602
-0.0139265740629 0.9144000411 0.00799378725224
-0.0134064404325 0.9144000411 0.00922314209679
-0.0128863239218 0.9144000411 0.0104525013579
-0.0121267561436 0.9144000411 0.0115293043657
-0.0113672069319 0.9144000411 0.012606119147
-0.0102444577842 0.9144000411 0.0133782096621
-0.00912026729204 0.9144000411 0.0141492339631
-0.00642564383769 0.9144000411 0.013424326405
-0.0037297085807 0.9144000411 0.0126980523048
-0.00156957200303 0.9144000411 0.0119702027002
0.000587823042503 0.9144000411 0.0112447791858
0.00161666100385 0.9144000411 0.0114963969823
0.00264551086071 0.9144000411 0.0117479931961
0.00366860203915 0.9144000411 0.0120092191623
0.00469169813008 0.9144000411 0.012270424922
0.00572834979311 0.9144000411 0.0125642909996
0.00676500182528 0.9144000411 0.0128581384374
0.00776388336586 0.9144000411 0.0131563578789
0.00876276155836 0.9144000411 0.0134545584109
0.00972764854397 0.9144000411 0.0137566558287
0.0106925288783 0.9144000411 0.014058741564
0.0116359984275 0.9144000411 0.0143638132522
0.0125794586713 0.9144000411 0.0146688712178
0.0135106129579 0.9144000411 0.0149737987354
0.0144417575393 0.9144000411 0.0152787181062
0.0153665099282 0.9144000411 0.0155804980026
0.01629125329 0.9144000411 0.0158822735287
0.0172131999857 0.9144000411 0.0161781156056
0.0181351359179 0.9144000411 0.0164739513362
0.0190559855035 0.9144000411 0.0167634802741
0.0199768243262 0.9144000411 0.0170530028557
0.0208978254754 0.9144000411 0.0173356113683
0.0218188175875 0.9144000411 0.0176182155099
0.0227408845626 0.9144000411 0.0178929517844
0.0236629385202 0.9144000411 0.0181676871386
0.0245864747359 0.9144000411 0.0184343627768
0.025509996348 0.9144000411 0.0187010336548
0.0264352846664 0.9144000411 0.018959421966
0.0273605655522 0.9144000411 0.0192178097675
0.0282873809983 0.9144000411 0.0194691255073
0.0292141852816 0.9144000411 0.0197204404666
0.0301411462598 0.9144000411 0.0199701288641
0.0310680979514 0.9144000411 0.0202198166022
0.0319961648281 0.9144000411 0.0204650917228
0.032924227984 0.9144000411 0.0207103665832
0.0338547871815 0.9144000411 0.0209460076212
0.0347853390869 0.9144000411 0.0211816462847
0.0357182022787 0.9144000411 0.0214079966896
0.0366510544667 0.9144000411 0.0216343444706
0.0375860151178 0.9144000411 0.0218519014265
0.0385209574437 0.9144000411 0.022069453372
0.0394578020785 0.9144000411 0.0222787060892
0.0403946431321 0.9144000411 0.0224879566915
0.0413332027655 0.9144000411 0.0226893993662
0.0422717515164 0.9144000411 0.0228908375408
0.0432118560324 0.9144000411 0.0230849269287
0.0441519532457 0.9144000411 0.0232790139515
0.045093499111 0.9144000411 0.0234660023754
0.0460350302331 0.9144000411 0.0236529878937
0.0469778903479 0.9144000411 0.0238332510926
0.0479207321382 0.9144000411 0.0240135092711
0.0488648004818 0.9144000411 0.0241873348501
0.0498088503912 0.9144000411 0.0243611572655
0.0507540235248 0.9144000411 0.024528849811
0.0516991855156 0.9144000411 0.0246965415773
0.0526453756332 0.9144000411 0.0248583955716
0.0535915547279 0.9144000411 0.0250202469305
0.0545386920535 0.9144000411 0.0251764591456
0.0554858182164 0.9144000411 0.0253326705801
0.0564338357646 0.9144000411 0.025483451065
0.0573818420395 0.9144000411 0.0256342326362
0.0583306768265 0.9144000411 0.0257797879706
0.0592794967491 0.9144000411 0.0259253422755
0.0602290900105 0.9144000411 0.026065871886
0.0611786686776 0.9144000411 0.0262063967469
0.0621289620595 0.9144000411 0.0263420944751
0.0630792480096 0.9144000411 0.0264777916836
0.0640301942817 0.9144000411 0.0266088521389
0.0649811259596 0.9144000411 0.0267399078446
0.065932681735 0.9144000411 0.0268664176316
0.0668842303287 0.9144000411 0.0269929231772
0.0678363669618 0.9144000411 0.0271150782048
0.068788474387 0.9144000411 0.0272372237217
0.069741148222 0.9144000411 0.0273551142946
0.0706937997607 0.9144000411 0.0274730033184
0.0716469603745 0.9144000411 0.0275868163746
0.0726001135566 0.9144000411 0.0277006289111
0.0735537457315 0.9144000411 0.0278104754195
0.0745073553515 0.9144000411 0.0279203240797
0.0754614300268 0.9144000411 0.0280262990846
0.0764154824058 0.9144000411 0.0281322725403
0.0773699543753 0.9144000411 0.0282344886625
0.0783244186428 0.9144000411 0.0283367079853
0.0792792798311 0.9144000411 0.0284352804222
0.0802341266853 0.9144000411 0.0285338443886
0.0811893437364 0.9144000411 0.028628823095
0.0821445607875 0.9144000411 0.0287238018015
0.0831001178506 0.9144000411 0.0288154134541
0.084055652358 0.9144000411 0.0289070272685
0.0850115222942 0.9144000411 0.0289952326285
0.0859673845484 0.9144000411 0.0290834411903
0.0869235426286 0.9144000411 0.0291683804441
0.0878797084002 0.9144000411 0.0292533165066
0.0888034428276 0.9144000411 0.0293322989001
0.0897271695529 0.9144000411 0.0294112844941
0.0906973564547 0.9144000411 0.0294910616744
0.0916675359345 0.9144000411 0.0295708383358
0.0926865065564 0.9144000411 0.0296512894982
0.0937054548726 0.9144000411 0.0297317391009
0.0947756487576 0.9144000411 0.0298125829741
0.0958458277889 0.9144000411 0.0298934258087
0.0969698195723 0.9144000411 0.0299743719026
0.0980937965319 0.9144000411 0.03005531696
0.0992742809151 0.9144000411 0.0301361727886
0.100454750274 0.9144000411 0.0302170313057
0.101694551621 0.9144000411 0.030297460357
0.102934353067 0.9144000411 0.0303778894152
0.104236446028 0.9144000411 0.0304575432814
0.105538532026 0.9144000411 0.0305371891826
0.106906032887 0.9144000411 0.030615718133
0.108273526466 0.9144000411 0.0306942465743
0.10970971562 0.9144000411 0.0307710957861
0.111145890011 0.9144000411 0.0308479439656
0.112654190986 0.9144000411 0.0309228598844
0.114162469975 0.9144000411 0.0309977705367
0.115746492359 0.9144000411 0.0310700794534
0.117330485634 0.9144000411 0.0311423788665
0.118994003387 0.9144000411 0.0312116239465
0.120657491414 0.9144000411 0.0312808669377
0.122404462693 0.9144000411 0.0313464100336
0.124151396863 0.9144000411 0.0314119505245
0.125985988536 0.9144000411 0.0314731606151
0.127820550322 0.9144000411 0.0315343723448
0.129713397 0.9144000411 0.0315896217191
0.13160621395 0.9144000411 0.0316448690147
0.133499273722 0.9144000411 0.0316923732368
0.135392288283 0.9144000411 0.0317398817557
0.137285513551 0.9144000411 0.031779891436
0.139178723695 0.9144000411 0.0318199037877
0.141072082834 0.9144000411 0.0318526575714
0.142965427339 0.9144000411 0.0318854084672
0.144858888175 0.9144000411 0.0319111543139
0.146752348751 0.9144000411 0.0319369038815
0.148645895431 0.9144000411 0.0319558684876
0.150539427118 0.9144000411 0.0319748339098
0.152433044182 0.9144000411 0.0319872383855
0.154326616395 0.9144000411 0.0319996434539
0.156220258682 0.9144000411 0.032005704968
0.158113871213 0.9144000411 0.0320117662658
0.160007512006 0.9144000411 0.0320116547384
0.161901137547 0.9144000411 0.032011547738
0.163794778617 0.9144000411 0.0320054500079
0.165688389671 0.9144000411 0.0319993557724
0.167582003911 0.9144000411 0.0319874473261
0.169475603128 0.9144000411 0.0319755415583
0.171369164631 0.9144000411 0.0319579792907
0.173262696276 0.9144000411 0.0319404167999
0.175156221774 0.9144000411 0.031917388616
0.177049702322 0.9144000411 0.0318943610081
0.178943136181 0.9144000411 0.0318660217143
0.180836554947 0.9144000411 0.0318376832295
0.182729901536 0.9144000411 0.0318041825051
0.184623233262 0.9144000411 0.0317706807513
0.186516481377 0.9144000411 0.0317321802685
0.188409714399 0.9144000411 0.0316936805948
0.190302858063 0.9144000411 0.0316502658249
0.192196001627 0.9144000411 0.031606851048
0.194089015872 0.9144000411 0.0315586640153
0.195982029987 0.9144000411 0.0315104788381
0.1978749481 0.9144000411 0.0314576843259
0.199767836325 0.9144000411 0.0314048914529
0.20166060459 0.9144000411 0.031347618258
0.203553372853 0.9144000411 0.0312903450731
0.205446016319 0.9144000411 0.0312286621709
0.207338644921 0.9144000411 0.0311669782393
0.209231139629 0.9144000411 0.0311010146728
0.211123604249 0.9144000411 0.0310350527415
0.213015954928 0.9144000411 0.0309649544761
0.214908290514 0.9144000411 0.0308948570198
0.216800491218 0.9144000411 0.0308207076544
0.218692647331 0.9144000411 0.0307465551709
0.220584678259 0.9144000411 0.0306684242837
0.222476694552 0.9144000411 0.0305902905086
0.224368574356 0.9144000411 0.0305083399751
0.22626040944 0.9144000411 0.030426388179
0.228152134222 0.9144000411 0.0303406737531
0.230043814024 0.9144000411 0.0302549617755
0.231935348761 0.9144000411 0.03016555569
0.233826868604 0.9144000411 0.0300761504275
0.235718217605 0.9144000411 0.0299832060867
0.237609566345 0.9144000411 0.0298902654667
0.239500757388 0.9144000411 0.0297938128213
0.241391918573 0.9144000411 0.0296973599625
0.243282930167 0.9144000411 0.0295974927516
0.245173926537 0.9144000411 0.0294976282052
0.247064765101 0.9144000411 0.0293944682333
0.248955573447 0.9144000411 0.0292913117521
0.250846224147 0.9144000411 0.0291848561174
0.25273684473 0.9144000411 0.0290784039804
0.254627326769 0.9144000411 0.0289688052642
0.25651777905 0.9144000411 0.0288592063416
0.258408059552 0.9144000411 0.0287465089286
0.260298339765 0.9144000411 0.028633817099
0.262188445859 0.9144000411 0.0285180602372
0.264078522095 0.9144000411 0.0284023031521
0.265968444717 0.9144000411 0.0282836150315
0.267858367177 0.9144000411 0.0281649306389
0.269748105905 0.9144000411 0.0280433187083
0.271637785149 0.9144000411 0.0279217044826
0.273527363214 0.9144000411 0.0277972637239
0.275416911033 0.9144000411 0.0276728283183
0.277306264045 0.9144000411 0.0275456251716
0.279195616797 0.9144000411 0.0274184257458
0.281084773991 0.9144000411 0.0272884678793
0.282973960753 0.9144000411 0.0271585158093
0.284862972851 0.9144000411 0.0270259337188
0.286751925494 0.9144000411 0.0268933474708
0.288640762507 0.9144000411 0.0267581427985
0.29052953974 0.9144000411 0.0266229386174
0.292418167719 0.9144000411 0.0264851696772
0.294306765545 0.9144000411 0.0263474032899
0.296195208434 0.9144000411 0.0262071548485
0.298083650964 0.9144000411 0.0260669101111
0.299971879715 0.9144000411 0.0259241689301
0.301860138065 0.9144000411 0.0257814316833
0.303748205349 0.9144000411 0.0256363003967
0.30563624271 0.9144000411 0.0254911698246
0.307524145796 0.9144000411 0.025343687467
0.30941201873 0.9144000411 0.0251962076724
0.311299728246 0.9144000411 0.0250463656541
0.313187437603 0.9144000411 0.0248965273537
0.315074946827 0.9144000411 0.0247444232334
0.316962485521 0.9144000411 0.0245923248928
0.318849821938 0.9144000411 0.0244379913973
0.320737128468 0.9144000411 0.0242836595311
0.322624292602 0.9144000411 0.0241270920259
0.324511456442 0.9144000411 0.0239705272969
0.326398442702 0.9144000411 0.0238118028697
0.328285369347 0.9144000411 0.0236530780179
0.330172205025 0.9144000411 0.0234922350058
0.332058980988 0.9144000411 0.0233313915522
0.333945576868 0.9144000411 0.0231684227764
0.335832172653 0.9144000411 0.0230054567948
0.337718644206 0.9144000411 0.0228404226122
0.339605055944 0.9144000411 0.022675387981
0.341491340916 0.9144000411 0.0225083213813
0.343377536643 0.9144000411 0.0223412508747
0.345263663108 0.9144000411 0.0221721790284
0.347149700032 0.9144000411 0.0220031046558
0.349035608405 0.9144000411 0.0218320252629
0.350921486791 0.9144000411 0.0216609475082
0.352807203614 0.9144000411 0.0214879067717
0.354692920276 0.9144000411 0.0213148697582
0.356578475896 0.9144000411 0.0211398623309
0.358463971834 0.9144000411 0.0209648539983
0.360349360793 0.9144000411 0.0207879579208
0.362234690038 0.9144000411 0.0206110614017
0.364119882512 0.9144000411 0.0204322759888
0.366005045064 0.9144000411 0.0202534912832
0.367890039994 0.9144000411 0.0200728302314
0.369775034798 0.9144000411 0.0198921724376
0.371659860957 0.9144000411 0.0197096529297
0.373544686872 0.9144000411 0.0195271369054
0.375429342993 0.9144000411 0.0193427770582
0.377313939398 0.9144000411 0.0191584167685
0.379198453949 0.9144000411 0.0189722366609
0.381082879049 0.9144000411 0.0187860541487
0.382967192161 0.9144000411 0.0185980555456
0.384851445446 0.9144000411 0.0184100566684
0.386735555836 0.9144000411 0.0182202579189
0.388619636128 0.9144000411 0.0180304609451
0.390503602544 0.9144000411 0.0178388748806
0.392387479499 0.9144000411 0.0176472865574
0.394271241502 0.9144000411 0.017453924531
0.396154943778 0.9144000411 0.0172605622376
0.398038501083 0.9144000411 0.0170654268844
0.39992205822 0.9144000411 0.0168702953708
0.401805439745 0.9144000411 0.0166734017828
0.403688821061 0.9144000411 0.016476512615
0.405571996697 0.9144000411 0.0162778641722
0.407455201785 0.9144000411 0.0160792217575
0.409338200593 0.9144000411 0.0158788300613
0.411221199126 0.9144000411 0.0156784423135
0.413104023005 0.9144000411 0.0154762787888
0.414986816931 0.9144000411 0.015274117838
0.416869465152 0.9144000411 0.0150701943368
0.418752083388 0.9144000411 0.0148662738733
0.420634494644 0.9144000411 0.0146606127165
0.42251693527 0.9144000411 0.0144549587479
0.42439919816 0.9144000411 0.0142475745332
0.426281430932 0.9144000411 0.0140401938141
0.428163485675 0.9144000411 0.0138310870287
0.430045540025 0.9144000411 0.0136219844172
0.431927392923 0.9144000411 0.0134110649432
0.433809245461 0.9144000411 0.0132001491782
0.435690920295 0.9144000411 0.0129875027022
0.437572565174 0.9144000411 0.0127748573995
0.439454031536 0.9144000411 0.0125604929985
0.441335497638 0.9144000411 0.0123461323144
0.443216762968 0.9144000411 0.0121299436111
0.44509799831 0.9144000411 0.011913756546
0.44697905653 0.9144000411 0.0116958290088
0.448860114524 0.9144000411 0.0114779061223
0.450740968593 0.9144000411 0.0112581988739
0.45262179261 0.9144000411 0.0110384941955
0.454502442722 0.9144000411 0.0108170044578
0.456383092444 0.9144000411 0.0105955202965
0.458263540775 0.9144000411 0.0103722155319
0.46014392949 0.9144000411 0.0101489103377
0.462024142967 0.9144000411 0.00992383773419
0.463904356219 0.9144000411 0.00969876977631
0.465784342703 0.9144000411 0.00947181690836
0.467664328863 0.9144000411 0.00924486867909
0.469544113666 0.9144000411 0.00901610079123
0.471423868416 0.9144000411 0.00878733547328
0.473303423138 0.9144000411 0.00855673004967
0.475182947907 0.9144000411 0.00832612720295
0.477062275117 0.9144000411 0.00809364894678
0.47894157221 0.9144000411 0.00786117418826
0.480820642505 0.9144000411 0.00762681638211
0.482699742267 0.9144000411 0.00739246436565
0.484578588104 0.9144000411 0.00715619005359
0.486457403954 0.9144000411 0.0069199173837
0.488336024972 0.9144000411 0.00668173027966
0.490214586536 0.9144000411 0.00644353902812
0.492092953598 0.9144000411 0.0062034315009
0.493971290443 0.9144000411 0.00596332746435
0.495849408707 0.9144000411 0.00572122144362
0.497727467226 0.9144000411 0.00547911684877
0.499605334132 0.9144000411 0.00523505323562
0.501483141224 0.9144000411 0.00499098917893
0.503360735031 0.9144000411 0.00474484882652
0.505238328808 0.9144000411 0.00449871033655
0.507115641561 0.9144000411 0.00425060845053
0.508992953823 0.9144000411 0.00400251213393
0.510869992017 0.9144000411 0.00375235581117
0.512747029592 0.9144000411 0.00350220690331
0.514623797126 0.9144000411 0.00324994038996
0.516500504845 0.9144000411 0.00299767343306
0.518377058864 0.9144000411 0.00274333248245
0.520253493843 0.9144000411 0.00248898507234
0.522129721806 0.9144000411 0.00223247030188
0.524005830439 0.9144000411 0.00197595466526
0.525879140995 0.9144000411 0.00171758343456
0.527752391708 0.9144000411 0.00145921361279
0.528923088202 0.9144000411 0.00129670773594
0.530093665398 0.9144000411 0.00113419911052
0.53082533231 0.9144000411 0.00103214968698
0.531556880083 0.9144000411 0.000930093786976
0.532014079843 0.9144000411 0.000866133505951
0.532471279602 0.9144000411 0.000802173224926
0.532757053614 0.9144000411 0.000762172903554
0.533042827628 0.9144000411 0.000722172572205
0.533221379853 0.9144000411 0.000697125702922
0.533400050958 0.9144000411 0.000672089011056

ZONE T="SLICE_Y_0p9144_BINS15_KS_XXmm_FINAL_LAYER"
0.533400004262 0.9144 0.000672085896088
0.533400002031 0.9144 0.000616078549419
0.533399999752 0.9144 0.000560071901046
0.533399997173 0.9144 0.000504065241721
0.533399994642 0.9144 0.000448057894078
0.533399992162 0.9144 0.000392051241728
0.533399989631 0.9144 0.000336043894085
0.533399988455 0.9144 0.000280037242638
0.533399987327 0.9144 0.000224029892897
0.533399988156 0.9144 0.000168023241305
0.533399989033 0.9144 0.000112015891417
0.533399989862 0.9144 5.6009239825e-05
0.533399990639 0.9144 1.88296214385e-09
0.533399991568 0.9144 -5.60047616546e-05
0.533399992345 0.9144 -0.000112012118517
0.533399993274 0.9144 -0.000168018763134
0.533399994051 0.9144 -0.000224026119997
0.533399996885 0.9144 -0.000280032771736
0.533399999767 0.9144 -0.000336040121769
0.533400004003 0.9144 -0.000392046765629
0.533400008189 0.9144 -0.000448054114759
0.533400012326 0.9144 -0.000504060775571
0.533400016511 0.9144 -0.000560068124701
0.533400010422 0.9144 -0.000616074768807
0.533400004283 0.9144 -0.000672082118183
0.533221412648 0.9144 -0.000697125034147
0.533042818829 0.9144 -0.00072216825321
0.532757062792 0.9144 -0.000762169557897
0.532471303181 0.9144 -0.000802171373074
0.532014087385 0.9144 -0.000866129002314
0.531556865832 0.9144 -0.000930087445144
0.530825281558 0.9144 -0.00103214147279
0.530093688251 0.9144 -0.00113419676368
0.528923044825 0.9144 -0.00129670214604
0.527752386804 0.9144 -0.00145920955138
0.525879130361 0.9144 -0.00171757861936
0.524005850685 0.9144 -0.00197595089579
0.522139528229 0.9144 -0.0022311245093
0.520273182636 0.9144 -0.00248630128439
0.51840656768 0.9144 -0.0027393261675
0.516539929585 0.9144 -0.00299235418226
0.514673037499 0.9144 -0.0032433254244
0.512806122173 0.9144 -0.00349429977524
0.510938948985 0.9144 -0.00374317204306
0.509071752755 0.9144 -0.00399204738567
0.507204310491 0.9144 -0.00423889231474
0.505336845184 0.9144 -0.00448574028868
0.503469146745 0.9144 -0.0047306391471
0.501601425161 0.9144 -0.0049755410374
0.499733459729 0.9144 -0.00521839502912
0.497865471051 0.9144 -0.00546125202978
0.495997253595 0.9144 -0.0057021591092
0.494129012892 0.9144 -0.0059430691776
0.49226054271 0.9144 -0.00618200926481
0.490392049379 0.9144 -0.00642095231407
0.488523335458 0.9144 -0.00665797794017
0.486654598385 0.9144 -0.00689500650838
0.48478564491 0.9144 -0.00713013596593
0.482916668282 0.9144 -0.00736526833565
0.481047478001 0.9144 -0.00759850794836
0.479178264565 0.9144 -0.00783175044333
0.477308843222 0.9144 -0.00806313073493
0.475439398722 0.9144 -0.00829451388884
0.473569749209 0.9144 -0.008524043258
0.471700076538 0.9144 -0.00875357546951
0.469830205898 0.9144 -0.00898129584714
0.467960311999 0.9144 -0.00920901906412
0.466090216304 0.9144 -0.00943488432179
0.464220097448 0.9144 -0.00966075238192
0.462349785068 0.9144 -0.00988481627672
0.460479449525 0.9144 -0.010108882944
0.458608928336 0.9144 -0.0103311964508
0.456738383883 0.9144 -0.0105535127271
0.454867645158 0.9144 -0.0107739883313
0.452996883169 0.9144 -0.0109944666851
0.451125943881 0.9144 -0.0112132338582
0.449254981327 0.9144 -0.011432003751
0.447383829204 0.9144 -0.0116489428978
0.445512653812 0.9144 -0.0118658847343
0.443641304493 0.9144 -0.0120811162772
0.441769932003 0.9144 -0.0122963504828
0.439898382325 0.9144 -0.0125098335027
0.438026809573 0.9144 -0.0127233191485
0.436155059218 0.9144 -0.0129350347616
0.434283285589 0.9144 -0.0131467529946
0.432411343277 0.9144 -0.0133567642563
0.430539377689 0.9144 -0.0135667781178
0.42866724469 0.9144 -0.0137750831347
0.426795088415 0.9144 -0.0139833907316
0.424922756711 0.9144 -0.0141899020602
0.42305040183 0.9144 -0.0143964159518
0.421177883052 0.9144 -0.0146012239507
0.419305340995 0.9144 -0.0148060344998
0.417432635082 0.9144 -0.0150091239463
0.415559905888 0.9144 -0.015212215923
0.41368701449 0.9144 -0.0154135875137
0.411814099811 0.9144 -0.0156149616145
0.409941023559 0.9144 -0.0158146071254
0.408067924023 0.9144 -0.0160142551265
0.406194663975 0.9144 -0.0162121682182
0.404321380641 0.9144 -0.0164100837602
0.402447937697 0.9144 -0.0166062586459
0.400574471565 0.9144 -0.016802435955
0.398700844041 0.9144 -0.0169968399726
0.396827193229 0.9144 -0.0171912464006
0.39495338585 0.9144 -0.0173839084107
0.393079555182 0.9144 -0.0175765728113
0.391205568479 0.9144 -0.0177674831836
0.389331558485 0.9144 -0.0179583959265
0.387457392467 0.9144 -0.0181475376087
0.385583203157 0.9144 -0.0183366816415
0.383708858282 0.9144 -0.0185240425322
0.381834490114 0.9144 -0.0187114057635
0.37995996757 0.9144 -0.018896981349
0.37808542183 0.9144 -0.0190825592381
0.376210722146 0.9144 -0.0192663370308
0.374335999365 0.9144 -0.0194501170903
0.372461122334 0.9144 -0.0196320769056
0.370586222102 0.9144 -0.0198140389648
0.368711167311 0.9144 -0.0199941562718
0.36683608912 0.9144 -0.0201742758266
0.364960855432 0.9144 -0.0203525214536
0.36308559844 0.9144 -0.0205307692814
0.361210187696 0.9144 -0.0207071423377
0.359334753747 0.9144 -0.0208835175679
0.35745916643 0.9144 -0.0210580034441
0.355583555908 0.9144 -0.0212324914844
0.353707796787 0.9144 -0.0214051196799
0.351832014359 0.9144 -0.0215777500164
0.349956075156 0.9144 -0.0217484107511
0.348080112645 0.9144 -0.0219190736069
0.346203994477 0.9144 -0.0220877556055
0.344327853097 0.9144 -0.0222564396883
0.342451557889 0.9144 -0.0224231418237
0.340575239569 0.9144 -0.0225898460164
0.338698767422 0.9144 -0.0227545439223
0.336822272062 0.9144 -0.0229192438724
0.334945622308 0.9144 -0.0230819050662
0.33306894924 0.9144 -0.0232445682912
0.331192118953 0.9144 -0.0234051337031
0.329315265448 0.9144 -0.0235657011095
0.327438257827 0.9144 -0.0237241792371
0.325561226987 0.9144 -0.0238826593292
0.323684041139 0.9144 -0.0240390130242
0.321806832069 0.9144 -0.0241953686538
0.31992946408 0.9144 -0.0243495189972
0.318052072767 0.9144 -0.0245036712522
0.316174526113 0.9144 -0.0246556307116
0.314296956234 0.9144 -0.0248075920458
0.312419230135 0.9144 -0.0249573178918
0.310541480808 0.9144 -0.0251070455825
0.308663571474 0.9144 -0.0252544549775
0.306785638813 0.9144 -0.0254018662143
0.304907550002 0.9144 -0.0255469698623
0.30302943776 0.9144 -0.0256920753292
0.301151166692 0.9144 -0.0258348019505
0.29927287239 0.9144 -0.0259775303268
0.297394418538 0.9144 -0.0261178308086
0.295515941451 0.9144 -0.0262581330354
0.293637307489 0.9144 -0.0263959997524
0.29175865019 0.9144 -0.0265338681915
0.289879830388 0.9144 -0.0266691804797
0.288000987346 0.9144 -0.026804494453
0.286121986508 0.9144 -0.0269372679853
0.284242962428 0.9144 -0.0270700431728
0.282363778611 0.9144 -0.0272002014084
0.280484571449 0.9144 -0.0273303612663
0.278605203626 0.9144 -0.0274578350583
0.276725812556 0.9144 -0.0275853104257
0.274846264068 0.9144 -0.0277100916412
0.272966692231 0.9144 -0.0278348744092
0.271086957443 0.9144 -0.027956817948
0.269207199403 0.9144 -0.0280787629923
0.26732728439 0.9144 -0.0281978955254
0.265447346123 0.9144 -0.0283170295342
0.263567248337 0.9144 -0.0284332429461
0.261687127296 0.9144 -0.0285494578037
0.259806847519 0.9144 -0.028662687302
0.257926544483 0.9144 -0.0287759181961
0.256046085843 0.9144 -0.0288861382504
0.254165603941 0.9144 -0.0289963596706
0.252284962394 0.9144 -0.0291034121177
0.250404297484 0.9144 -0.0292104659078
0.248523479644 0.9144 -0.0293143750956
0.246642638439 0.9144 -0.0294182855765
0.244761642539 0.9144 -0.0295189186948
0.242880623169 0.9144 -0.0296195530733
0.240999451092 0.9144 -0.0297168381455
0.239118255642 0.9144 -0.029814124421
0.237236911706 0.9144 -0.0299080285757
0.235355544394 0.9144 -0.0300019339038
0.233474026047 0.9144 -0.0300922758775
0.231592484422 0.9144 -0.0301826189677
0.229710798879 0.9144 -0.0302694087414
0.227829090055 0.9144 -0.0303561995917
0.225947238772 0.9144 -0.0304393189359
0.224065364204 0.9144 -0.0305224393068
0.222183348503 0.9144 -0.0306017465641
0.220301309413 0.9144 -0.0306810547954
0.218419136201 0.9144 -0.0307565326318
0.216536939598 0.9144 -0.0308320114023
0.214654611329 0.9144 -0.0309035171391
0.212772259664 0.9144 -0.0309750237601
0.210889780219 0.9144 -0.0310424322718
0.209007277377 0.9144 -0.0311098416378
0.207124654003 0.9144 -0.0311731017442
0.205242007227 0.9144 -0.0312363626449
0.203359244797 0.9144 -0.0312953419034
0.201476458962 0.9144 -0.0313543218964
0.199593562703 0.9144 -0.0314088613753
0.197710643135 0.9144 -0.0314634015318
0.195827621926 0.9144 -0.0315134432905
0.193944577504 0.9144 -0.03156348566
0.192061439063 0.9144 -0.0316089006558
0.190178277306 0.9144 -0.0316543162196
0.188295029448 0.9144 -0.0316949409792
0.186411758169 0.9144 -0.0317355662438
0.184528410447 0.9144 -0.0317712621131
0.182645039399 0.9144 -0.0318069584306
0.180761603176 0.9144 -0.0318376284507
0.178878143523 0.9144 -0.0318682988661
0.176994630049 0.9144 -0.0318937871124
0.175111093239 0.9144 -0.0319192756672
0.173227515106 0.9144 -0.0319394339103
0.171343913732 0.9144 -0.0319595923951
0.169460284758 0.9144 -0.0319742555689
0.167576632439 0.9144 -0.0319889189216
0.165692967897 0.9144 -0.0319978954342
0.163809279905 0.9144 -0.0320068720527
0.161925596481 0.9144 -0.0320100177688
0.160041889802 0.9144 -0.0320131635072
0.158158205876 0.9144 -0.0320103269759
0.156274498701 0.9144 -0.0320074905466
0.15439082979 0.9144 -0.0319991416701
0.152507137604 0.9144 -0.03199079397
0.150623490163 0.9144 -0.0319775855883
0.148739819405 0.9144 -0.031964379198
0.146856200662 0.9144 -0.0319461207828
0.144972558552 0.9144 -0.0319278651042
0.143088973372 0.9144 -0.0319045617285
0.141205364779 0.9144 -0.0318812618446
0.139321822077 0.9144 -0.0318526095059
0.137438255915 0.9144 -0.0318239599906
0.13555478534 0.9144 -0.0317889103974
0.133671291307 0.9144 -0.0317538608004
0.131787920945 0.9144 -0.031711922526
0.129904527286 0.9144 -0.0316699836654
0.128021277949 0.9144 -0.0316211059647
0.126138005213 0.9144 -0.0315722276648
0.124318551425 0.9144 -0.0315181468069
0.12249907494 0.9144 -0.0314640653508
0.120766415379 0.9144 -0.0314059963288
0.119033734327 0.9144 -0.0313479267646
0.117383729235 0.9144 -0.0312868132621
0.115733703552 0.9144 -0.0312256991744
0.114162409768 0.9144 -0.0311622585999
0.11259109638 0.9144 -0.031098817211
0.111094790751 0.9144 -0.0310330655476
0.1095984666 0.9144 -0.0309673127935
0.108173593513 0.9144 -0.0308994801187
0.106748702884 0.9144 -0.030831646034
0.105391864074 0.9144 -0.0307621282028
0.104035008334 0.9144 -0.0306926090896
0.102742938917 0.9144 -0.0306222528818
0.101450853442 0.9144 -0.030551895842
0.100220447727 0.9144 -0.030481306143
0.0989900267192 0.9144 -0.0304107154985
0.0978183432217 0.9144 -0.0303400930148
0.0966466451906 0.9144 -0.0302694689812
0.0955309153125 0.9144 -0.0301986221338
0.0944151716361 0.9144 -0.0301277732138
0.0933528066003 0.9144 -0.0300560305109
0.0922904283465 0.9144 -0.0299842870081
0.0912788718703 0.9144 -0.0299121161363
0.0902673025171 0.9144 -0.0298399479091
0.0893039809889 0.9144 -0.0297691496711
0.0883406712029 0.9144 -0.0296983552131
0.0873779860659 0.9144 -0.0296258210942
0.086415312959 0.9144 -0.0295532884195
0.0854527430987 0.9144 -0.029478327227
0.0844901851983 0.9144 -0.0294033681955
0.0835277844164 0.9144 -0.0293253819999
0.0825653955142 0.9144 -0.0292473986826
0.0816031808953 0.9144 -0.0291662322741
0.080640978113 0.9144 -0.0290850689876
0.0796789651772 0.9144 -0.0290006001158
0.0787169640361 0.9144 -0.0289161347698
0.0777551827479 0.9144 -0.0288281359502
0.0767934131628 0.9144 -0.0287401413546
0.0758319155504 0.9144 -0.028648204905
0.0748704294908 0.9144 -0.0285562736823
0.073909249781 0.9144 -0.0284601904956
0.0729480816128 0.9144 -0.0283641123762
0.0719871673523 0.9144 -0.0282644235396
0.0710262648305 0.9144 -0.0281647380022
0.0700655334814 0.9144 -0.0280621062977
0.0691048137056 0.9144 -0.0279594789665
0.068144288329 0.9144 -0.0278536537347
0.0671837740764 0.9144 -0.0277478360554
0.0662235290311 0.9144 -0.0276382273524
0.0652632946189 0.9144 -0.0275286295041
0.0643034453032 0.9144 -0.0274144382235
0.063343605928 0.9144 -0.0273002620863
0.062384248796 0.9144 -0.0271808879876
0.0614249008595 0.9144 -0.0270615332847
0.0604661193748 0.9144 -0.0269364850891
0.0595073462959 0.9144 -0.0268114601938
0.058549235708 0.9144 -0.0266802544693
0.0575911315242 0.9144 -0.0265490832722
0.0566339277302 0.9144 -0.0264104360158
0.055676728019 0.9144 -0.0262718352478
0.0547205530196 0.9144 -0.0261253507051
0.0537643863379 0.9144 -0.0259788840457
0.0528089748762 0.9144 -0.0258264615266
0.0518535740994 0.9144 -0.0256740418592
0.0508987243216 0.9144 -0.0255168899685
0.0499438865821 0.9144 -0.0253597330459
0.0489898706511 0.9144 -0.0251962968006
0.0480358610884 0.9144 -0.0250328861134
0.0470829343195 0.9144 -0.0248619388656
0.0461300049635 0.9144 -0.024691061278
0.0451775149046 0.9144 -0.0245160779352
0.0442250380261 0.9144 -0.0243410805186
0.0432636612521 0.9144 -0.0242064101721
0.042302688434 0.9144 -0.0240698610304
0.0413180181068 0.9144 -0.0240361448794
0.0403334778887 0.9144 -0.0240019521014
0.0393357233505 0.9144 -0.0240109231928
0.0383380779751 0.9144 -0.0240195519053
0.0373165232066 0.9144 -0.0241092040518
0.0362952217789 0.9144 -0.0241979377689
0.0353068577 0.9144 -0.0241247843638
0.0343177955637 0.9144 -0.0240546506486
0.033323388629 0.9144 -0.0239881518822
0.0323289958723 0.9144 -0.0239216621989
0.031348059065 0.9144 -0.0237854882486
0.0303670745728 0.9144 -0.0236495535776
0.0293705985711 0.9144 -0.0235522770689
0.0283719768239 0.9144 -0.0234626511965
0.0273708617142 0.9144 -0.0233592512793
0.0263719256545 0.9144 -0.0232481850045
0.0253715137375 0.9144 -0.0231187030606
0.0243710756709 0.9144 -0.0229893530622
0.0233666887234 0.9144 -0.0228466052876
0.0223622916584 0.9144 -0.0227039282911
0.0213649786367 0.9144 -0.0225120188289
0.0203676441186 0.9144 -0.0223202059314
0.0193579367943 0.9144 -0.0221344877136
0.0183481428714 0.9144 -0.0219490325875
0.017345626763 0.9144 -0.0217113608898
0.0163430380953 0.9144 -0.0214738845495
0.0153507797594 0.9144 -0.0211764206249
0.0143586190945 0.9144 -0.0208787166222
0.0133978138936 0.9144 -0.0204757369969
0.0124369720389 0.9144 -0.0200728451823
0.0115161591158 0.9144 -0.0195588073144
0.0105954162962 0.9144 -0.0190446208243
0.00964058453267 0.9144 -0.0185733083626
0.00868575938305 0.9144 -0.0181019870531
0.0076011563342 0.9144 -0.017813575867
0.00651658003475 0.9144 -0.0175251194268
0.00529142765251 0.9144 -0.01736053197
0.0040662523504 0.9144 -0.0171959814841
0.00292549598539 0.9144 -0.0167826928201
0.00178478756872 0.9144 -0.0163693331224
0.00106857411116 0.9144 -0.0154813246015
0.000352704657906 0.9144 -0.0145929054638
-7.79178564753e-05 0.9144 -0.0135236836644
-0.000508417906242 0.9144 -0.0124543850692
-0.000982243229442 0.9144 -0.0115952537612
-0.00145657806729 0.9144 -0.0107366309007
-0.00212670217334 0.9144 -0.0101127378328
-0.00279707212223 0.9144 -0.00948900681475
-0.00378730585739 0.9144 -0.0090576505559
-0.00477704267215 0.9144 -0.00862594761837
-0.00575778219271 0.9144 -0.00807844314561
-0.00673851454565 0.9144 -0.00753095530437
-0.00723761891646 0.9144 -0.00667803275184
-0.0077372226554 0.9144 -0.00582529729723
-0.00812123682418 0.9144 -0.00490074474897
-0.00850555693041 0.9144 -0.00397621599479
-0.00932159826895 0.9144 -0.00306125693171
-0.0101374437284 0.9144 -0.00214619337625
-0.0111541856905 0.9144 -0.00107417418135
-0.0121705451947 0.9144 -2.09772004577e-06
-0.0128744645311 0.9144 0.00126520737075
-0.0135782178183 0.9144 0.00253250622938
-0.0139518942552 0.9144 0.00392049797695
-0.0143255904275 0.9144 0.00530848739218
-0.0144966156866 0.9144 0.00677274274563
-0.0146674928224 0.9144 0.00823694072188
-0.0138743324427 0.9144 0.00937517356106
-0.0130805981779 0.9144 0.0105131023819
-0.0105761149382 0.9144 0.0105435423615
-0.00807184623756 0.9144 0.0105740166091
-0.00591322508176 0.9144 0.0103581257197
-0.0037656135322 0.9144 0.0101503106313
-0.00189762578383 0.9144 0.00977900667182
-1.58867824993e-05 0.9144 0.0093970483578
0.00111816939896 0.9144 0.00945479020428
0.00224889470573 0.9144 0.00951546780203
0.00303040573436 0.9144 0.00993171480236
0.00381191798498 0.9144 0.0103479545202
0.00465436157129 0.9144 0.0107574154403
0.00549683847602 0.9144 0.0111668208494
0.00641293469034 0.9144 0.0115755071903
0.00732903597367 0.9144 0.0119841675315
0.00824616774223 0.9144 0.0123739747404
0.0091632900788 0.9144 0.0127637754555
0.0100705206128 0.9144 0.0131406962285
0.0109777396765 0.9144 0.0135176140241
0.0118801679109 0.9144 0.0138834931186
0.0127825857388 0.9144 0.0142493673554
0.0136841018864 0.9144 0.0146037141138
0.014585608763 0.9144 0.0149580533972
0.0154887227511 0.9144 0.0152997791311
0.0163918272961 0.9144 0.0156414972678
0.0172978468938 0.9144 0.015969881277
0.0182038565133 0.9144 0.0162982586039
0.0191130359975 0.9144 0.0166139832982
0.0200222050561 0.9144 0.0169297022613
0.0209347177469 0.9144 0.017233074308
0.0218472196684 0.9144 0.0175364413812
0.0227631333347 0.9144 0.017827571828
0.0236790359904 0.9144 0.018118697886
0.024598139183 0.9144 0.0183982615668
0.0255172311862 0.9144 0.0186778214077
0.0264392332384 0.9144 0.0189466919147
0.0273612239062 0.9144 0.0192155592197
0.028285806194 0.9144 0.0194747074719
0.0292103768968 0.9144 0.0197338532399
0.0301371232836 0.9144 0.0199846587897
0.0310638578044 0.9144 0.0202354630084
0.0319927229706 0.9144 0.0204780282036
0.0329215764595 0.9144 0.0207205915197
0.0338526727642 0.9144 0.0209543048686
0.034783757466 0.9144 0.021188016133
0.035716965221 0.9144 0.0214130643815
0.0366501613965 0.9144 0.021638110497
0.0375853234497 0.9144 0.0218548406981
0.0385204739745 0.9144 0.0220715686095
0.0394574441097 0.9144 0.0222803111985
0.0403944027252 0.9144 0.0224890515185
0.0413330251275 0.9144 0.0226902158537
0.0422716359859 0.9144 0.0228913779782
0.0432117817556 0.9144 0.0230852881273
0.0441519160047 0.9144 0.0232791960172
0.0450934787858 0.9144 0.0234660987924
0.0460350300761 0.9144 0.0236529991702
0.0469778873694 0.9144 0.0238332561271
0.0479207331302 0.9144 0.0240135108541
0.0488647975273 0.9144 0.0241873349542
0.0498088503636 0.9144 0.0243611569428
0.0507540230953 0.9144 0.0245288499313
0.0516991842513 0.9144 0.0246965408774
0.0526453744147 0.9144 0.024858394504
0.0535915529869 0.9144 0.0250202461672
0.054538690703 0.9144 0.025176459392
0.0554858168138 0.9144 0.0253326707126
0.0564338344479 0.9144 0.0254834519754
0.057381840471 0.9144 0.0256342314138
0.0583306743526 0.9144 0.0257797877976
0.0592794966282 0.9144 0.0259253424275
0.0602290882601 0.9144 0.0260658705406
0.0611786682718 0.9144 0.0262063969591
0.0621289620907 0.9144 0.0263420953193
0.063079244286 0.9144 0.0264777920347
0.0640301890576 0.9144 0.0266088510118
0.0649811221921 0.9144 0.0267399083932
0.0659326829163 0.9144 0.0268664176541
0.0668842319899 0.9144 0.0269929253685
0.0678363619523 0.9144 0.0271150767318
0.0687884802507 0.9144 0.0272372265978
0.0697411473109 0.9144 0.0273551158549
0.070693802713 0.9144 0.0274730036752
0.0716469654107 0.9144 0.0275868161754
0.0726001164375 0.9144 0.0277006272781
0.073553744078 0.9144 0.0278104759855
0.0745073600434 0.9144 0.0279203233553
0.0754614260154 0.9144 0.0280262975309
0.0764154803194 0.9144 0.0281322704096
0.077369955796 0.9144 0.0282344905662
0.0783244196019 0.9144 0.0283367094658
0.079279279034 0.9144 0.0284352786322
0.0802341267726 0.9144 0.02853384658
0.0811893499607 0.9144 0.0286288251142
0.082144561471 0.9144 0.0287238024909
0.0831001133438 0.9144 0.0288154151138
0.0840556535362 0.9144 0.0289070266191
0.0850115257552 0.9144 0.0289952348854
0.085967386281 0.9144 0.0290834420733
0.086923543018 0.9144 0.0291683783161
0.0878797114404 0.9144 0.0292533156065
0.0888034477205 0.9144 0.0293323006056
0.0897271725512 0.9144 0.0294112846236
0.0906973603147 0.9144 0.0294910620947
0.0916675360482 0.9144 0.0295708385743
0.0926865004051 0.9144 0.0296512891583
0.0937054521405 0.9144 0.0297317387494
0.094775645119 0.9144 0.0298125829703
0.0958458248256 0.9144 0.0298934261829
0.0969698181408 0.9144 0.0299743723038
0.0980937975016 0.9144 0.0300553174288
0.0992742809381 0.9144 0.0301361753264
0.100454749708 0.9144 0.0302170322285
0.101694555549 0.9144 0.0302974615238
0.102934345922 0.9144 0.0303778898177
0.104236444518 0.9144 0.0304575404993
0.105538526943 0.9144 0.0305371902004
0.106906033238 0.9144 0.0306157188493
0.108273522659 0.9144 0.0306942465386
0.109709715183 0.9144 0.0307710963069
0.111145889931 0.9144 0.0308479451128
0.112654190146 0.9144 0.0309228589936
0.11416247168 0.9144 0.0309977719491
0.115746489782 0.9144 0.0310700761656
0.117330488297 0.9144 0.0311423794937
0.11899399854 0.9144 0.0312116230261
0.120657488192 0.9144 0.0312808657
0.122404457496 0.9144 0.031346408367
0.124151405104 0.9144 0.0314119502286
0.125985992526 0.9144 0.0314731609041
0.127820557145 0.9144 0.0315343708171
0.129713398445 0.9144 0.031589619695
0.131606216335 0.9144 0.0316448678882
0.133499267905 0.9144 0.0316923747046
0.135392296059 0.9144 0.0317398809461
0.137285520881 0.9144 0.0317798926903
0.13917872228 0.9144 0.0318199039495
0.141072086699 0.9144 0.0318526567691
0.14296542759 0.9144 0.0318854091764
0.14485890017 0.9144 0.0319111562353
0.146752349215 0.9144 0.0319369029816
0.148645901841 0.9144 0.0319558685749
0.150539431026 0.9144 0.0319748339325
0.152433038038 0.9144 0.0319872387979
0.154326621503 0.9144 0.0319996435204
0.156220259411 0.9144 0.0320057045779
0.158113873768 0.9144 0.0320117655623
0.160007521418 0.9144 0.0320116563288
0.161901145612 0.9144 0.032011547089
0.163794783448 0.9144 0.0320054511777
0.165688397721 0.9144 0.0319993553329
0.167582007953 0.9144 0.0319874483104
0.169475594717 0.9144 0.0319755414312
0.171369160913 0.9144 0.0319579794117
0.173262703638 0.9144 0.0319404176053
0.175156211205 0.9144 0.0319173892403
0.177049695295 0.9144 0.0318943611582
0.178943130793 0.9144 0.0318660213575
0.180836542809 0.9144 0.0318376819097
0.182729894023 0.9144 0.0318041809974
0.184623221751 0.9144 0.0317706805077
0.186516477979 0.9144 0.0317321801111
0.188409710717 0.9144 0.0316936801971
0.190302860534 0.9144 0.031650264895
0.192195986955 0.9144 0.0316068501423
0.194089021457 0.9144 0.0315586644259
0.195982032461 0.9144 0.0315104793018
0.197874943891 0.9144 0.0314576843123
0.199767831917 0.9144 0.0314048899818
0.201660613243 0.9144 0.0313476178005
0.203553371162 0.9144 0.0312903463282
0.20544601386 0.9144 0.0312286615077
0.207338633048 0.9144 0.0311669774392
0.209231131523 0.9144 0.0311010144769
0.211123606384 0.9144 0.0310350523193
0.21301595615 0.9144 0.0309649542007
0.2149082824 0.9144 0.0308948569436
0.216800477681 0.9144 0.0308207062768
0.218692649542 0.9144 0.0307465565284
0.220584684609 0.9144 0.0306684237755
0.222476696252 0.9144 0.0305902920008
0.224368569586 0.9144 0.0305083393809
0.226260419592 0.9144 0.0304263877862
0.228152126385 0.9144 0.030340674017
0.230043809747 0.9144 0.030254961306
0.231935345594 0.9144 0.0301655551076
0.233826858008 0.9144 0.0300761500073
0.235718223366 0.9144 0.0299832068404
0.237609565188 0.9144 0.0298902648144
0.239500754852 0.9144 0.0297938118219
0.241391921075 0.9144 0.0296973600172
0.243282933471 0.9144 0.0295974928022
0.245173922423 0.9144 0.0294976268349
0.247064758119 0.9144 0.0293944677351
0.248955570369 0.9144 0.0292913099029
0.250846223425 0.9144 0.0291848564078
0.252736853032 0.9144 0.0290784042302
0.254627326405 0.9144 0.0289688047275
0.256517776226 0.9144 0.0288592065852
0.258408067547 0.9144 0.0287465107206
0.260298335313 0.9144 0.0286338162464
0.262188441572 0.9144 0.0285180584638
0.264078524373 0.9144 0.0284023021185
0.265968448919 0.9144 0.028283615145
0.267858350005 0.9144 0.0281649296485
0.269748088508 0.9144 0.0280433166296
0.271637803649 0.9144 0.0279217051247
0.273527358038 0.9144 0.0277972646351
0.275416889062 0.9144 0.0276728256993
0.277306259677 0.9144 0.0275456245555
0.279195606825 0.9144 0.0274184249884
0.281084790033 0.9144 0.0272884692717
0.282973949771 0.9144 0.0271585151717
0.284862950202 0.9144 0.0270259307617
0.286751927261 0.9144 0.0268933480054
0.288640741913 0.9144 0.026758142
0.29052953309 0.9144 0.0266229376712
0.292418162627 0.9144 0.0264851693813
0.294306768687 0.9144 0.0263474028079
0.29619521565 0.9144 0.0262071548719
0.298083639235 0.9144 0.0260669086695
0.299971899523 0.9144 0.0259241695133
0.30186013643 0.9144 0.0257814321204
0.303748214346 0.9144 0.0256363007452
0.30563626888 0.9144 0.0254911711634
0.30752416464 0.9144 0.0253436889251
0.309412037016 0.9144 0.02519620851
0.311299746933 0.9144 0.0250463664997
0.313187433463 0.9144 0.0248965263425
0.315074962633 0.9144 0.0247444237071
0.316962468314 0.9144 0.0245923229577
0.318849816551 0.9144 0.0244379910207
0.320737141298 0.9144 0.0242836609896
0.322624305281 0.9144 0.0241270927722
0.324511445872 0.9144 0.0239705264977
0.326398429628 0.9144 0.0238118020457
0.328285390089 0.9144 0.0236530795696
0.33017219433 0.9144 0.0234922345547
0.332058975275 0.9144 0.0233313915407
0.333945597328 0.9144 0.0231684240668
0.335832196083 0.9144 0.0230054586206
0.337718638387 0.9144 0.0228404226675
0.339605057293 0.9144 0.02267538876
0.341491320684 0.9144 0.0225083196999
0.343377560574 0.9144 0.0223412527034
0.345263645248 0.9144 0.0221721778366
0.347149706419 0.9144 0.0220031050574
0.349035610307 0.9144 0.0218320252977
0.35092149069 0.9144 0.0216609476506
0.352807215687 0.9144 0.0214879075789
0.354692917277 0.9144 0.0213148696496
0.356578460535 0.9144 0.0211398612437
0.358463980384 0.9144 0.0209648550062
0.360349347313 0.9144 0.0207879571586
0.362234690833 0.9144 0.0206110615034
0.364119879648 0.9144 0.0204322753655
0.366005045052 0.9144 0.0202534914429
0.367890055171 0.9144 0.0200728310952
0.369775041977 0.9144 0.0198921729917
0.371659872938 0.9144 0.0197096536122
0.373544680585 0.9144 0.0195271364998
0.375429332424 0.9144 0.019342776247
0.377313960945 0.9144 0.0191584182832
0.3791984336 0.9144 0.0189722352139
0.381082882838 0.9144 0.0187860544497
0.382967175103 0.9144 0.0185980543468
0.384851443949 0.9144 0.0184100565714
0.386735555939 0.9144 0.0182202578802
0.388619644507 0.9144 0.0180304615383
0.39050357521 0.9144 0.0178388729767
0.39238748269 0.9144 0.0176472868002
0.394271232125 0.9144 0.017453923874
0.396154958236 0.9144 0.0172605633478
0.398038525027 0.9144 0.0170654285256
0.399922068393 0.9144 0.0168702961182
0.4018054522 0.9144 0.0166734028642
0.40368881258 0.9144 0.016476512048
0.405572012165 0.9144 0.0162778651796
0.407455188421 0.9144 0.0160792207759
0.409338203299 0.9144 0.0158788300751
0.411221194847 0.9144 0.015678441861
0.413104020304 0.9144 0.0154762787062
0.414986822329 0.9144 0.0152741180521
0.416869457856 0.9144 0.0150701940231
0.41875206995 0.9144 0.0148662725156
0.420634516777 0.9144 0.0146606144466
0.42251694027 0.9144 0.0144549589281
0.424399197831 0.9144 0.0142475749282
0.426281431957 0.9144 0.0140401934928
0.428163498948 0.9144 0.0138310878687
0.430045542602 0.9144 0.013621984837
0.43192740729 0.9144 0.0134110659198
0.433809248638 0.9144 0.0132001496179
0.435690918732 0.9144 0.0129875021207
0.437572565584 0.9144 0.0127748572678
0.439454040849 0.9144 0.0125604931404
0.441335492871 0.9144 0.0123461316773
0.443216759409 0.9144 0.0121299428951
0.445098002703 0.9144 0.0119137568001
0.446979068685 0.9144 0.0116958300793
0.448860111421 0.9144 0.0114779060656
0.45074097027 0.9144 0.0112581992619
0.452621805873 0.9144 0.0110384951831
0.454502455744 0.9144 0.01081700603
0.456383082366 0.9144 0.0105955196318
0.458263517363 0.9144 0.0103722134537
0.46014392901 0.9144 0.0101489100335
0.462024153536 0.9144 0.00992383854344
0.463904354711 0.9144 0.00969876983128
0.465784353262 0.9144 0.00947181786724
0.46766432836 0.9144 0.00924486871404
0.469544106755 0.9144 0.00901610069896
0.471423861796 0.9144 0.00878733552164
0.473303415541 0.9144 0.00855672973899
0.475182946029 0.9144 0.00832612682102
0.477062269125 0.9144 0.00809364861802
0.478941568863 0.9144 0.00786117330267
0.480820658715 0.9144 0.0076268168039
0.482699725208 0.9144 0.00739246319276
0.484578574829 0.9144 0.00715618923556
0.486457401189 0.9144 0.00691991821287
0.488336008828 0.9144 0.00668172748668
0.490214593104 0.9144 0.00644353970797
0.492092956758 0.9144 0.006203432183
0.493971297047 0.9144 0.00596332763545
0.495849404011 0.9144 0.0057212212255
0.497727487807 0.9144 0.00547911783685
0.499605341283 0.9144 0.00523505276326
0.501483171491 0.9144 0.00499099071397
0.503360753785 0.9144 0.00474484870445
0.50523831281 0.9144 0.00449870974915
0.507115637324 0.9144 0.00425060882592
0.508992938567 0.9144 0.00400251097687
0.510869990539 0.9144 0.00375235687068
0.512747019339 0.9144 0.0035022058656
0.514623788594 0.9144 0.00324993911171
0.516500534573 0.9144 0.00299767549185
0.518377022979 0.9144 0.00274332814868
0.520253488107 0.9144 0.00248898395948
0.522129681358 0.9144 0.00223246815509
0.52400585133 0.9144 0.00197595552463
0.525879130903 0.9144 0.00171758296944
0.527752387195 0.9144 0.00145921362808
0.528923045091 0.9144 0.00129670638539
0.53009368851 0.9144 0.00113420117778
0.530825281857 0.9144 0.00103214581813
0.531556865993 0.9144 0.000930091719065
0.532014087428 0.9144 0.000866132542754
0.532471303095 0.9144 0.000802174145957
0.532757062689 0.9144 0.000762172144748
0.53304281864 0.9144 0.000722170640588
0.533221412565 0.9144 0.000697128110642
0.533400004262 0.9144 0.000672085896088
