#+++++++++++++++++++++++++++++++++++++++++++++++++++++++++++++++++++++++++++++++++++++++++++++++++++++++++++++++++++++++++++++++++
#
#   IPW-3 Final Ice Shape DATA SUBMITTAL FORM for Test Case NACA0012_AE3933, May 18th 2026
#
#       NOMENCLATURE:
#             X_ICED [m]:  X-coordinate of the iced surface
#             Y_ICED [m]:  Y-coordinate of the iced surface
#             Z_ICED [m]:  Z-coordinate of the iced surface
#
#                XXmm:  Roughness height used for the case, in mm.
#                       In the zone name, use the format KS_XXmm.
#                       For example, if k_s = 1.5 mm, use KS_1p5mm. 
#                       For Variable roughness, use KS_VAR
#
#    FLOW CONDITIONS:
#                                   AOA: 4.0 deg
#                           Mach Number: 0.3127 [-]
#       Mean aerodynamic chord (M.A.C.): 0.5334 [m]
#                       Reynolds Number: 3.8947 million (based on MAC)
#                       Freestream Temp: 270.95 [K]
#                        Reference area: 0.97548 [m2]
#               Moment Reference Center: 0.13335, 0, 0 [m] (X, Y, Z)
#
#    ICING CONDITIONS:
#                           Icing Time: 420 [s]
#                                  LWC: 0.55 [g/m3]
#                                  MVD: 20 [μm]
#
#              NOTES: 1. Please use at least 5 decimal places in the numerical values
#                     2. If data are NOT provided, please fill data fields with a numerical value of "-999" 
#
#++++++++++++++++++++++++++++++++++++++++++++++++++++++++++++++++++++++++++++++++++++++++++++++++++++++++++++++++++++

AUXDATA NUM_LAYERS  = "insert the number of total ice layers"
                                              
VARIABLES = "X_ICED" "Y_ICED" "Z_ICED"
ZONE T="SLICE_Y_0p1_BINS15_KS_1mm_SINGLE_LAYER"
1.02809 0.10000 0.00000 
1.02809 0.10000 -0.00000 
1.02807 0.10000 -0.00000 
1.02803 0.10000 -0.00001 
1.02799 0.10000 -0.00001 
1.02793 0.10000 -0.00002 
1.02786 0.10000 -0.00003 
1.02777 0.10000 -0.00004 
1.02767 0.10000 -0.00005 
1.02756 0.10000 -0.00007 
1.02743 0.10000 -0.00009 
1.02728 0.10000 -0.00010 
1.02712 0.10000 -0.00013 
1.02694 0.10000 -0.00015 
1.02675 0.10000 -0.00017 
1.02654 0.10000 -0.00020 
1.02631 0.10000 -0.00023 
1.02606 0.10000 -0.00026 
1.02579 0.10000 -0.00030 
1.02550 0.10000 -0.00033 
1.02519 0.10000 -0.00037 
1.02486 0.10000 -0.00042 
1.02450 0.10000 -0.00046 
1.02412 0.10000 -0.00051 
1.02371 0.10000 -0.00056 
1.02327 0.10000 -0.00062 
1.02280 0.10000 -0.00068 
1.02230 0.10000 -0.00074 
1.02177 0.10000 -0.00081 
1.02120 0.10000 -0.00088 
1.02059 0.10000 -0.00096 
1.01994 0.10000 -0.00104 
1.01925 0.10000 -0.00113 
1.01852 0.10000 -0.00122 
1.01773 0.10000 -0.00132 
1.01690 0.10000 -0.00143 
1.01601 0.10000 -0.00154 
1.01506 0.10000 -0.00166 
1.01405 0.10000 -0.00178 
1.01297 0.10000 -0.00192 
1.01183 0.10000 -0.00206 
1.01060 0.10000 -0.00221 
1.00930 0.10000 -0.00237 
1.00791 0.10000 -0.00255 
1.00643 0.10000 -0.00273 
1.00485 0.10000 -0.00292 
1.00317 0.10000 -0.00313 
1.00137 0.10000 -0.00335 
0.99946 0.10000 -0.00359 
0.99742 0.10000 -0.00384 
0.99524 0.10000 -0.00410 
0.99292 0.10000 -0.00439 
0.99044 0.10000 -0.00469 
0.98780 0.10000 -0.00502 
0.98499 0.10000 -0.00536 
0.98198 0.10000 -0.00573 
0.97878 0.10000 -0.00613 
0.97537 0.10000 -0.00655 
0.97174 0.10000 -0.00700 
0.96786 0.10000 -0.00748 
0.96374 0.10000 -0.00799 
0.95934 0.10000 -0.00853 
0.95466 0.10000 -0.00910 
0.94969 0.10000 -0.00971 
0.94439 0.10000 -0.01035 
0.93877 0.10000 -0.01103 
0.93279 0.10000 -0.01175 
0.92644 0.10000 -0.01250 
0.91971 0.10000 -0.01329 
0.91258 0.10000 -0.01411 
0.90502 0.10000 -0.01497 
0.89703 0.10000 -0.01587 
0.88858 0.10000 -0.01680 
0.87966 0.10000 -0.01777 
0.87026 0.10000 -0.01878 
0.86035 0.10000 -0.01981 
0.84994 0.10000 -0.02088 
0.83901 0.10000 -0.02198 
0.82755 0.10000 -0.02311 
0.81556 0.10000 -0.02428 
0.80304 0.10000 -0.02547 
0.78998 0.10000 -0.02669 
0.77640 0.10000 -0.02793 
0.76230 0.10000 -0.02920 
0.74768 0.10000 -0.03049 
0.73258 0.10000 -0.03179 
0.71701 0.10000 -0.03310 
0.70099 0.10000 -0.03442 
0.68456 0.10000 -0.03573 
0.66774 0.10000 -0.03702 
0.65058 0.10000 -0.03829 
0.63311 0.10000 -0.03952 
0.61539 0.10000 -0.04069 
0.59746 0.10000 -0.04180 
0.57937 0.10000 -0.04283 
0.56117 0.10000 -0.04376 
0.54291 0.10000 -0.04460 
0.52466 0.10000 -0.04532 
0.50646 0.10000 -0.04593 
0.48837 0.10000 -0.04642 
0.47043 0.10000 -0.04679 
0.45271 0.10000 -0.04704 
0.43525 0.10000 -0.04718 
0.41809 0.10000 -0.04722 
0.40127 0.10000 -0.04715 
0.38484 0.10000 -0.04700 
0.36882 0.10000 -0.04676 
0.35325 0.10000 -0.04646 
0.33814 0.10000 -0.04609 
0.32353 0.10000 -0.04566 
0.30943 0.10000 -0.04519 
0.29584 0.10000 -0.04467 
0.28278 0.10000 -0.04413 
0.27026 0.10000 -0.04355 
0.25827 0.10000 -0.04294 
0.24681 0.10000 -0.04232 
0.23588 0.10000 -0.04168 
0.22547 0.10000 -0.04102 
0.21557 0.10000 -0.04035 
0.20617 0.10000 -0.03967 
0.19725 0.10000 -0.03898 
0.18880 0.10000 -0.03829 
0.18081 0.10000 -0.03760 
0.17325 0.10000 -0.03691 
0.16611 0.10000 -0.03622 
0.15938 0.10000 -0.03553 
0.15304 0.10000 -0.03486 
0.14706 0.10000 -0.03419 
0.14143 0.10000 -0.03353 
0.13614 0.10000 -0.03289 
0.13116 0.10000 -0.03225 
0.12649 0.10000 -0.03164 
0.12209 0.10000 -0.03104 
0.11796 0.10000 -0.03045 
0.11409 0.10000 -0.02989 
0.11045 0.10000 -0.02934 
0.10704 0.10000 -0.02882 
0.10384 0.10000 -0.02831 
0.10227 0.09899 -0.03088 
0.10119 0.09779 -0.03417 
0.09827 0.09805 -0.03721 
0.09424 0.09912 -0.03971 
0.09066 0.09993 -0.04113 
0.08744 0.10057 -0.04201 
0.08431 0.10122 -0.04222 
0.08155 0.10171 -0.04231 
0.07886 0.10223 -0.04195 
0.07644 0.10265 -0.04156 
0.07410 0.10309 -0.04091 
0.07193 0.10348 -0.04022 
0.06986 0.10387 -0.03940 
0.06790 0.10424 -0.03852 
0.06604 0.10460 -0.03757 
0.06429 0.10494 -0.03658 
0.06263 0.10527 -0.03554 
0.06107 0.10558 -0.03447 
0.05961 0.10587 -0.03336 
0.05825 0.10613 -0.03224 
0.05698 0.10637 -0.03111 
0.05580 0.10659 -0.02997 
0.05471 0.10679 -0.02882 
0.05369 0.10697 -0.02769 
0.05276 0.10713 -0.02656 
0.05190 0.10727 -0.02544 
0.05111 0.10739 -0.02434 
0.05038 0.10750 -0.02326 
0.04970 0.10759 -0.02221 
0.04908 0.10767 -0.02118 
0.04851 0.10774 -0.02018 
0.04798 0.10781 -0.01921 
0.04748 0.10786 -0.01828 
0.04702 0.10792 -0.01738 
0.04660 0.10796 -0.01648 
0.04622 0.10800 -0.01561 
0.04586 0.10803 -0.01476 
0.04552 0.10807 -0.01392 
0.04522 0.10810 -0.01311 
0.04494 0.10813 -0.01231 
0.04467 0.10815 -0.01152 
0.04444 0.10818 -0.01076 
0.04421 0.10820 -0.01001 
0.04400 0.10823 -0.00925 
0.04381 0.10825 -0.00852 
0.04364 0.10828 -0.00781 
0.04348 0.10830 -0.00712 
0.04333 0.10833 -0.00639 
0.04318 0.10837 -0.00563 
0.04307 0.10839 -0.00502 
0.04298 0.10840 -0.00446 
0.04284 0.10846 -0.00353 
0.04271 0.10851 -0.00245 
0.04263 0.10855 -0.00169 
0.04261 0.10856 -0.00143 
0.04259 0.10857 -0.00118 
0.04253 0.10862 -0.00045 
0.04247 0.10867 0.00066 
0.04244 0.10872 0.00169 
0.04244 0.10876 0.00232 
0.04244 0.10880 0.00303 
0.04245 0.10885 0.00391 
0.04248 0.10889 0.00476 
0.04252 0.10893 0.00556 
0.04258 0.10897 0.00640 
0.04265 0.10902 0.00729 
0.04274 0.10906 0.00820 
0.04285 0.10910 0.00913 
0.04299 0.10913 0.01007 
0.04314 0.10916 0.01105 
0.04333 0.10919 0.01205 
0.04355 0.10921 0.01308 
0.04380 0.10922 0.01413 
0.04409 0.10922 0.01520 
0.04442 0.10922 0.01630 
0.04479 0.10920 0.01741 
0.04521 0.10916 0.01856 
0.04568 0.10912 0.01973 
0.04620 0.10906 0.02092 
0.04678 0.10898 0.02214 
0.04742 0.10889 0.02337 
0.04813 0.10877 0.02463 
0.04891 0.10863 0.02590 
0.04977 0.10847 0.02717 
0.05072 0.10828 0.02847 
0.05177 0.10805 0.02976 
0.05292 0.10779 0.03106 
0.05419 0.10749 0.03233 
0.05560 0.10714 0.03361 
0.05715 0.10673 0.03480 
0.05887 0.10626 0.03600 
0.06077 0.10572 0.03704 
0.06288 0.10509 0.03805 
0.06519 0.10438 0.03882 
0.06775 0.10356 0.03944 
0.07055 0.10264 0.03973 
0.07358 0.10162 0.03961 
0.07696 0.10044 0.03898 
0.08034 0.09927 0.03740 
0.08427 0.09777 0.03513 
0.08741 0.09690 0.03079 
0.08691 0.09843 0.02686 
0.08638 0.09999 0.02495 
0.08841 0.10000 0.02541 
0.09059 0.10000 0.02590 
0.09291 0.10000 0.02638 
0.09538 0.10000 0.02686 
0.09803 0.10000 0.02733 
0.10084 0.10000 0.02781 
0.10384 0.10000 0.02831 
0.10704 0.10000 0.02882 
0.11045 0.10000 0.02934 
0.11409 0.10000 0.02989 
0.11796 0.10000 0.03045 
0.12209 0.10000 0.03104 
0.12649 0.10000 0.03164 
0.13116 0.10000 0.03225 
0.13614 0.10000 0.03289 
0.14143 0.10000 0.03353 
0.14706 0.10000 0.03419 
0.15304 0.10000 0.03486 
0.15938 0.10000 0.03553 
0.16611 0.10000 0.03622 
0.17325 0.10000 0.03691 
0.18081 0.10000 0.03760 
0.18880 0.10000 0.03829 
0.19725 0.10000 0.03898 
0.20617 0.10000 0.03967 
0.21557 0.10000 0.04035 
0.22547 0.10000 0.04102 
0.23588 0.10000 0.04168 
0.24681 0.10000 0.04232 
0.25827 0.10000 0.04294 
0.27026 0.10000 0.04355 
0.28278 0.10000 0.04413 
0.29584 0.10000 0.04467 
0.30943 0.10000 0.04519 
0.32353 0.10000 0.04566 
0.33814 0.10000 0.04609 
0.35325 0.10000 0.04646 
0.36882 0.10000 0.04676 
0.38484 0.10000 0.04700 
0.40127 0.10000 0.04715 
0.41809 0.10000 0.04722 
0.43525 0.10000 0.04718 
0.45271 0.10000 0.04704 
0.47043 0.10000 0.04679 
0.48837 0.10000 0.04642 
0.50646 0.10000 0.04593 
0.52466 0.10000 0.04532 
0.54291 0.10000 0.04460 
0.56117 0.10000 0.04376 
0.57937 0.10000 0.04283 
0.59746 0.10000 0.04180 
0.61539 0.10000 0.04069 
0.63311 0.10000 0.03952 
0.65058 0.10000 0.03829 
0.66774 0.10000 0.03702 
0.68456 0.10000 0.03573 
0.70099 0.10000 0.03442 
0.71701 0.10000 0.03310 
0.73258 0.10000 0.03179 
0.74768 0.10000 0.03049 
0.76230 0.10000 0.02920 
0.77640 0.10000 0.02793 
0.78998 0.10000 0.02669 
0.80304 0.10000 0.02547 
0.81556 0.10000 0.02428 
0.82755 0.10000 0.02311 
0.83901 0.10000 0.02198 
0.84994 0.10000 0.02088 
0.86035 0.10000 0.01981 
0.87026 0.10000 0.01878 
0.87966 0.10000 0.01777 
0.88858 0.10000 0.01680 
0.89703 0.10000 0.01587 
0.90502 0.10000 0.01497 
0.91258 0.10000 0.01411 
0.91971 0.10000 0.01329 
0.92644 0.10000 0.01250 
0.93279 0.10000 0.01175 
0.93877 0.10000 0.01103 
0.94439 0.10000 0.01035 
0.94969 0.10000 0.00971 
0.95466 0.10000 0.00910 
0.95934 0.10000 0.00853 
0.96374 0.10000 0.00799 
0.96786 0.10000 0.00748 
0.97174 0.10000 0.00700 
0.97537 0.10000 0.00655 
0.97878 0.10000 0.00613 
0.98198 0.10000 0.00573 
0.98499 0.10000 0.00536 
0.98780 0.10000 0.00502 
0.99044 0.10000 0.00469 
0.99292 0.10000 0.00439 
0.99524 0.10000 0.00410 
0.99742 0.10000 0.00384 
0.99946 0.10000 0.00359 
1.00137 0.10000 0.00335 
1.00317 0.10000 0.00313 
1.00485 0.10000 0.00292 
1.00643 0.10000 0.00273 
1.00791 0.10000 0.00255 
1.00930 0.10000 0.00237 
1.01060 0.10000 0.00221 
1.01183 0.10000 0.00206 
1.01297 0.10000 0.00192 
1.01405 0.10000 0.00178 
1.01506 0.10000 0.00166 
1.01601 0.10000 0.00154 
1.01690 0.10000 0.00143 
1.01773 0.10000 0.00132 
1.01852 0.10000 0.00122 
1.01925 0.10000 0.00113 
1.01994 0.10000 0.00104 
1.02059 0.10000 0.00096 
1.02120 0.10000 0.00088 
1.02177 0.10000 0.00081 
1.02230 0.10000 0.00074 
1.02280 0.10000 0.00068 
1.02327 0.10000 0.00062 
1.02371 0.10000 0.00056 
1.02412 0.10000 0.00051 
1.02450 0.10000 0.00046 
1.02486 0.10000 0.00042 
1.02519 0.10000 0.00037 
1.02550 0.10000 0.00033 
1.02579 0.10000 0.00030 
1.02606 0.10000 0.00026 
1.02631 0.10000 0.00023 
1.02654 0.10000 0.00020 
1.02675 0.10000 0.00017 
1.02694 0.10000 0.00015 
1.02712 0.10000 0.00013 
1.02728 0.10000 0.00010 
1.02743 0.10000 0.00009 
1.02756 0.10000 0.00007 
1.02767 0.10000 0.00005 
1.02777 0.10000 0.00004 
1.02786 0.10000 0.00003 
1.02793 0.10000 0.00002 
1.02799 0.10000 0.00001 
1.02803 0.10000 0.00001 
1.02807 0.10000 0.00000 
1.02809 0.10000 0.00000 
1.02809 0.10000 0.00000 

ZONE T="SLICE_Y_0p75_BINS15_KS_1mm_SINGLE_LAYER"
1.21070 0.75000 -0.00000 
1.21069 0.75000 -0.00000 
1.21068 0.75000 -0.00000 
1.21065 0.75000 -0.00001 
1.21062 0.75000 -0.00001 
1.21057 0.75000 -0.00002 
1.21051 0.75000 -0.00002 
1.21044 0.75000 -0.00003 
1.21036 0.75000 -0.00004 
1.21027 0.75000 -0.00006 
1.21016 0.75000 -0.00007 
1.21005 0.75000 -0.00008 
1.20992 0.75000 -0.00010 
1.20978 0.75000 -0.00012 
1.20962 0.75000 -0.00014 
1.20945 0.75000 -0.00016 
1.20927 0.75000 -0.00018 
1.20907 0.75000 -0.00021 
1.20886 0.75000 -0.00024 
1.20862 0.75000 -0.00027 
1.20838 0.75000 -0.00030 
1.20811 0.75000 -0.00033 
1.20782 0.75000 -0.00037 
1.20751 0.75000 -0.00041 
1.20719 0.75000 -0.00045 
1.20683 0.75000 -0.00050 
1.20646 0.75000 -0.00054 
1.20606 0.75000 -0.00059 
1.20563 0.75000 -0.00065 
1.20517 0.75000 -0.00071 
1.20469 0.75000 -0.00077 
1.20417 0.75000 -0.00083 
1.20361 0.75000 -0.00090 
1.20303 0.75000 -0.00098 
1.20240 0.75000 -0.00106 
1.20173 0.75000 -0.00114 
1.20101 0.75000 -0.00123 
1.20025 0.75000 -0.00133 
1.19944 0.75000 -0.00143 
1.19858 0.75000 -0.00154 
1.19766 0.75000 -0.00165 
1.19668 0.75000 -0.00177 
1.19564 0.75000 -0.00190 
1.19452 0.75000 -0.00204 
1.19334 0.75000 -0.00219 
1.19207 0.75000 -0.00234 
1.19072 0.75000 -0.00251 
1.18928 0.75000 -0.00269 
1.18775 0.75000 -0.00287 
1.18611 0.75000 -0.00308 
1.18437 0.75000 -0.00329 
1.18251 0.75000 -0.00352 
1.18052 0.75000 -0.00376 
1.17841 0.75000 -0.00402 
1.17615 0.75000 -0.00430 
1.17374 0.75000 -0.00459 
1.17118 0.75000 -0.00491 
1.16844 0.75000 -0.00525 
1.16553 0.75000 -0.00561 
1.16243 0.75000 -0.00599 
1.15912 0.75000 -0.00640 
1.15560 0.75000 -0.00684 
1.15185 0.75000 -0.00730 
1.14786 0.75000 -0.00778 
1.14362 0.75000 -0.00830 
1.13911 0.75000 -0.00884 
1.13432 0.75000 -0.00942 
1.12923 0.75000 -0.01002 
1.12384 0.75000 -0.01065 
1.11812 0.75000 -0.01131 
1.11206 0.75000 -0.01200 
1.10565 0.75000 -0.01272 
1.09888 0.75000 -0.01347 
1.09174 0.75000 -0.01424 
1.08420 0.75000 -0.01505 
1.07626 0.75000 -0.01588 
1.06792 0.75000 -0.01674 
1.05916 0.75000 -0.01762 
1.04998 0.75000 -0.01853 
1.04037 0.75000 -0.01946 
1.03033 0.75000 -0.02041 
1.01986 0.75000 -0.02139 
1.00898 0.75000 -0.02239 
0.99767 0.75000 -0.02340 
0.98596 0.75000 -0.02443 
0.97386 0.75000 -0.02548 
0.96138 0.75000 -0.02653 
0.94854 0.75000 -0.02759 
0.93537 0.75000 -0.02864 
0.92189 0.75000 -0.02967 
0.90814 0.75000 -0.03069 
0.89414 0.75000 -0.03167 
0.87994 0.75000 -0.03261 
0.86556 0.75000 -0.03350 
0.85106 0.75000 -0.03432 
0.83648 0.75000 -0.03507 
0.82185 0.75000 -0.03574 
0.80722 0.75000 -0.03632 
0.79263 0.75000 -0.03681 
0.77813 0.75000 -0.03720 
0.76376 0.75000 -0.03750 
0.74955 0.75000 -0.03770 
0.73556 0.75000 -0.03782 
0.72180 0.75000 -0.03784 
0.70833 0.75000 -0.03779 
0.69516 0.75000 -0.03767 
0.68232 0.75000 -0.03748 
0.66984 0.75000 -0.03723 
0.65773 0.75000 -0.03694 
0.64602 0.75000 -0.03660 
0.63472 0.75000 -0.03622 
0.62383 0.75000 -0.03580 
0.61337 0.75000 -0.03536 
0.60333 0.75000 -0.03490 
0.59372 0.75000 -0.03442 
0.58454 0.75000 -0.03392 
0.57578 0.75000 -0.03340 
0.56743 0.75000 -0.03287 
0.55950 0.75000 -0.03234 
0.55196 0.75000 -0.03179 
0.54481 0.75000 -0.03124 
0.53804 0.75000 -0.03069 
0.53163 0.75000 -0.03013 
0.52558 0.75000 -0.02958 
0.51986 0.75000 -0.02903 
0.51446 0.75000 -0.02848 
0.50938 0.75000 -0.02794 
0.50459 0.75000 -0.02740 
0.50008 0.75000 -0.02687 
0.49584 0.75000 -0.02636 
0.49329 0.74919 -0.02836 
0.49209 0.74776 -0.03271 
0.48650 0.74898 -0.03717 
0.48161 0.74990 -0.03884 
0.47779 0.75032 -0.04005 
0.47414 0.75075 -0.04039 
0.47117 0.75089 -0.04083 
0.46827 0.75108 -0.04082 
0.46573 0.75116 -0.04087 
0.46325 0.75129 -0.04068 
0.46096 0.75139 -0.04049 
0.45873 0.75153 -0.04019 
0.45658 0.75169 -0.03985 
0.45448 0.75189 -0.03945 
0.45244 0.75213 -0.03900 
0.45044 0.75239 -0.03850 
0.44848 0.75269 -0.03795 
0.44657 0.75301 -0.03733 
0.44471 0.75334 -0.03667 
0.44292 0.75369 -0.03595 
0.44118 0.75404 -0.03517 
0.43952 0.75439 -0.03435 
0.43793 0.75474 -0.03348 
0.43643 0.75507 -0.03257 
0.43501 0.75539 -0.03163 
0.43367 0.75569 -0.03066 
0.43241 0.75597 -0.02967 
0.43124 0.75623 -0.02867 
0.43015 0.75647 -0.02766 
0.42913 0.75669 -0.02666 
0.42819 0.75689 -0.02566 
0.42732 0.75707 -0.02468 
0.42651 0.75724 -0.02371 
0.42576 0.75739 -0.02277 
0.42506 0.75752 -0.02184 
0.42443 0.75764 -0.02093 
0.42383 0.75775 -0.02004 
0.42328 0.75785 -0.01918 
0.42277 0.75794 -0.01834 
0.42230 0.75802 -0.01751 
0.42186 0.75810 -0.01671 
0.42145 0.75816 -0.01593 
0.42107 0.75823 -0.01516 
0.42073 0.75828 -0.01442 
0.42039 0.75834 -0.01369 
0.42010 0.75839 -0.01298 
0.41981 0.75844 -0.01229 
0.41955 0.75848 -0.01161 
0.41929 0.75853 -0.01093 
0.41907 0.75857 -0.01029 
0.41886 0.75861 -0.00964 
0.41866 0.75865 -0.00901 
0.41845 0.75870 -0.00837 
0.41829 0.75873 -0.00777 
0.41813 0.75877 -0.00716 
0.41798 0.75881 -0.00651 
0.41781 0.75887 -0.00580 
0.41770 0.75890 -0.00525 
0.41760 0.75893 -0.00473 
0.41746 0.75899 -0.00391 
0.41729 0.75907 -0.00296 
0.41722 0.75910 -0.00228 
0.41723 0.75909 -0.00207 
0.41714 0.75915 -0.00188 
0.41706 0.75920 -0.00120 
0.41698 0.75926 -0.00018 
0.41691 0.75933 0.00073 
0.41689 0.75936 0.00132 
0.41686 0.75942 0.00193 
0.41685 0.75946 0.00274 
0.41685 0.75951 0.00352 
0.41687 0.75955 0.00426 
0.41689 0.75960 0.00501 
0.41693 0.75964 0.00583 
0.41698 0.75969 0.00667 
0.41707 0.75972 0.00754 
0.41716 0.75976 0.00839 
0.41728 0.75979 0.00929 
0.41742 0.75981 0.01022 
0.41760 0.75982 0.01119 
0.41779 0.75984 0.01216 
0.41802 0.75984 0.01317 
0.41829 0.75983 0.01421 
0.41860 0.75981 0.01528 
0.41894 0.75978 0.01636 
0.41934 0.75972 0.01749 
0.41979 0.75966 0.01862 
0.42029 0.75957 0.01978 
0.42085 0.75947 0.02096 
0.42147 0.75934 0.02216 
0.42216 0.75920 0.02338 
0.42292 0.75902 0.02461 
0.42376 0.75883 0.02584 
0.42468 0.75860 0.02709 
0.42568 0.75834 0.02833 
0.42677 0.75806 0.02957 
0.42795 0.75775 0.03079 
0.42923 0.75740 0.03199 
0.43060 0.75702 0.03316 
0.43208 0.75661 0.03428 
0.43367 0.75617 0.03536 
0.43538 0.75569 0.03638 
0.43722 0.75517 0.03730 
0.43919 0.75460 0.03814 
0.44129 0.75400 0.03880 
0.44358 0.75333 0.03938 
0.44595 0.75265 0.03965 
0.44858 0.75187 0.03983 
0.45120 0.75114 0.03950 
0.45422 0.75024 0.03906 
0.45698 0.74952 0.03784 
0.46038 0.74851 0.03632 
0.46305 0.74796 0.03358 
0.46644 0.74706 0.02970 
0.46707 0.74780 0.02344 
0.46529 0.75000 0.02191 
0.46754 0.75000 0.02229 
0.46995 0.75000 0.02269 
0.47252 0.75000 0.02310 
0.47525 0.75000 0.02352 
0.47816 0.75000 0.02395 
0.48127 0.75000 0.02441 
0.48458 0.75000 0.02488 
0.48810 0.75000 0.02536 
0.49185 0.75000 0.02585 
0.49584 0.75000 0.02636 
0.50008 0.75000 0.02687 
0.50459 0.75000 0.02740 
0.50938 0.75000 0.02794 
0.51446 0.75000 0.02848 
0.51986 0.75000 0.02903 
0.52558 0.75000 0.02958 
0.53163 0.75000 0.03013 
0.53804 0.75000 0.03069 
0.54481 0.75000 0.03124 
0.55196 0.75000 0.03179 
0.55950 0.75000 0.03234 
0.56743 0.75000 0.03287 
0.57578 0.75000 0.03340 
0.58454 0.75000 0.03392 
0.59372 0.75000 0.03442 
0.60333 0.75000 0.03490 
0.61337 0.75000 0.03536 
0.62383 0.75000 0.03580 
0.63472 0.75000 0.03622 
0.64602 0.75000 0.03660 
0.65773 0.75000 0.03694 
0.66984 0.75000 0.03723 
0.68232 0.75000 0.03748 
0.69516 0.75000 0.03767 
0.70833 0.75000 0.03779 
0.72180 0.75000 0.03784 
0.73556 0.75000 0.03782 
0.74955 0.75000 0.03770 
0.76376 0.75000 0.03750 
0.77813 0.75000 0.03720 
0.79263 0.75000 0.03681 
0.80722 0.75000 0.03632 
0.82185 0.75000 0.03574 
0.83648 0.75000 0.03507 
0.85106 0.75000 0.03432 
0.86556 0.75000 0.03350 
0.87994 0.75000 0.03261 
0.89414 0.75000 0.03167 
0.90814 0.75000 0.03069 
0.92189 0.75000 0.02967 
0.93537 0.75000 0.02864 
0.94854 0.75000 0.02759 
0.96138 0.75000 0.02653 
0.97386 0.75000 0.02548 
0.98596 0.75000 0.02443 
0.99767 0.75000 0.02340 
1.00898 0.75000 0.02239 
1.01986 0.75000 0.02139 
1.03033 0.75000 0.02041 
1.04037 0.75000 0.01946 
1.04998 0.75000 0.01853 
1.05916 0.75000 0.01762 
1.06792 0.75000 0.01674 
1.07626 0.75000 0.01588 
1.08420 0.75000 0.01505 
1.09174 0.75000 0.01424 
1.09888 0.75000 0.01347 
1.10565 0.75000 0.01272 
1.11206 0.75000 0.01200 
1.11812 0.75000 0.01131 
1.12384 0.75000 0.01065 
1.12923 0.75000 0.01002 
1.13432 0.75000 0.00942 
1.13911 0.75000 0.00884 
1.14362 0.75000 0.00830 
1.14786 0.75000 0.00778 
1.15185 0.75000 0.00730 
1.15560 0.75000 0.00684 
1.15912 0.75000 0.00640 
1.16243 0.75000 0.00599 
1.16553 0.75000 0.00561 
1.16844 0.75000 0.00525 
1.17118 0.75000 0.00491 
1.17374 0.75000 0.00459 
1.17615 0.75000 0.00430 
1.17841 0.75000 0.00402 
1.18052 0.75000 0.00376 
1.18251 0.75000 0.00352 
1.18437 0.75000 0.00329 
1.18611 0.75000 0.00308 
1.18775 0.75000 0.00287 
1.18928 0.75000 0.00269 
1.19072 0.75000 0.00251 
1.19207 0.75000 0.00234 
1.19334 0.75000 0.00219 
1.19452 0.75000 0.00204 
1.19564 0.75000 0.00190 
1.19668 0.75000 0.00177 
1.19766 0.75000 0.00165 
1.19858 0.75000 0.00154 
1.19944 0.75000 0.00143 
1.20025 0.75000 0.00133 
1.20101 0.75000 0.00123 
1.20173 0.75000 0.00114 
1.20240 0.75000 0.00106 
1.20303 0.75000 0.00098 
1.20361 0.75000 0.00090 
1.20417 0.75000 0.00083 
1.20469 0.75000 0.00077 
1.20517 0.75000 0.00071 
1.20563 0.75000 0.00065 
1.20606 0.75000 0.00059 
1.20646 0.75000 0.00054 
1.20683 0.75000 0.00050 
1.20719 0.75000 0.00045 
1.20751 0.75000 0.00041 
1.20782 0.75000 0.00037 
1.20811 0.75000 0.00033 
1.20838 0.75000 0.00030 
1.20862 0.75000 0.00027 
1.20886 0.75000 0.00024 
1.20907 0.75000 0.00021 
1.20927 0.75000 0.00018 
1.20945 0.75000 0.00016 
1.20962 0.75000 0.00014 
1.20978 0.75000 0.00012 
1.20992 0.75000 0.00010 
1.21005 0.75000 0.00008 
1.21016 0.75000 0.00007 
1.21027 0.75000 0.00006 
1.21036 0.75000 0.00004 
1.21044 0.75000 0.00003 
1.21051 0.75000 0.00002 
1.21057 0.75000 0.00002 
1.21062 0.75000 0.00001 
1.21065 0.75000 0.00001 
1.21068 0.75000 0.00000 
1.21069 0.75000 0.00000 
1.21070 0.75000 -0.00000 

ZONE T="SLICE_Y_1p4_BINS15_KS_1mm_SINGLE_LAYER"
1.39331 1.40000 -0.00000 
1.39330 1.40000 -0.00000 
1.39329 1.40000 -0.00000 
1.39327 1.40000 -0.00000 
1.39324 1.40000 -0.00001 
1.39321 1.40000 -0.00001 
1.39316 1.40000 -0.00002 
1.39311 1.40000 -0.00002 
1.39305 1.40000 -0.00003 
1.39298 1.40000 -0.00004 
1.39290 1.40000 -0.00005 
1.39282 1.40000 -0.00006 
1.39272 1.40000 -0.00008 
1.39261 1.40000 -0.00009 
1.39250 1.40000 -0.00010 
1.39237 1.40000 -0.00012 
1.39223 1.40000 -0.00014 
1.39208 1.40000 -0.00016 
1.39192 1.40000 -0.00018 
1.39174 1.40000 -0.00020 
1.39156 1.40000 -0.00022 
1.39136 1.40000 -0.00025 
1.39114 1.40000 -0.00028 
1.39091 1.40000 -0.00031 
1.39066 1.40000 -0.00034 
1.39040 1.40000 -0.00037 
1.39011 1.40000 -0.00041 
1.38981 1.40000 -0.00045 
1.38949 1.40000 -0.00049 
1.38915 1.40000 -0.00053 
1.38878 1.40000 -0.00058 
1.38839 1.40000 -0.00063 
1.38798 1.40000 -0.00068 
1.38753 1.40000 -0.00074 
1.38706 1.40000 -0.00080 
1.38656 1.40000 -0.00086 
1.38602 1.40000 -0.00093 
1.38545 1.40000 -0.00100 
1.38484 1.40000 -0.00107 
1.38419 1.40000 -0.00116 
1.38350 1.40000 -0.00124 
1.38276 1.40000 -0.00133 
1.38197 1.40000 -0.00143 
1.38114 1.40000 -0.00154 
1.38024 1.40000 -0.00165 
1.37929 1.40000 -0.00176 
1.37828 1.40000 -0.00189 
1.37719 1.40000 -0.00202 
1.37604 1.40000 -0.00216 
1.37481 1.40000 -0.00231 
1.37350 1.40000 -0.00247 
1.37210 1.40000 -0.00265 
1.37060 1.40000 -0.00283 
1.36901 1.40000 -0.00302 
1.36731 1.40000 -0.00323 
1.36550 1.40000 -0.00346 
1.36358 1.40000 -0.00369 
1.36152 1.40000 -0.00395 
1.35933 1.40000 -0.00422 
1.35699 1.40000 -0.00451 
1.35450 1.40000 -0.00482 
1.35185 1.40000 -0.00514 
1.34903 1.40000 -0.00549 
1.34603 1.40000 -0.00586 
1.34284 1.40000 -0.00624 
1.33945 1.40000 -0.00665 
1.33584 1.40000 -0.00708 
1.33202 1.40000 -0.00754 
1.32796 1.40000 -0.00801 
1.32366 1.40000 -0.00851 
1.31910 1.40000 -0.00903 
1.31428 1.40000 -0.00957 
1.30919 1.40000 -0.01013 
1.30381 1.40000 -0.01072 
1.29814 1.40000 -0.01132 
1.29217 1.40000 -0.01195 
1.28590 1.40000 -0.01259 
1.27930 1.40000 -0.01325 
1.27240 1.40000 -0.01394 
1.26517 1.40000 -0.01464 
1.25762 1.40000 -0.01536 
1.24975 1.40000 -0.01609 
1.24155 1.40000 -0.01684 
1.23305 1.40000 -0.01760 
1.22424 1.40000 -0.01838 
1.21514 1.40000 -0.01917 
1.20575 1.40000 -0.01996 
1.19609 1.40000 -0.02075 
1.18618 1.40000 -0.02154 
1.17604 1.40000 -0.02232 
1.16569 1.40000 -0.02309 
1.15517 1.40000 -0.02383 
1.14448 1.40000 -0.02453 
1.13367 1.40000 -0.02520 
1.12276 1.40000 -0.02582 
1.11179 1.40000 -0.02639 
1.10078 1.40000 -0.02689 
1.08978 1.40000 -0.02732 
1.07880 1.40000 -0.02769 
1.06789 1.40000 -0.02799 
1.05708 1.40000 -0.02821 
1.04640 1.40000 -0.02836 
1.03587 1.40000 -0.02845 
1.02552 1.40000 -0.02847 
1.01538 1.40000 -0.02843 
1.00547 1.40000 -0.02834 
0.99582 1.40000 -0.02819 
0.98643 1.40000 -0.02801 
0.97732 1.40000 -0.02779 
0.96851 1.40000 -0.02753 
0.96001 1.40000 -0.02724 
0.95182 1.40000 -0.02693 
0.94395 1.40000 -0.02660 
0.93639 1.40000 -0.02626 
0.92917 1.40000 -0.02589 
0.92226 1.40000 -0.02551 
0.91567 1.40000 -0.02513 
0.90939 1.40000 -0.02473 
0.90342 1.40000 -0.02433 
0.89775 1.40000 -0.02392 
0.89237 1.40000 -0.02350 
0.88728 1.40000 -0.02309 
0.88246 1.40000 -0.02267 
0.87790 1.40000 -0.02225 
0.87360 1.40000 -0.02184 
0.86954 1.40000 -0.02145 
0.86570 1.40001 -0.02121 
0.86208 1.40002 -0.02111 
0.85901 1.39986 -0.02096 
0.85854 1.39842 -0.02319 
0.85720 1.39761 -0.02802 
0.85192 1.39897 -0.03191 
0.84829 1.39949 -0.03410 
0.84485 1.40000 -0.03533 
0.84195 1.40029 -0.03617 
0.83928 1.40055 -0.03667 
0.83681 1.40077 -0.03693 
0.83453 1.40096 -0.03702 
0.83238 1.40114 -0.03695 
0.83038 1.40131 -0.03680 
0.82846 1.40150 -0.03654 
0.82664 1.40168 -0.03623 
0.82487 1.40189 -0.03584 
0.82317 1.40211 -0.03541 
0.82150 1.40236 -0.03493 
0.81988 1.40263 -0.03440 
0.81830 1.40291 -0.03383 
0.81675 1.40322 -0.03321 
0.81524 1.40353 -0.03255 
0.81378 1.40386 -0.03185 
0.81236 1.40419 -0.03111 
0.81099 1.40452 -0.03034 
0.80968 1.40485 -0.02953 
0.80842 1.40517 -0.02870 
0.80724 1.40547 -0.02785 
0.80611 1.40576 -0.02697 
0.80506 1.40604 -0.02609 
0.80407 1.40629 -0.02521 
0.80315 1.40653 -0.02433 
0.80229 1.40675 -0.02345 
0.80149 1.40696 -0.02257 
0.80075 1.40714 -0.02171 
0.80005 1.40731 -0.02087 
0.79942 1.40746 -0.02004 
0.79882 1.40761 -0.01922 
0.79829 1.40773 -0.01843 
0.79777 1.40786 -0.01764 
0.79732 1.40795 -0.01689 
0.79686 1.40806 -0.01614 
0.79648 1.40814 -0.01542 
0.79608 1.40823 -0.01471 
0.79575 1.40830 -0.01405 
0.79541 1.40838 -0.01338 
0.79514 1.40843 -0.01274 
0.79483 1.40851 -0.01208 
0.79460 1.40855 -0.01148 
0.79433 1.40862 -0.01085 
0.79413 1.40865 -0.01028 
0.79390 1.40871 -0.00970 
0.79371 1.40875 -0.00914 
0.79351 1.40881 -0.00854 
0.79337 1.40883 -0.00801 
0.79319 1.40889 -0.00746 
0.79304 1.40893 -0.00694 
0.79290 1.40897 -0.00639 
0.79279 1.40900 -0.00584 
0.79266 1.40905 -0.00522 
0.79258 1.40907 -0.00471 
0.79251 1.40910 -0.00421 
0.79247 1.40913 -0.00345 
0.79252 1.40914 -0.00247 
0.79275 1.40893 -0.00151 
0.79301 1.40851 -0.00175 
0.79283 1.40881 -0.00223 
0.79237 1.40923 -0.00147 
0.79211 1.40935 -0.00045 
0.79200 1.40940 0.00036 
0.79194 1.40946 0.00087 
0.79195 1.40947 0.00143 
0.79197 1.40949 0.00213 
0.79195 1.40954 0.00278 
0.79197 1.40957 0.00344 
0.79199 1.40960 0.00407 
0.79206 1.40961 0.00478 
0.79211 1.40965 0.00547 
0.79221 1.40965 0.00623 
0.79227 1.40968 0.00694 
0.79241 1.40968 0.00773 
0.79253 1.40969 0.00850 
0.79271 1.40968 0.00934 
0.79286 1.40969 0.01017 
0.79308 1.40966 0.01106 
0.79329 1.40965 0.01194 
0.79358 1.40960 0.01288 
0.79385 1.40957 0.01381 
0.79421 1.40950 0.01480 
0.79458 1.40944 0.01580 
0.79501 1.40934 0.01684 
0.79547 1.40924 0.01788 
0.79601 1.40911 0.01896 
0.79659 1.40897 0.02004 
0.79724 1.40879 0.02113 
0.79796 1.40860 0.02224 
0.79874 1.40837 0.02335 
0.79960 1.40813 0.02447 
0.80054 1.40785 0.02558 
0.80155 1.40754 0.02669 
0.80265 1.40720 0.02777 
0.80384 1.40683 0.02883 
0.80513 1.40643 0.02984 
0.80651 1.40598 0.03082 
0.80801 1.40550 0.03172 
0.80963 1.40498 0.03257 
0.81135 1.40442 0.03328 
0.81322 1.40380 0.03393 
0.81516 1.40317 0.03434 
0.81730 1.40246 0.03469 
0.81945 1.40177 0.03468 
0.82185 1.40098 0.03460 
0.82415 1.40027 0.03402 
0.82680 1.39941 0.03328 
0.82916 1.39875 0.03188 
0.83198 1.39788 0.03008 
0.83408 1.39745 0.02731 
0.83649 1.39691 0.02326 
0.83577 1.39818 0.01735 
0.83425 1.40000 0.01677 
0.83606 1.40000 0.01707 
0.83799 1.40000 0.01737 
0.84004 1.40000 0.01769 
0.84224 1.40000 0.01802 
0.84457 1.40000 0.01836 
0.84706 1.40000 0.01871 
0.84971 1.40000 0.01908 
0.85253 1.40000 0.01945 
0.85553 1.40000 0.01983 
0.85872 1.40000 0.02022 
0.86212 1.40000 0.02061 
0.86572 1.40000 0.02102 
0.86954 1.40000 0.02142 
0.87360 1.40000 0.02184 
0.87790 1.40000 0.02225 
0.88246 1.40000 0.02267 
0.88728 1.40000 0.02309 
0.89237 1.40000 0.02350 
0.89775 1.40000 0.02392 
0.90342 1.40000 0.02433 
0.90939 1.40000 0.02473 
0.91567 1.40000 0.02513 
0.92226 1.40000 0.02551 
0.92917 1.40000 0.02589 
0.93639 1.40000 0.02626 
0.94395 1.40000 0.02660 
0.95182 1.40000 0.02693 
0.96001 1.40000 0.02724 
0.96851 1.40000 0.02753 
0.97732 1.40000 0.02779 
0.98643 1.40000 0.02801 
0.99582 1.40000 0.02819 
1.00547 1.40000 0.02834 
1.01538 1.40000 0.02843 
1.02552 1.40000 0.02847 
1.03587 1.40000 0.02845 
1.04640 1.40000 0.02836 
1.05708 1.40000 0.02821 
1.06789 1.40000 0.02799 
1.07880 1.40000 0.02769 
1.08978 1.40000 0.02732 
1.10078 1.40000 0.02689 
1.11179 1.40000 0.02639 
1.12276 1.40000 0.02582 
1.13367 1.40000 0.02520 
1.14448 1.40000 0.02453 
1.15517 1.40000 0.02383 
1.16569 1.40000 0.02309 
1.17604 1.40000 0.02232 
1.18618 1.40000 0.02154 
1.19609 1.40000 0.02075 
1.20575 1.40000 0.01996 
1.21514 1.40000 0.01917 
1.22424 1.40000 0.01838 
1.23305 1.40000 0.01760 
1.24155 1.40000 0.01684 
1.24975 1.40000 0.01609 
1.25762 1.40000 0.01536 
1.26517 1.40000 0.01464 
1.27240 1.40000 0.01394 
1.27930 1.40000 0.01325 
1.28590 1.40000 0.01259 
1.29217 1.40000 0.01195 
1.29814 1.40000 0.01132 
1.30381 1.40000 0.01072 
1.30919 1.40000 0.01013 
1.31428 1.40000 0.00957 
1.31910 1.40000 0.00903 
1.32366 1.40000 0.00851 
1.32796 1.40000 0.00801 
1.33202 1.40000 0.00754 
1.33584 1.40000 0.00708 
1.33945 1.40000 0.00665 
1.34284 1.40000 0.00624 
1.34603 1.40000 0.00586 
1.34903 1.40000 0.00549 
1.35185 1.40000 0.00514 
1.35450 1.40000 0.00482 
1.35699 1.40000 0.00451 
1.35933 1.40000 0.00422 
1.36152 1.40000 0.00395 
1.36358 1.40000 0.00369 
1.36550 1.40000 0.00346 
1.36731 1.40000 0.00323 
1.36901 1.40000 0.00302 
1.37060 1.40000 0.00283 
1.37210 1.40000 0.00265 
1.37350 1.40000 0.00247 
1.37481 1.40000 0.00231 
1.37604 1.40000 0.00216 
1.37719 1.40000 0.00202 
1.37828 1.40000 0.00189 
1.37929 1.40000 0.00176 
1.38024 1.40000 0.00165 
1.38114 1.40000 0.00154 
1.38197 1.40000 0.00143 
1.38276 1.40000 0.00133 
1.38350 1.40000 0.00124 
1.38419 1.40000 0.00116 
1.38484 1.40000 0.00107 
1.38545 1.40000 0.00100 
1.38602 1.40000 0.00093 
1.38656 1.40000 0.00086 
1.38706 1.40000 0.00080 
1.38753 1.40000 0.00074 
1.38798 1.40000 0.00068 
1.38839 1.40000 0.00063 
1.38878 1.40000 0.00058 
1.38915 1.40000 0.00053 
1.38949 1.40000 0.00049 
1.38981 1.40000 0.00045 
1.39011 1.40000 0.00041 
1.39040 1.40000 0.00037 
1.39066 1.40000 0.00034 
1.39091 1.40000 0.00031 
1.39114 1.40000 0.00028 
1.39136 1.40000 0.00025 
1.39156 1.40000 0.00022 
1.39174 1.40000 0.00020 
1.39192 1.40000 0.00018 
1.39208 1.40000 0.00016 
1.39223 1.40000 0.00014 
1.39237 1.40000 0.00012 
1.39250 1.40000 0.00010 
1.39261 1.40000 0.00009 
1.39272 1.40000 0.00008 
1.39282 1.40000 0.00006 
1.39290 1.40000 0.00005 
1.39298 1.40000 0.00004 
1.39305 1.40000 0.00003 
1.39311 1.40000 0.00002 
1.39316 1.40000 0.00002 
1.39321 1.40000 0.00001 
1.39324 1.40000 0.00001 
1.39327 1.40000 0.00000 
1.39329 1.40000 0.00000 
1.39330 1.40000 0.00000 
1.39331 1.40000 -0.00000 

