#++++++++++++++++++++++++++++++++++++++++++++++++++++++++++++++++++++++++++++++++++++++++++++++++++++++++++++++++++++
#
#   IPW-3 Ice Shape DATA SUBMITTAL FORM for Test Case ONERAM6, May 18th 2026
#
#       NOMENCLATURE:
#             X_ICED [m]:  X-coordinate of the iced surface
#             Y_ICED [m]:  Y-coordinate of the iced surface
#             Z_ICED [m]:  Z-coordinate of the iced surface
#
#                XXmm:  Roughness height used for the case, in mm.
#                       In the zone name, use the format KS_XXmm.
#                       For example, if k_s = 1.5 mm, use KS_1p5mm. 
#                       For Variable roughness, use KS_VAR
#
#    FLOW CONDITIONS:
#                                   AOA: 2.0 deg
#                           Mach Number: 0.4 [-]
#       Mean aerodynamic chord (M.A.C.): 0.801673 [m]
#                       Reynolds Number: 4.2558 million (based on MAC)
#                       Freestream Temp: 267.15 [K]
#                        Reference area: 1.1532 [m2]
#               Moment Reference Center: 0.25, 0, 0 [m] (X, Y, Z)
#
#              NOTES: 1. Please use at least 5 decimal places in the numerical values
#                     2. If data are NOT provided, please fill data fields with a numerical value of "-999" 
#
#++++++++++++++++++++++++++++++++++++++++++++++++++++++++++++++++++++++++++++++++++++++++++++++++++++++++++++++++++++

AUXDATA NUM_LAYERS  = 5
VARIABLES = "X_ICED" "Y_ICED" "Z_ICED"
ZONE T="SLICE_Y_0p1_BINS07_KS_1mm_FINAL_LAYER"
1.02809 0.10000 -0.00000 
1.02786 0.10000 -0.00003 
1.02746 0.10000 -0.00008 
1.02719 0.10000 -0.00011 
1.02669 0.10000 -0.00017 
1.02639 0.10000 -0.00021 
1.02578 0.10000 -0.00029 
1.02544 0.10000 -0.00033 
1.02468 0.10000 -0.00042 
1.02432 0.10000 -0.00047 
1.02336 0.10000 -0.00059 
1.02298 0.10000 -0.00063 
1.02178 0.10000 -0.00078 
1.02141 0.10000 -0.00083 
1.01988 0.10000 -0.00102 
1.01955 0.10000 -0.00106 
1.01761 0.10000 -0.00130 
1.01736 0.10000 -0.00133 
1.01487 0.10000 -0.00164 
1.01481 0.10000 -0.00164 
1.01405 0.10000 -0.00174 
1.01159 0.10000 -0.00204 
1.01130 0.10000 -0.00208 
1.00766 0.10000 -0.00253 
1.00419 0.10000 -0.00296 
1.00294 0.10000 -0.00311 
0.99950 0.10000 -0.00354 
0.99727 0.10000 -0.00381 
0.99413 0.10000 -0.00420 
0.99047 0.10000 -0.00466 
0.98804 0.10000 -0.00496 
0.98231 0.10000 -0.00567 
0.98058 0.10000 -0.00588 
0.97340 0.10000 -0.00677 
0.96852 0.10000 -0.00737 
0.96447 0.10000 -0.00787 
0.95640 0.10000 -0.00887 
0.95552 0.10000 -0.00898 
0.95162 0.10000 -0.00945 
0.94599 0.10000 -0.01014 
0.94480 0.10000 -0.01028 
0.93649 0.10000 -0.01128 
0.93325 0.10000 -0.01167 
0.92696 0.10000 -0.01242 
0.92170 0.10000 -0.01303 
0.91754 0.10000 -0.01352 
0.91000 0.10000 -0.01438 
0.90830 0.10000 -0.01458 
0.90088 0.10000 -0.01542 
0.89918 0.10000 -0.01561 
0.89879 0.10000 -0.01565 
0.89030 0.10000 -0.01659 
0.88767 0.10000 -0.01688 
0.88181 0.10000 -0.01752 
0.87519 0.10000 -0.01823 
0.87211 0.10000 -0.01856 
0.86891 0.10000 -0.01890 
0.86371 0.10000 -0.01944 
0.85926 0.10000 -0.01991 
0.85553 0.10000 -0.02029 
0.85101 0.10000 -0.02075 
0.84559 0.10000 -0.02130 
0.84299 0.10000 -0.02156 
0.84116 0.10000 -0.02175 
0.83268 0.10000 -0.02259 
0.83179 0.10000 -0.02268 
0.82861 0.10000 -0.02299 
0.82260 0.10000 -0.02358 
0.82093 0.10000 -0.02374 
0.81374 0.10000 -0.02443 
0.81142 0.10000 -0.02465 
0.80789 0.10000 -0.02499 
0.80344 0.10000 -0.02541 
0.79783 0.10000 -0.02594 
0.79777 0.10000 -0.02594 
0.79296 0.10000 -0.02639 
0.78760 0.10000 -0.02689 
0.78702 0.10000 -0.02694 
0.78542 0.10000 -0.02709 
0.78045 0.10000 -0.02754 
0.77829 0.10000 -0.02774 
0.77316 0.10000 -0.02821 
0.76558 0.10000 -0.02889 
0.76492 0.10000 -0.02895 
0.76450 0.10000 -0.02898 
0.76130 0.10000 -0.02927 
0.75687 0.10000 -0.02966 
0.75607 0.10000 -0.02973 
0.75125 0.10000 -0.03016 
0.74643 0.10000 -0.03058 
0.74568 0.10000 -0.03064 
0.74503 0.10000 -0.03070 
0.73967 0.10000 -0.03116 
0.73614 0.10000 -0.03147 
0.73242 0.10000 -0.03179 
0.72788 0.10000 -0.03217 
0.72403 0.10000 -0.03250 
0.71960 0.10000 -0.03287 
0.71456 0.10000 -0.03329 
0.71141 0.10000 -0.03355 
0.70536 0.10000 -0.03405 
0.70510 0.10000 -0.03407 
0.69867 0.10000 -0.03459 
0.69673 0.10000 -0.03475 
0.68964 0.10000 -0.03531 
0.68734 0.10000 -0.03549 
0.68461 0.10000 -0.03571 
0.67942 0.10000 -0.03611 
0.67559 0.10000 -0.03641 
0.67094 0.10000 -0.03677 
0.66422 0.10000 -0.03727 
0.66355 0.10000 -0.03732 
0.66293 0.10000 -0.03737 
0.65605 0.10000 -0.03788 
0.64952 0.10000 -0.03835 
0.64854 0.10000 -0.03842 
0.64485 0.10000 -0.03868 
0.64063 0.10000 -0.03898 
0.63977 0.10000 -0.03904 
0.63231 0.10000 -0.03956 
0.62983 0.10000 -0.03972 
0.62532 0.10000 -0.04003 
0.62041 0.10000 -0.04035 
0.61792 0.10000 -0.04051 
0.61481 0.10000 -0.04071 
0.60986 0.10000 -0.04103 
0.60566 0.10000 -0.04129 
0.60200 0.10000 -0.04151 
0.59811 0.10000 -0.04174 
0.59563 0.10000 -0.04189 
0.58926 0.10000 -0.04226 
0.58790 0.10000 -0.04234 
0.57948 0.10000 -0.04281 
0.57930 0.10000 -0.04282 
0.57885 0.10000 -0.04284 
0.57158 0.10000 -0.04323 
0.56788 0.10000 -0.04341 
0.56401 0.10000 -0.04361 
0.55916 0.10000 -0.04384 
0.55592 0.10000 -0.04400 
0.55435 0.10000 -0.04407 
0.54553 0.10000 -0.04447 
0.54544 0.10000 -0.04447 
0.54533 0.10000 -0.04448 
0.53825 0.10000 -0.04478 
0.53522 0.10000 -0.04490 
0.53232 0.10000 -0.04502 
0.52788 0.10000 -0.04519 
0.52474 0.10000 -0.04531 
0.51713 0.10000 -0.04557 
0.51688 0.10000 -0.04558 
0.51675 0.10000 -0.04559 
0.50937 0.10000 -0.04583 
0.50641 0.10000 -0.04592 
0.50141 0.10000 -0.04607 
0.49895 0.10000 -0.04613 
0.49535 0.10000 -0.04623 
0.48760 0.10000 -0.04642 
0.48642 0.10000 -0.04645 
0.48568 0.10000 -0.04647 
0.48159 0.10000 -0.04656 
0.47812 0.10000 -0.04663 
0.47652 0.10000 -0.04666 
0.47185 0.10000 -0.04675 
0.46975 0.10000 -0.04679 
0.46308 0.10000 -0.04690 
0.46110 0.10000 -0.04693 
0.45723 0.10000 -0.04698 
0.45502 0.10000 -0.04701 
0.45167 0.10000 -0.04704 
0.44828 0.10000 -0.04708 
0.44707 0.10000 -0.04709 
0.43768 0.10000 -0.04716 
0.43741 0.10000 -0.04716 
0.43703 0.10000 -0.04716 
0.42874 0.10000 -0.04720 
0.42137 0.10000 -0.04721 
0.42126 0.10000 -0.04721 
0.42103 0.10000 -0.04721 
0.41316 0.10000 -0.04720 
0.40961 0.10000 -0.04719 
0.40517 0.10000 -0.04717 
0.40225 0.10000 -0.04715 
0.39983 0.10000 -0.04714 
0.39611 0.10000 -0.04710 
0.39250 0.10000 -0.04707 
0.38822 0.10000 -0.04703 
0.38659 0.10000 -0.04701 
0.38417 0.10000 -0.04698 
0.38128 0.10000 -0.04694 
0.37787 0.10000 -0.04690 
0.37753 0.10000 -0.04689 
0.37627 0.10000 -0.04687 
0.37288 0.10000 -0.04682 
0.37238 0.10000 -0.04682 
0.37089 0.10000 -0.04679 
0.36881 0.10000 -0.04676 
0.36564 0.10000 -0.04670 
0.36551 0.10000 -0.04670 
0.36538 0.10000 -0.04669 
0.36225 0.10000 -0.04664 
0.35984 0.10000 -0.04659 
0.35964 0.10000 -0.04658 
0.35952 0.10000 -0.04658 
0.35694 0.10000 -0.04653 
0.35543 0.10000 -0.04650 
0.35355 0.10000 -0.04646 
0.35221 0.10000 -0.04643 
0.35069 0.10000 -0.04639 
0.34969 0.10000 -0.04637 
0.34794 0.10000 -0.04633 
0.34699 0.10000 -0.04630 
0.34519 0.10000 -0.04626 
0.34481 0.10000 -0.04625 
0.34459 0.10000 -0.04625 
0.34208 0.10000 -0.04618 
0.34076 0.10000 -0.04615 
0.33883 0.10000 -0.04610 
0.33835 0.10000 -0.04608 
0.33656 0.10000 -0.04604 
0.33524 0.10000 -0.04600 
0.33475 0.10000 -0.04599 
0.33288 0.10000 -0.04593 
0.33209 0.10000 -0.04591 
0.32957 0.10000 -0.04584 
0.32951 0.10000 -0.04584 
0.32949 0.10000 -0.04584 
0.32720 0.10000 -0.04577 
0.32658 0.10000 -0.04575 
0.32490 0.10000 -0.04570 
0.32398 0.10000 -0.04567 
0.32248 0.10000 -0.04562 
0.32165 0.10000 -0.04559 
0.32002 0.10000 -0.04554 
0.31835 0.10000 -0.04549 
0.31783 0.10000 -0.04547 
0.31711 0.10000 -0.04545 
0.31564 0.10000 -0.04540 
0.31449 0.10000 -0.04536 
0.31349 0.10000 -0.04532 
0.31171 0.10000 -0.04526 
0.31089 0.10000 -0.04523 
0.30949 0.10000 -0.04518 
0.30882 0.10000 -0.04516 
0.30789 0.10000 -0.04513 
0.30676 0.10000 -0.04508 
0.30630 0.10000 -0.04507 
0.30430 0.10000 -0.04499 
0.30325 0.10000 -0.04495 
0.30268 0.10000 -0.04493 
0.30103 0.10000 -0.04487 
0.30046 0.10000 -0.04485 
0.29898 0.10000 -0.04479 
0.29845 0.10000 -0.04477 
0.29694 0.10000 -0.04471 
0.29535 0.10000 -0.04465 
0.29491 0.10000 -0.04463 
0.29304 0.10000 -0.04455 
0.29253 0.10000 -0.04453 
0.29067 0.10000 -0.04446 
0.29014 0.10000 -0.04444 
0.28871 0.10000 -0.04438 
0.28829 0.10000 -0.04436 
0.28686 0.10000 -0.04430 
0.28514 0.10000 -0.04422 
0.28452 0.10000 -0.04420 
0.28375 0.10000 -0.04416 
0.28242 0.10000 -0.04410 
0.28051 0.10000 -0.04402 
0.28042 0.10000 -0.04402 
0.28036 0.10000 -0.04401 
0.27869 0.10000 -0.04394 
0.27769 0.10000 -0.04389 
0.27710 0.10000 -0.04386 
0.27675 0.10000 -0.04385 
0.27514 0.10000 -0.04377 
0.27320 0.10000 -0.04368 
0.27318 0.10000 -0.04368 
0.27316 0.10000 -0.04368 
0.27124 0.10000 -0.04359 
0.27047 0.10000 -0.04355 
0.26836 0.10000 -0.04345 
0.26815 0.10000 -0.04344 
0.26789 0.10000 -0.04343 
0.26614 0.10000 -0.04334 
0.26458 0.10000 -0.04326 
0.26437 0.10000 -0.04325 
0.26389 0.10000 -0.04323 
0.26267 0.10000 -0.04316 
0.26231 0.10000 -0.04315 
0.26069 0.10000 -0.04306 
0.25984 0.10000 -0.04302 
0.25871 0.10000 -0.04296 
0.25684 0.10000 -0.04286 
0.25649 0.10000 -0.04284 
0.25475 0.10000 -0.04275 
0.25417 0.10000 -0.04272 
0.25404 0.10000 -0.04271 
0.25172 0.10000 -0.04259 
0.25053 0.10000 -0.04252 
0.24940 0.10000 -0.04246 
0.24743 0.10000 -0.04235 
0.24701 0.10000 -0.04232 
0.24604 0.10000 -0.04227 
0.24469 0.10000 -0.04219 
0.24411 0.10000 -0.04216 
0.24264 0.10000 -0.04208 
0.24063 0.10000 -0.04196 
0.24011 0.10000 -0.04193 
0.23965 0.10000 -0.04190 
0.23795 0.10000 -0.04180 
0.23739 0.10000 -0.04177 
0.23620 0.10000 -0.04169 
0.23482 0.10000 -0.04161 
0.23402 0.10000 -0.04156 
0.23218 0.10000 -0.04145 
0.23176 0.10000 -0.04142 
0.23011 0.10000 -0.04132 
0.22838 0.10000 -0.04121 
0.22837 0.10000 -0.04121 
0.22836 0.10000 -0.04120 
0.22669 0.10000 -0.04110 
0.22518 0.10000 -0.04100 
0.22497 0.10000 -0.04098 
0.22486 0.10000 -0.04098 
0.22327 0.10000 -0.04087 
0.22137 0.10000 -0.04075 
0.22096 0.10000 -0.04072 
0.21989 0.10000 -0.04064 
0.21873 0.10000 -0.04057 
0.21838 0.10000 -0.04054 
0.21620 0.10000 -0.04039 
0.21551 0.10000 -0.04034 
0.21403 0.10000 -0.04024 
0.21311 0.10000 -0.04017 
0.21209 0.10000 -0.04010 
0.21093 0.10000 -0.04002 
0.21017 0.10000 -0.03996 
0.20885 0.10000 -0.03987 
0.20810 0.10000 -0.03981 
0.20701 0.10000 -0.03973 
0.20597 0.10000 -0.03965 
0.20426 0.10000 -0.03952 
0.20358 0.10000 -0.03947 
0.20228 0.10000 -0.03937 
0.20114 0.10000 -0.03929 
0.20019 0.10000 -0.03921 
0.19837 0.10000 -0.03907 
0.19803 0.10000 -0.03904 
0.19781 0.10000 -0.03902 
0.19590 0.10000 -0.03887 
0.19398 0.10000 -0.03872 
0.19373 0.10000 -0.03869 
0.19346 0.10000 -0.03867 
0.19175 0.10000 -0.03853 
0.19071 0.10000 -0.03844 
0.18943 0.10000 -0.03834 
0.18895 0.10000 -0.03830 
0.18842 0.10000 -0.03825 
0.18723 0.10000 -0.03815 
0.18520 0.10000 -0.03798 
0.18511 0.10000 -0.03797 
0.18502 0.10000 -0.03796 
0.18302 0.10000 -0.03779 
0.18160 0.10000 -0.03766 
0.18096 0.10000 -0.03761 
0.18029 0.10000 -0.03755 
0.17874 0.10000 -0.03741 
0.17745 0.10000 -0.03729 
0.17668 0.10000 -0.03722 
0.17523 0.10000 -0.03709 
0.17430 0.10000 -0.03700 
0.17389 0.10000 -0.03696 
0.17232 0.10000 -0.03681 
0.17144 0.10000 -0.03673 
0.17001 0.10000 -0.03659 
0.16890 0.10000 -0.03649 
0.16783 0.10000 -0.03638 
0.16636 0.10000 -0.03624 
0.16545 0.10000 -0.03615 
0.16367 0.10000 -0.03597 
0.16311 0.10000 -0.03591 
0.16121 0.10000 -0.03572 
0.16083 0.10000 -0.03568 
0.15877 0.10000 -0.03546 
0.15869 0.10000 -0.03546 
0.15868 0.10000 -0.03546 
0.15745 0.10000 -0.03533 
0.15644 0.10000 -0.03522 
0.15643 0.10000 -0.03522 
0.15636 0.10000 -0.03521 
0.15437 0.10000 -0.03500 
0.15412 0.10000 -0.03497 
0.15345 0.10000 -0.03490 
0.15234 0.10000 -0.03478 
0.15187 0.10000 -0.03473 
0.15018 0.10000 -0.03454 
0.14911 0.10000 -0.03442 
0.14828 0.10000 -0.03433 
0.14659 0.10000 -0.03413 
0.14591 0.10000 -0.03406 
0.14532 0.10000 -0.03399 
0.14377 0.10000 -0.03380 
0.14286 0.10000 -0.03368 
0.14134 0.10000 -0.03349 
0.14038 0.10000 -0.03336 
0.13939 0.10000 -0.03322 
0.13816 0.10000 -0.03305 
0.13741 0.10000 -0.03295 
0.13558 0.10000 -0.03270 
0.13520 0.10000 -0.03265 
0.13406 0.10000 -0.03252 
0.13283 0.10000 -0.03237 
0.13202 0.10000 -0.03230 
0.13057 0.10000 -0.03217 
0.12946 0.10000 -0.03212 
0.12808 0.10000 -0.03208 
0.12670 0.10000 -0.03210 
0.12589 0.10000 -0.03210 
0.12384 0.10000 -0.03228 
0.12383 0.10000 -0.03228 
0.12382 0.10000 -0.03228 
0.12199 0.10000 -0.03266 
0.12102 0.10000 -0.03291 
0.11965 0.10000 -0.03328 
0.11869 0.10000 -0.03356 
0.11755 0.10000 -0.03387 
0.11613 0.10000 -0.03427 
0.11557 0.10000 -0.03440 
0.11475 0.10000 -0.03449 
0.11332 0.10000 -0.03468 
0.11128 0.10000 -0.03456 
0.11081 0.10000 -0.03452 
0.11063 0.10000 -0.03448 
0.10807 0.10000 -0.03386 
0.10781 0.10000 -0.03376 
0.10654 0.10000 -0.03320 
0.10584 0.10000 -0.03288 
0.10530 0.10000 -0.03265 
0.10370 0.10000 -0.03196 
0.10313 0.10000 -0.03180 
0.10063 0.10000 -0.03100 
0.09978 0.10000 -0.03084 
0.09797 0.10000 -0.03050 
0.09670 0.10000 -0.03043 
0.09551 0.10000 -0.03035 
0.09309 0.10000 -0.03030 
0.09267 0.10000 -0.03030 
0.09246 0.10000 -0.03030 
0.09161 0.10000 -0.03028 
0.08936 0.10000 -0.03026 
0.08863 0.10000 -0.03027 
0.08715 0.10000 -0.03025 
0.08606 0.10000 -0.03025 
0.08422 0.10000 -0.03029 
0.08380 0.10000 -0.03030 
0.08147 0.10000 -0.03047 
0.08142 0.10000 -0.03047 
0.07946 0.10000 -0.03067 
0.07888 0.10000 -0.03072 
0.07887 0.10000 -0.03073 
0.07864 0.10000 -0.03076 
0.07666 0.10000 -0.03107 
0.07648 0.10000 -0.03110 
0.07474 0.10000 -0.03150 
0.07318 0.10000 -0.03192 
0.07276 0.10000 -0.03204 
0.07259 0.10000 -0.03211 
0.07074 0.10000 -0.03274 
0.07022 0.10000 -0.03298 
0.06842 0.10000 -0.03387 
0.06768 0.10000 -0.03424 
0.06589 0.10000 -0.03532 
0.06567 0.10000 -0.03544 
0.06558 0.10000 -0.03550 
0.06362 0.10000 -0.03659 
0.06269 0.10000 -0.03706 
0.06155 0.10000 -0.03750 
0.06053 0.10000 -0.03777 
0.05861 0.10000 -0.03824 
0.05809 0.10000 -0.03831 
0.05763 0.10000 -0.03840 
0.05556 0.10000 -0.03839 
0.05346 0.10000 -0.03899 
0.05340 0.10000 -0.03901 
0.05334 0.10000 -0.03902 
0.05102 0.10000 -0.03934 
0.04949 0.10000 -0.03922 
0.04873 0.10000 -0.03925 
0.04730 0.10000 -0.03916 
0.04675 0.10000 -0.03922 
0.04521 0.10000 -0.03994 
0.04488 0.10000 -0.04006 
0.04432 0.10000 -0.04045 
0.04318 0.10000 -0.04108 
0.04245 0.10000 -0.04150 
0.04144 0.10000 -0.04213 
0.03988 0.10000 -0.04311 
0.03974 0.10000 -0.04323 
0.03811 0.10000 -0.04407 
0.03672 0.10000 -0.04470 
0.03563 0.10000 -0.04516 
0.03374 0.10000 -0.04572 
0.03302 0.10000 -0.04597 
0.03141 0.10000 -0.04650 
0.03067 0.10000 -0.04665 
0.02870 0.10000 -0.04650 
0.02814 0.10000 -0.04632 
0.02665 0.10000 -0.04581 
0.02595 0.10000 -0.04541 
0.02489 0.10000 -0.04483 
0.02410 0.10000 -0.04423 
0.02337 0.10000 -0.04373 
0.02215 0.10000 -0.04274 
0.02174 0.10000 -0.04238 
0.02123 0.10000 -0.04172 
0.02071 0.10000 -0.04080 
0.02025 0.10000 -0.03932 
0.02015 0.10000 -0.03894 
0.01992 0.10000 -0.03704 
0.01986 0.10000 -0.03636 
0.01990 0.10000 -0.03621 
0.02061 0.10000 -0.03405 
0.02127 0.10000 -0.03314 
0.02178 0.10000 -0.03238 
0.02269 0.10000 -0.03087 
0.02284 0.10000 -0.03061 
0.02297 0.10000 -0.03048 
0.02422 0.10000 -0.02908 
0.02562 0.10000 -0.02834 
0.02614 0.10000 -0.02806 
0.02717 0.10000 -0.02775 
0.02835 0.10000 -0.02740 
0.02898 0.10000 -0.02727 
0.03062 0.10000 -0.02695 
0.03129 0.10000 -0.02689 
0.03245 0.10000 -0.02678 
0.03463 0.10000 -0.02676 
0.03473 0.10000 -0.02676 
0.03479 0.10000 -0.02676 
0.03692 0.10000 -0.02677 
0.03813 0.10000 -0.02674 
0.03922 0.10000 -0.02660 
0.04084 0.10000 -0.02661 
0.04188 0.10000 -0.02650 
0.04322 0.10000 -0.02655 
0.04503 0.10000 -0.02665 
0.04568 0.10000 -0.02677 
0.04786 0.10000 -0.02656 
0.04858 0.10000 -0.02651 
0.04871 0.10000 -0.02648 
0.04914 0.10000 -0.02639 
0.05131 0.10000 -0.02617 
0.05235 0.10000 -0.02582 
0.05399 0.10000 -0.02491 
0.05529 0.10000 -0.02379 
0.05703 0.10000 -0.02186 
0.05704 0.10000 -0.02185 
0.05705 0.10000 -0.02184 
0.05824 0.10000 -0.02018 
0.05867 0.10000 -0.01944 
0.05910 0.10000 -0.01882 
0.05969 0.10000 -0.01775 
0.06012 0.10000 -0.01689 
0.06053 0.10000 -0.01595 
0.06096 0.10000 -0.01441 
0.06104 0.10000 -0.01410 
0.06105 0.10000 -0.01373 
0.06108 0.10000 -0.01229 
0.06083 0.10000 -0.01077 
0.06067 0.10000 -0.01019 
0.06020 0.10000 -0.00884 
0.05992 0.10000 -0.00811 
0.05936 0.10000 -0.00658 
0.05914 0.10000 -0.00600 
0.05879 0.10000 -0.00487 
0.05850 0.10000 -0.00391 
0.05831 0.10000 -0.00282 
0.05812 0.10000 -0.00176 
0.05804 0.10000 -0.00118 
0.05783 0.10000 0.00061 
0.05767 0.10000 0.00186 
0.05745 0.10000 0.00339 
0.05717 0.10000 0.00492 
0.05698 0.10000 0.00585 
0.05679 0.10000 0.00675 
0.05628 0.10000 0.00909 
0.05596 0.10000 0.01027 
0.05561 0.10000 0.01162 
0.05503 0.10000 0.01334 
0.05492 0.10000 0.01368 
0.05450 0.10000 0.01467 
0.05415 0.10000 0.01550 
0.05398 0.10000 0.01582 
0.05328 0.10000 0.01715 
0.05275 0.10000 0.01798 
0.05242 0.10000 0.01853 
0.05165 0.10000 0.01954 
0.05125 0.10000 0.02009 
0.05017 0.10000 0.02111 
0.04921 0.10000 0.02206 
0.04817 0.10000 0.02270 
0.04705 0.10000 0.02342 
0.04595 0.10000 0.02392 
0.04491 0.10000 0.02441 
0.04408 0.10000 0.02474 
0.04245 0.10000 0.02538 
0.04159 0.10000 0.02570 
0.03993 0.10000 0.02621 
0.03909 0.10000 0.02634 
0.03740 0.10000 0.02646 
0.03623 0.10000 0.02649 
0.03450 0.10000 0.02667 
0.03385 0.10000 0.02681 
0.03125 0.10000 0.02750 
0.03122 0.10000 0.02751 
0.03120 0.10000 0.02751 
0.02831 0.10000 0.02779 
0.02821 0.10000 0.02778 
0.02804 0.10000 0.02779 
0.02582 0.10000 0.02776 
0.02442 0.10000 0.02777 
0.02392 0.10000 0.02768 
0.02224 0.10000 0.02752 
0.02197 0.10000 0.02739 
0.02065 0.10000 0.02654 
0.01897 0.10000 0.02554 
0.01845 0.10000 0.02527 
0.01788 0.10000 0.02505 
0.01627 0.10000 0.02415 
0.01481 0.10000 0.02365 
0.01430 0.10000 0.02350 
0.01357 0.10000 0.02351 
0.01228 0.10000 0.02357 
0.01111 0.10000 0.02387 
0.01048 0.10000 0.02408 
0.00987 0.10000 0.02416 
0.00861 0.10000 0.02425 
0.00748 0.10000 0.02421 
0.00646 0.10000 0.02421 
0.00512 0.10000 0.02426 
0.00434 0.10000 0.02427 
0.00292 0.10000 0.02455 
0.00177 0.10000 0.02483 
0.00029 0.10000 0.02554 
-0.00112 0.10000 0.02631 
-0.00146 0.10000 0.02654 
-0.00263 0.10000 0.02814 
-0.00309 0.10000 0.02879 
-0.00388 0.10000 0.03046 
-0.00419 0.10000 0.03110 
-0.00423 0.10000 0.03218 
-0.00414 0.10000 0.03273 
-0.00354 0.10000 0.03435 
-0.00326 0.10000 0.03485 
-0.00166 0.10000 0.03666 
-0.00154 0.10000 0.03677 
0.00074 0.10000 0.03803 
0.00087 0.10000 0.03811 
0.00149 0.10000 0.03839 
0.00295 0.10000 0.03899 
0.00326 0.10000 0.03910 
0.00514 0.10000 0.03969 
0.00632 0.10000 0.04006 
0.00680 0.10000 0.04021 
0.00852 0.10000 0.04063 
0.00861 0.10000 0.04066 
0.00929 0.10000 0.04078 
0.01087 0.10000 0.04106 
0.01103 0.10000 0.04106 
0.01128 0.10000 0.04103 
0.01345 0.10000 0.04082 
0.01534 0.10000 0.04021 
0.01561 0.10000 0.04011 
0.01589 0.10000 0.04000 
0.01771 0.10000 0.03918 
0.01911 0.10000 0.03859 
0.01995 0.10000 0.03832 
0.02101 0.10000 0.03809 
0.02194 0.10000 0.03779 
0.02265 0.10000 0.03770 
0.02399 0.10000 0.03771 
0.02524 0.10000 0.03784 
0.02660 0.10000 0.03774 
0.02749 0.10000 0.03770 
0.02828 0.10000 0.03775 
0.02991 0.10000 0.03820 
0.03110 0.10000 0.03836 
0.03193 0.10000 0.03842 
0.03311 0.10000 0.03853 
0.03417 0.10000 0.03833 
0.03507 0.10000 0.03826 
0.03633 0.10000 0.03802 
0.03776 0.10000 0.03758 
0.03910 0.10000 0.03732 
0.03998 0.10000 0.03713 
0.04152 0.10000 0.03702 
0.04245 0.10000 0.03693 
0.04439 0.10000 0.03662 
0.04486 0.10000 0.03653 
0.04590 0.10000 0.03622 
0.04694 0.10000 0.03589 
0.04754 0.10000 0.03566 
0.04882 0.10000 0.03515 
0.05041 0.10000 0.03466 
0.05078 0.10000 0.03456 
0.05096 0.10000 0.03453 
0.05248 0.10000 0.03430 
0.05312 0.10000 0.03426 
0.05430 0.10000 0.03406 
0.05529 0.10000 0.03394 
0.05642 0.10000 0.03362 
0.05740 0.10000 0.03330 
0.05838 0.10000 0.03292 
0.05936 0.10000 0.03261 
0.06026 0.10000 0.03219 
0.06104 0.10000 0.03179 
0.06181 0.10000 0.03137 
0.06259 0.10000 0.03094 
0.06421 0.10000 0.03007 
0.06453 0.10000 0.02990 
0.06492 0.10000 0.02974 
0.06648 0.10000 0.02908 
0.06818 0.10000 0.02853 
0.06859 0.10000 0.02839 
0.06882 0.10000 0.02833 
0.07154 0.10000 0.02759 
0.07195 0.10000 0.02750 
0.07288 0.10000 0.02728 
0.07441 0.10000 0.02690 
0.07510 0.10000 0.02673 
0.07643 0.10000 0.02643 
0.07717 0.10000 0.02627 
0.07858 0.10000 0.02603 
0.07938 0.10000 0.02589 
0.08100 0.10000 0.02572 
0.08141 0.10000 0.02568 
0.08333 0.10000 0.02557 
0.08350 0.10000 0.02556 
0.08529 0.10000 0.02555 
0.08595 0.10000 0.02554 
0.08602 0.10000 0.02555 
0.08815 0.10000 0.02564 
0.08867 0.10000 0.02570 
0.09029 0.10000 0.02586 
0.09118 0.10000 0.02598 
0.09243 0.10000 0.02616 
0.09353 0.10000 0.02636 
0.09452 0.10000 0.02652 
0.09523 0.10000 0.02665 
0.09588 0.10000 0.02676 
0.09682 0.10000 0.02692 
0.09850 0.10000 0.02724 
0.09902 0.10000 0.02734 
0.09972 0.10000 0.02748 
0.10124 0.10000 0.02778 
0.10262 0.10000 0.02806 
0.10283 0.10000 0.02810 
0.10354 0.10000 0.02823 
0.10485 0.10000 0.02847 
0.10511 0.10000 0.02852 
0.10694 0.10000 0.02883 
0.10806 0.10000 0.02900 
0.10901 0.10000 0.02915 
0.11044 0.10000 0.02936 
0.11094 0.10000 0.02943 
0.11257 0.10000 0.02967 
0.11291 0.10000 0.02972 
0.11415 0.10000 0.02990 
0.11499 0.10000 0.03002 
0.11529 0.10000 0.03007 
0.11711 0.10000 0.03033 
0.11808 0.10000 0.03047 
0.11917 0.10000 0.03062 
0.12127 0.10000 0.03092 
0.12148 0.10000 0.03095 
0.12163 0.10000 0.03097 
0.12417 0.10000 0.03132 
0.12550 0.10000 0.03150 
0.12648 0.10000 0.03163 
0.12849 0.10000 0.03190 
0.12899 0.10000 0.03197 
0.12922 0.10000 0.03200 
0.13148 0.10000 0.03229 
0.13238 0.10000 0.03241 
0.13517 0.10000 0.03276 
0.13576 0.10000 0.03284 
0.13657 0.10000 0.03294 
0.13847 0.10000 0.03317 
0.14085 0.10000 0.03346 
0.14088 0.10000 0.03346 
0.14091 0.10000 0.03347 
0.14329 0.10000 0.03375 
0.14516 0.10000 0.03397 
0.14566 0.10000 0.03403 
0.14631 0.10000 0.03410 
0.14795 0.10000 0.03429 
0.14901 0.10000 0.03441 
0.14996 0.10000 0.03452 
0.15132 0.10000 0.03467 
0.15183 0.10000 0.03473 
0.15260 0.10000 0.03481 
0.15382 0.10000 0.03494 
0.15442 0.10000 0.03501 
0.15594 0.10000 0.03517 
0.15858 0.10000 0.03545 
0.15867 0.10000 0.03546 
0.15872 0.10000 0.03547 
0.16186 0.10000 0.03579 
0.16187 0.10000 0.03579 
0.16189 0.10000 0.03579 
0.16414 0.10000 0.03602 
0.16589 0.10000 0.03620 
0.16616 0.10000 0.03622 
0.16712 0.10000 0.03632 
0.16814 0.10000 0.03642 
0.16848 0.10000 0.03645 
0.16992 0.10000 0.03659 
0.17142 0.10000 0.03674 
0.17259 0.10000 0.03685 
0.17442 0.10000 0.03702 
0.17482 0.10000 0.03705 
0.17505 0.10000 0.03708 
0.17720 0.10000 0.03727 
0.17787 0.10000 0.03733 
0.17907 0.10000 0.03744 
0.17923 0.10000 0.03745 
0.18087 0.10000 0.03760 
0.18159 0.10000 0.03766 
0.18366 0.10000 0.03785 
0.18444 0.10000 0.03791 
0.18601 0.10000 0.03805 
0.18631 0.10000 0.03808 
0.18686 0.10000 0.03812 
0.18844 0.10000 0.03826 
0.18920 0.10000 0.03832 
0.19058 0.10000 0.03844 
0.19152 0.10000 0.03852 
0.19298 0.10000 0.03864 
0.19469 0.10000 0.03878 
0.19520 0.10000 0.03882 
0.19622 0.10000 0.03890 
0.19711 0.10000 0.03897 
0.19806 0.10000 0.03905 
0.19905 0.10000 0.03912 
0.19970 0.10000 0.03917 
0.20118 0.10000 0.03929 
0.20267 0.10000 0.03940 
0.20339 0.10000 0.03946 
0.20463 0.10000 0.03955 
0.20578 0.10000 0.03964 
0.20612 0.10000 0.03966 
0.20684 0.10000 0.03972 
0.20835 0.10000 0.03983 
0.20920 0.10000 0.03989 
0.21084 0.10000 0.04001 
0.21234 0.10000 0.04012 
0.21307 0.10000 0.04017 
0.21490 0.10000 0.04030 
0.21514 0.10000 0.04031 
0.21524 0.10000 0.04032 
0.21640 0.10000 0.04040 
0.21715 0.10000 0.04045 
0.21724 0.10000 0.04046 
0.21876 0.10000 0.04056 
0.22023 0.10000 0.04066 
0.22071 0.10000 0.04070 
0.22182 0.10000 0.04077 
0.22278 0.10000 0.04084 
0.22319 0.10000 0.04086 
0.22462 0.10000 0.04096 
0.22599 0.10000 0.04105 
0.22670 0.10000 0.04109 
0.22857 0.10000 0.04121 
0.22881 0.10000 0.04123 
0.22891 0.10000 0.04124 
0.23098 0.10000 0.04137 
0.23173 0.10000 0.04141 
0.23310 0.10000 0.04150 
0.23517 0.10000 0.04163 
0.23525 0.10000 0.04163 
0.23533 0.10000 0.04164 
0.23732 0.10000 0.04176 
0.23865 0.10000 0.04184 
0.24009 0.10000 0.04192 
0.24089 0.10000 0.04197 
0.24334 0.10000 0.04211 
0.24345 0.10000 0.04212 
0.24377 0.10000 0.04214 
0.24555 0.10000 0.04224 
0.24624 0.10000 0.04228 
0.24794 0.10000 0.04238 
0.24910 0.10000 0.04244 
0.25006 0.10000 0.04250 
0.25220 0.10000 0.04261 
0.25221 0.10000 0.04261 
0.25223 0.10000 0.04262 
0.25395 0.10000 0.04271 
0.25466 0.10000 0.04275 
0.25610 0.10000 0.04282 
0.25705 0.10000 0.04287 
0.25820 0.10000 0.04294 
0.25903 0.10000 0.04298 
0.26023 0.10000 0.04304 
0.26106 0.10000 0.04308 
0.26188 0.10000 0.04312 
0.26356 0.10000 0.04321 
0.26403 0.10000 0.04323 
0.26552 0.10000 0.04331 
0.26606 0.10000 0.04334 
0.26624 0.10000 0.04334 
0.26816 0.10000 0.04344 
0.26879 0.10000 0.04347 
0.27027 0.10000 0.04354 
0.27175 0.10000 0.04361 
0.27262 0.10000 0.04365 
0.27380 0.10000 0.04371 
0.27513 0.10000 0.04377 
0.27641 0.10000 0.04383 
0.27742 0.10000 0.04388 
0.27843 0.10000 0.04393 
0.27957 0.10000 0.04398 
0.28069 0.10000 0.04403 
0.28168 0.10000 0.04407 
0.28238 0.10000 0.04410 
0.28418 0.10000 0.04418 
0.28596 0.10000 0.04426 
0.28656 0.10000 0.04428 
0.28740 0.10000 0.04432 
0.28911 0.10000 0.04439 
0.29007 0.10000 0.04443 
0.29186 0.10000 0.04451 
0.29314 0.10000 0.04456 
0.29417 0.10000 0.04460 
0.29599 0.10000 0.04467 
0.29663 0.10000 0.04470 
0.29842 0.10000 0.04477 
0.29889 0.10000 0.04479 
0.30036 0.10000 0.04485 
0.30199 0.10000 0.04491 
0.30275 0.10000 0.04494 
0.30441 0.10000 0.04500 
0.30613 0.10000 0.04506 
0.30655 0.10000 0.04508 
0.30809 0.10000 0.04513 
0.30958 0.10000 0.04519 
0.31057 0.10000 0.04522 
0.31219 0.10000 0.04528 
0.31349 0.10000 0.04532 
0.31429 0.10000 0.04535 
0.31521 0.10000 0.04538 
0.31653 0.10000 0.04543 
0.31829 0.10000 0.04549 
0.31905 0.10000 0.04551 
0.31971 0.10000 0.04553 
0.32136 0.10000 0.04559 
0.32295 0.10000 0.04564 
0.32364 0.10000 0.04566 
0.32428 0.10000 0.04568 
0.32556 0.10000 0.04572 
0.32696 0.10000 0.04576 
0.32784 0.10000 0.04579 
0.32952 0.10000 0.04584 
0.33018 0.10000 0.04586 
0.33053 0.10000 0.04587 
0.33206 0.10000 0.04591 
0.33401 0.10000 0.04597 
0.33404 0.10000 0.04597 
0.33414 0.10000 0.04597 
0.33636 0.10000 0.04603 
0.33678 0.10000 0.04604 
0.33873 0.10000 0.04609 
0.33974 0.10000 0.04612 
0.34076 0.10000 0.04615 
0.34150 0.10000 0.04617 
0.34325 0.10000 0.04621 
0.34427 0.10000 0.04624 
0.34605 0.10000 0.04628 
0.34703 0.10000 0.04630 
0.34829 0.10000 0.04634 
0.35045 0.10000 0.04639 
0.35069 0.10000 0.04639 
0.35086 0.10000 0.04639 
0.35294 0.10000 0.04644 
0.35437 0.10000 0.04647 
0.35519 0.10000 0.04649 
0.35688 0.10000 0.04653 
0.35749 0.10000 0.04654 
0.35794 0.10000 0.04655 
0.35979 0.10000 0.04659 
0.36118 0.10000 0.04661 
0.36179 0.10000 0.04663 
0.36438 0.10000 0.04668 
0.36466 0.10000 0.04668 
0.36504 0.10000 0.04669 
0.36791 0.10000 0.04674 
0.36923 0.10000 0.04676 
0.37089 0.10000 0.04679 
0.37417 0.10000 0.04684 
0.37452 0.10000 0.04685 
0.37468 0.10000 0.04685 
0.37618 0.10000 0.04687 
0.37936 0.10000 0.04692 
0.37991 0.10000 0.04693 
0.38348 0.10000 0.04697 
0.38586 0.10000 0.04700 
0.38806 0.10000 0.04703 
0.38942 0.10000 0.04704 
0.39227 0.10000 0.04707 
0.39577 0.10000 0.04710 
0.39833 0.10000 0.04712 
0.40173 0.10000 0.04715 
0.40437 0.10000 0.04716 
0.40814 0.10000 0.04718 
0.41372 0.10000 0.04720 
0.41532 0.10000 0.04720 
0.41629 0.10000 0.04720 
0.42703 0.10000 0.04720 
0.42751 0.10000 0.04720 
0.43462 0.10000 0.04717 
0.43792 0.10000 0.04716 
0.43807 0.10000 0.04716 
0.43823 0.10000 0.04716 
0.44113 0.10000 0.04714 
0.44771 0.10000 0.04708 
0.44814 0.10000 0.04708 
0.45624 0.10000 0.04699 
0.45685 0.10000 0.04698 
0.46331 0.10000 0.04689 
0.46649 0.10000 0.04685 
0.46676 0.10000 0.04684 
0.46745 0.10000 0.04683 
0.47500 0.10000 0.04669 
0.48124 0.10000 0.04657 
0.48177 0.10000 0.04656 
0.48267 0.10000 0.04654 
0.48963 0.10000 0.04638 
0.49475 0.10000 0.04625 
0.49638 0.10000 0.04621 
0.49917 0.10000 0.04613 
0.50323 0.10000 0.04601 
0.50504 0.10000 0.04596 
0.51001 0.10000 0.04581 
0.51425 0.10000 0.04567 
0.51777 0.10000 0.04555 
0.52386 0.10000 0.04534 
0.52781 0.10000 0.04519 
0.53260 0.10000 0.04501 
0.53785 0.10000 0.04479 
0.54148 0.10000 0.04464 
0.54718 0.10000 0.04440 
0.55063 0.10000 0.04424 
0.55583 0.10000 0.04400 
0.56097 0.10000 0.04376 
0.56529 0.10000 0.04354 
0.57265 0.10000 0.04317 
0.57349 0.10000 0.04313 
0.57400 0.10000 0.04310 
0.58168 0.10000 0.04268 
0.58571 0.10000 0.04246 
0.58989 0.10000 0.04223 
0.59411 0.10000 0.04198 
0.59818 0.10000 0.04174 
0.60534 0.10000 0.04130 
0.60815 0.10000 0.04113 
0.61465 0.10000 0.04072 
0.61576 0.10000 0.04065 
0.61661 0.10000 0.04060 
0.62231 0.10000 0.04023 
0.62566 0.10000 0.04001 
0.63058 0.10000 0.03967 
0.63648 0.10000 0.03927 
0.63877 0.10000 0.03911 
0.64585 0.10000 0.03861 
0.64632 0.10000 0.03858 
0.64792 0.10000 0.03846 
0.65368 0.10000 0.03805 
0.65618 0.10000 0.03787 
0.66151 0.10000 0.03747 
0.66545 0.10000 0.03718 
0.67068 0.10000 0.03678 
0.67487 0.10000 0.03646 
0.68222 0.10000 0.03589 
0.68299 0.10000 0.03584 
0.68406 0.10000 0.03575 
0.69083 0.10000 0.03522 
0.69382 0.10000 0.03498 
0.69937 0.10000 0.03453 
0.70678 0.10000 0.03393 
0.70808 0.10000 0.03382 
0.70903 0.10000 0.03375 
0.71857 0.10000 0.03296 
0.71895 0.10000 0.03292 
0.72060 0.10000 0.03279 
0.72781 0.10000 0.03218 
0.73015 0.10000 0.03198 
0.73690 0.10000 0.03140 
0.74314 0.10000 0.03086 
0.74594 0.10000 0.03062 
0.75553 0.10000 0.02978 
0.75614 0.10000 0.02973 
0.75685 0.10000 0.02966 
0.76520 0.10000 0.02892 
0.76843 0.10000 0.02863 
0.77220 0.10000 0.02829 
0.77633 0.10000 0.02792 
0.78000 0.10000 0.02759 
0.78804 0.10000 0.02685 
0.78872 0.10000 0.02679 
0.78905 0.10000 0.02675 
0.79926 0.10000 0.02580 
0.79951 0.10000 0.02578 
0.80908 0.10000 0.02488 
0.80959 0.10000 0.02483 
0.81850 0.10000 0.02398 
0.81983 0.10000 0.02385 
0.82754 0.10000 0.02310 
0.83022 0.10000 0.02283 
0.83671 0.10000 0.02219 
0.84010 0.10000 0.02185 
0.84604 0.10000 0.02126 
0.84999 0.10000 0.02086 
0.85596 0.10000 0.02024 
0.86112 0.10000 0.01971 
0.86555 0.10000 0.01925 
0.87212 0.10000 0.01856 
0.87232 0.10000 0.01854 
0.87909 0.10000 0.01781 
0.88058 0.10000 0.01765 
0.88724 0.10000 0.01693 
0.88900 0.10000 0.01674 
0.89146 0.10000 0.01646 
0.89759 0.10000 0.01579 
0.90342 0.10000 0.01513 
0.90742 0.10000 0.01468 
0.91122 0.10000 0.01424 
0.91563 0.10000 0.01374 
0.92115 0.10000 0.01310 
0.92475 0.10000 0.01268 
0.93175 0.10000 0.01185 
0.93602 0.10000 0.01134 
0.94479 0.10000 0.01028 
0.94599 0.10000 0.01014 
0.95164 0.10000 0.00945 
0.95552 0.10000 0.00897 
0.95639 0.10000 0.00887 
0.96447 0.10000 0.00787 
0.96852 0.10000 0.00737 
0.97340 0.10000 0.00677 
0.98058 0.10000 0.00588 
0.98231 0.10000 0.00567 
0.98804 0.10000 0.00496 
0.99047 0.10000 0.00466 
0.99413 0.10000 0.00420 
0.99727 0.10000 0.00381 
0.99950 0.10000 0.00354 
1.00294 0.10000 0.00311 
1.00419 0.10000 0.00296 
1.00766 0.10000 0.00253 
1.01130 0.10000 0.00208 
1.01159 0.10000 0.00204 
1.01405 0.10000 0.00174 
1.01481 0.10000 0.00164 
1.01487 0.10000 0.00164 
1.01736 0.10000 0.00133 
1.01761 0.10000 0.00130 
1.01955 0.10000 0.00106 
1.01988 0.10000 0.00102 
1.02141 0.10000 0.00083 
1.02178 0.10000 0.00078 
1.02298 0.10000 0.00063 
1.02336 0.10000 0.00059 
1.02432 0.10000 0.00047 
1.02468 0.10000 0.00042 
1.02544 0.10000 0.00033 
1.02578 0.10000 0.00029 
1.02639 0.10000 0.00021 
1.02669 0.10000 0.00017 
1.02719 0.10000 0.00011 
1.02746 0.10000 0.00008 
1.02786 0.10000 0.00003 
1.02809 0.10000 -0.00000 

ZONE T="SLICE_Y_0p75_BINS07_KS_1mm_FINAL_LAYER"
1.21070 0.75000 0.00000 
1.21062 0.75000 -0.00001 
1.21006 0.75000 -0.00008 
1.20998 0.75000 -0.00009 
1.20930 0.75000 -0.00017 
1.20922 0.75000 -0.00018 
1.20839 0.75000 -0.00029 
1.20832 0.75000 -0.00029 
1.20729 0.75000 -0.00042 
1.20725 0.75000 -0.00043 
1.20632 0.75000 -0.00054 
1.20597 0.75000 -0.00059 
1.20595 0.75000 -0.00059 
1.20439 0.75000 -0.00078 
1.20269 0.75000 -0.00099 
1.20249 0.75000 -0.00102 
1.20060 0.75000 -0.00125 
1.20021 0.75000 -0.00130 
1.19968 0.75000 -0.00136 
1.19748 0.75000 -0.00164 
1.19654 0.75000 -0.00175 
1.19420 0.75000 -0.00204 
1.19262 0.75000 -0.00224 
1.19027 0.75000 -0.00253 
1.18768 0.75000 -0.00285 
1.18554 0.75000 -0.00311 
1.18140 0.75000 -0.00363 
1.17988 0.75000 -0.00381 
1.17861 0.75000 -0.00397 
1.17308 0.75000 -0.00466 
1.17224 0.75000 -0.00476 
1.16492 0.75000 -0.00567 
1.15807 0.75000 -0.00651 
1.15671 0.75000 -0.00668 
1.15620 0.75000 -0.00674 
1.14747 0.75000 -0.00781 
1.14428 0.75000 -0.00820 
1.13803 0.75000 -0.00895 
1.13238 0.75000 -0.00962 
1.12859 0.75000 -0.01007 
1.12051 0.75000 -0.01101 
1.11917 0.75000 -0.01117 
1.11488 0.75000 -0.01166 
1.10979 0.75000 -0.01224 
1.10818 0.75000 -0.01242 
1.10084 0.75000 -0.01324 
1.09554 0.75000 -0.01381 
1.09161 0.75000 -0.01424 
1.08336 0.75000 -0.01512 
1.08254 0.75000 -0.01521 
1.08070 0.75000 -0.01540 
1.07382 0.75000 -0.01612 
1.07073 0.75000 -0.01643 
1.06486 0.75000 -0.01703 
1.05837 0.75000 -0.01768 
1.05583 0.75000 -0.01793 
1.04860 0.75000 -0.01864 
1.04685 0.75000 -0.01882 
1.04624 0.75000 -0.01887 
1.03784 0.75000 -0.01968 
1.03443 0.75000 -0.02001 
1.02883 0.75000 -0.02054 
1.02307 0.75000 -0.02108 
1.01986 0.75000 -0.02137 
1.01101 0.75000 -0.02219 
1.01061 0.75000 -0.02222 
1.00925 0.75000 -0.02235 
1.00201 0.75000 -0.02300 
0.99984 0.75000 -0.02319 
0.99302 0.75000 -0.02380 
0.98777 0.75000 -0.02426 
0.98406 0.75000 -0.02459 
0.97609 0.75000 -0.02527 
0.97516 0.75000 -0.02535 
0.97139 0.75000 -0.02567 
0.96620 0.75000 -0.02611 
0.96504 0.75000 -0.02621 
0.95686 0.75000 -0.02689 
0.95437 0.75000 -0.02709 
0.94693 0.75000 -0.02770 
0.94687 0.75000 -0.02771 
0.93999 0.75000 -0.02826 
0.93727 0.75000 -0.02847 
0.93091 0.75000 -0.02897 
0.92629 0.75000 -0.02932 
0.92221 0.75000 -0.02964 
0.91868 0.75000 -0.02990 
0.91157 0.75000 -0.03043 
0.91107 0.75000 -0.03046 
0.91075 0.75000 -0.03049 
0.90385 0.75000 -0.03098 
0.89983 0.75000 -0.03127 
0.89569 0.75000 -0.03155 
0.89073 0.75000 -0.03189 
0.88749 0.75000 -0.03211 
0.88077 0.75000 -0.03254 
0.87822 0.75000 -0.03271 
0.87646 0.75000 -0.03282 
0.86910 0.75000 -0.03328 
0.86167 0.75000 -0.03371 
0.85972 0.75000 -0.03383 
0.85586 0.75000 -0.03404 
0.85051 0.75000 -0.03434 
0.84889 0.75000 -0.03443 
0.84120 0.75000 -0.03483 
0.84013 0.75000 -0.03488 
0.83978 0.75000 -0.03490 
0.83331 0.75000 -0.03521 
0.82701 0.75000 -0.03551 
0.82683 0.75000 -0.03551 
0.82653 0.75000 -0.03553 
0.82072 0.75000 -0.03578 
0.81475 0.75000 -0.03602 
0.81361 0.75000 -0.03607 
0.81303 0.75000 -0.03609 
0.80951 0.75000 -0.03623 
0.80550 0.75000 -0.03638 
0.80410 0.75000 -0.03642 
0.79964 0.75000 -0.03658 
0.79776 0.75000 -0.03664 
0.79178 0.75000 -0.03683 
0.79068 0.75000 -0.03686 
0.79041 0.75000 -0.03687 
0.78995 0.75000 -0.03688 
0.78354 0.75000 -0.03706 
0.78095 0.75000 -0.03712 
0.77813 0.75000 -0.03719 
0.77606 0.75000 -0.03724 
0.77127 0.75000 -0.03735 
0.77053 0.75000 -0.03736 
0.76766 0.75000 -0.03742 
0.76549 0.75000 -0.03746 
0.76498 0.75000 -0.03747 
0.76320 0.75000 -0.03750 
0.76068 0.75000 -0.03754 
0.75976 0.75000 -0.03756 
0.75670 0.75000 -0.03760 
0.75444 0.75000 -0.03763 
0.75375 0.75000 -0.03764 
0.75116 0.75000 -0.03768 
0.74973 0.75000 -0.03769 
0.74718 0.75000 -0.03772 
0.74479 0.75000 -0.03774 
0.74296 0.75000 -0.03776 
0.74115 0.75000 -0.03777 
0.73925 0.75000 -0.03779 
0.73688 0.75000 -0.03780 
0.73682 0.75000 -0.03780 
0.73676 0.75000 -0.03780 
0.73450 0.75000 -0.03781 
0.73320 0.75000 -0.03782 
0.73257 0.75000 -0.03782 
0.73084 0.75000 -0.03783 
0.72891 0.75000 -0.03783 
0.72829 0.75000 -0.03783 
0.72667 0.75000 -0.03784 
0.72605 0.75000 -0.03784 
0.72576 0.75000 -0.03784 
0.72363 0.75000 -0.03784 
0.72227 0.75000 -0.03784 
0.72130 0.75000 -0.03784 
0.71960 0.75000 -0.03783 
0.71940 0.75000 -0.03783 
0.71924 0.75000 -0.03783 
0.71742 0.75000 -0.03783 
0.71560 0.75000 -0.03782 
0.71534 0.75000 -0.03782 
0.71509 0.75000 -0.03782 
0.71300 0.75000 -0.03781 
0.71216 0.75000 -0.03781 
0.71163 0.75000 -0.03780 
0.71084 0.75000 -0.03780 
0.71016 0.75000 -0.03780 
0.70887 0.75000 -0.03779 
0.70814 0.75000 -0.03778 
0.70654 0.75000 -0.03777 
0.70500 0.75000 -0.03776 
0.70419 0.75000 -0.03775 
0.70289 0.75000 -0.03774 
0.70171 0.75000 -0.03773 
0.70116 0.75000 -0.03773 
0.69945 0.75000 -0.03771 
0.69928 0.75000 -0.03771 
0.69910 0.75000 -0.03771 
0.69729 0.75000 -0.03769 
0.69651 0.75000 -0.03768 
0.69515 0.75000 -0.03766 
0.69372 0.75000 -0.03764 
0.69260 0.75000 -0.03763 
0.69127 0.75000 -0.03761 
0.69107 0.75000 -0.03761 
0.69021 0.75000 -0.03760 
0.68907 0.75000 -0.03758 
0.68888 0.75000 -0.03758 
0.68736 0.75000 -0.03756 
0.68637 0.75000 -0.03754 
0.68541 0.75000 -0.03753 
0.68375 0.75000 -0.03750 
0.68252 0.75000 -0.03748 
0.68204 0.75000 -0.03747 
0.67935 0.75000 -0.03742 
0.67928 0.75000 -0.03742 
0.67916 0.75000 -0.03742 
0.67634 0.75000 -0.03736 
0.67436 0.75000 -0.03732 
0.67403 0.75000 -0.03732 
0.67364 0.75000 -0.03731 
0.67195 0.75000 -0.03727 
0.67076 0.75000 -0.03725 
0.66951 0.75000 -0.03722 
0.66839 0.75000 -0.03719 
0.66770 0.75000 -0.03718 
0.66626 0.75000 -0.03715 
0.66548 0.75000 -0.03713 
0.66380 0.75000 -0.03709 
0.66304 0.75000 -0.03707 
0.66170 0.75000 -0.03703 
0.66080 0.75000 -0.03701 
0.65953 0.75000 -0.03698 
0.65870 0.75000 -0.03696 
0.65834 0.75000 -0.03695 
0.65655 0.75000 -0.03690 
0.65567 0.75000 -0.03687 
0.65424 0.75000 -0.03683 
0.65397 0.75000 -0.03683 
0.65360 0.75000 -0.03682 
0.65211 0.75000 -0.03677 
0.65090 0.75000 -0.03674 
0.65000 0.75000 -0.03671 
0.64919 0.75000 -0.03669 
0.64796 0.75000 -0.03665 
0.64647 0.75000 -0.03660 
0.64610 0.75000 -0.03659 
0.64579 0.75000 -0.03658 
0.64413 0.75000 -0.03653 
0.64214 0.75000 -0.03647 
0.64191 0.75000 -0.03646 
0.64145 0.75000 -0.03644 
0.63988 0.75000 -0.03639 
0.63921 0.75000 -0.03637 
0.63738 0.75000 -0.03631 
0.63638 0.75000 -0.03627 
0.63481 0.75000 -0.03622 
0.63439 0.75000 -0.03620 
0.63370 0.75000 -0.03618 
0.63259 0.75000 -0.03614 
0.63099 0.75000 -0.03608 
0.63054 0.75000 -0.03606 
0.63035 0.75000 -0.03605 
0.62829 0.75000 -0.03597 
0.62711 0.75000 -0.03593 
0.62626 0.75000 -0.03590 
0.62419 0.75000 -0.03581 
0.62418 0.75000 -0.03581 
0.62416 0.75000 -0.03581 
0.62138 0.75000 -0.03570 
0.62052 0.75000 -0.03567 
0.61805 0.75000 -0.03556 
0.61748 0.75000 -0.03554 
0.61560 0.75000 -0.03546 
0.61548 0.75000 -0.03545 
0.61542 0.75000 -0.03545 
0.61361 0.75000 -0.03537 
0.61255 0.75000 -0.03533 
0.61123 0.75000 -0.03527 
0.61027 0.75000 -0.03522 
0.60929 0.75000 -0.03518 
0.60756 0.75000 -0.03510 
0.60666 0.75000 -0.03505 
0.60505 0.75000 -0.03498 
0.60425 0.75000 -0.03494 
0.60257 0.75000 -0.03486 
0.60177 0.75000 -0.03482 
0.60042 0.75000 -0.03475 
0.59939 0.75000 -0.03470 
0.59812 0.75000 -0.03464 
0.59715 0.75000 -0.03459 
0.59582 0.75000 -0.03452 
0.59478 0.75000 -0.03447 
0.59344 0.75000 -0.03440 
0.59262 0.75000 -0.03435 
0.59194 0.75000 -0.03432 
0.59021 0.75000 -0.03423 
0.58851 0.75000 -0.03413 
0.58766 0.75000 -0.03409 
0.58711 0.75000 -0.03406 
0.58531 0.75000 -0.03396 
0.58471 0.75000 -0.03393 
0.58292 0.75000 -0.03383 
0.58281 0.75000 -0.03382 
0.58208 0.75000 -0.03378 
0.58087 0.75000 -0.03371 
0.58043 0.75000 -0.03368 
0.57895 0.75000 -0.03359 
0.57832 0.75000 -0.03356 
0.57600 0.75000 -0.03342 
0.57535 0.75000 -0.03338 
0.57438 0.75000 -0.03332 
0.57259 0.75000 -0.03320 
0.57108 0.75000 -0.03311 
0.57080 0.75000 -0.03309 
0.56928 0.75000 -0.03299 
0.56891 0.75000 -0.03297 
0.56886 0.75000 -0.03296 
0.56700 0.75000 -0.03284 
0.56602 0.75000 -0.03278 
0.56500 0.75000 -0.03271 
0.56388 0.75000 -0.03264 
0.56283 0.75000 -0.03256 
0.56170 0.75000 -0.03249 
0.56069 0.75000 -0.03242 
0.55985 0.75000 -0.03236 
0.55839 0.75000 -0.03226 
0.55733 0.75000 -0.03219 
0.55616 0.75000 -0.03210 
0.55472 0.75000 -0.03200 
0.55425 0.75000 -0.03197 
0.55380 0.75000 -0.03193 
0.55246 0.75000 -0.03184 
0.55026 0.75000 -0.03167 
0.55014 0.75000 -0.03166 
0.55003 0.75000 -0.03165 
0.54739 0.75000 -0.03145 
0.54704 0.75000 -0.03142 
0.54563 0.75000 -0.03131 
0.54442 0.75000 -0.03121 
0.54393 0.75000 -0.03117 
0.54224 0.75000 -0.03103 
0.54031 0.75000 -0.03087 
0.54030 0.75000 -0.03087 
0.54029 0.75000 -0.03087 
0.53838 0.75000 -0.03071 
0.53680 0.75000 -0.03058 
0.53622 0.75000 -0.03053 
0.53541 0.75000 -0.03046 
0.53388 0.75000 -0.03033 
0.53220 0.75000 -0.03019 
0.53205 0.75000 -0.03017 
0.53157 0.75000 -0.03013 
0.53027 0.75000 -0.03001 
0.53006 0.75000 -0.03000 
0.52788 0.75000 -0.02980 
0.52742 0.75000 -0.02976 
0.52666 0.75000 -0.02968 
0.52485 0.75000 -0.02951 
0.52312 0.75000 -0.02935 
0.52254 0.75000 -0.02929 
0.52186 0.75000 -0.02922 
0.52032 0.75000 -0.02907 
0.51935 0.75000 -0.02897 
0.51836 0.75000 -0.02887 
0.51653 0.75000 -0.02868 
0.51597 0.75000 -0.02863 
0.51563 0.75000 -0.02859 
0.51371 0.75000 -0.02838 
0.51197 0.75000 -0.02820 
0.51185 0.75000 -0.02818 
0.51140 0.75000 -0.02813 
0.50993 0.75000 -0.02797 
0.50960 0.75000 -0.02793 
0.50717 0.75000 -0.02765 
0.50661 0.75000 -0.02758 
0.50478 0.75000 -0.02736 
0.50437 0.75000 -0.02731 
0.50426 0.75000 -0.02730 
0.50216 0.75000 -0.02706 
0.50160 0.75000 -0.02700 
0.49974 0.75000 -0.02681 
0.49904 0.75000 -0.02676 
0.49711 0.75000 -0.02666 
0.49687 0.75000 -0.02664 
0.49678 0.75000 -0.02664 
0.49433 0.75000 -0.02662 
0.49369 0.75000 -0.02663 
0.49194 0.75000 -0.02673 
0.49155 0.75000 -0.02675 
0.49051 0.75000 -0.02686 
0.48968 0.75000 -0.02695 
0.48927 0.75000 -0.02700 
0.48777 0.75000 -0.02714 
0.48649 0.75000 -0.02726 
0.48557 0.75000 -0.02731 
0.48423 0.75000 -0.02737 
0.48315 0.75000 -0.02741 
0.48173 0.75000 -0.02745 
0.48109 0.75000 -0.02747 
0.48064 0.75000 -0.02750 
0.47909 0.75000 -0.02755 
0.47725 0.75000 -0.02765 
0.47696 0.75000 -0.02765 
0.47654 0.75000 -0.02765 
0.47474 0.75000 -0.02773 
0.47397 0.75000 -0.02779 
0.47235 0.75000 -0.02771 
0.47178 0.75000 -0.02767 
0.47000 0.75000 -0.02738 
0.46950 0.75000 -0.02729 
0.46745 0.75000 -0.02683 
0.46725 0.75000 -0.02677 
0.46566 0.75000 -0.02639 
0.46550 0.75000 -0.02635 
0.46400 0.75000 -0.02605 
0.46204 0.75000 -0.02554 
0.46146 0.75000 -0.02548 
0.45958 0.75000 -0.02530 
0.45919 0.75000 -0.02526 
0.45909 0.75000 -0.02525 
0.45699 0.75000 -0.02527 
0.45587 0.75000 -0.02532 
0.45462 0.75000 -0.02546 
0.45266 0.75000 -0.02578 
0.45231 0.75000 -0.02585 
0.45116 0.75000 -0.02613 
0.44974 0.75000 -0.02650 
0.44932 0.75000 -0.02665 
0.44773 0.75000 -0.02716 
0.44630 0.75000 -0.02763 
0.44562 0.75000 -0.02786 
0.44411 0.75000 -0.02838 
0.44350 0.75000 -0.02859 
0.44308 0.75000 -0.02877 
0.44136 0.75000 -0.02944 
0.44005 0.75000 -0.03015 
0.43959 0.75000 -0.03040 
0.43914 0.75000 -0.03065 
0.43762 0.75000 -0.03133 
0.43584 0.75000 -0.03191 
0.43546 0.75000 -0.03202 
0.43510 0.75000 -0.03215 
0.43311 0.75000 -0.03254 
0.43185 0.75000 -0.03292 
0.43058 0.75000 -0.03319 
0.42957 0.75000 -0.03339 
0.42773 0.75000 -0.03358 
0.42711 0.75000 -0.03367 
0.42676 0.75000 -0.03374 
0.42452 0.75000 -0.03416 
0.42365 0.75000 -0.03440 
0.42206 0.75000 -0.03451 
0.42054 0.75000 -0.03421 
0.42008 0.75000 -0.03413 
0.41942 0.75000 -0.03395 
0.41812 0.75000 -0.03356 
0.41714 0.75000 -0.03322 
0.41582 0.75000 -0.03314 
0.41459 0.75000 -0.03299 
0.41392 0.75000 -0.03307 
0.41222 0.75000 -0.03348 
0.41199 0.75000 -0.03361 
0.41158 0.75000 -0.03397 
0.41057 0.75000 -0.03484 
0.40990 0.75000 -0.03524 
0.40875 0.75000 -0.03632 
0.40800 0.75000 -0.03692 
0.40674 0.75000 -0.03747 
0.40615 0.75000 -0.03779 
0.40498 0.75000 -0.03818 
0.40327 0.75000 -0.03900 
0.40271 0.75000 -0.03923 
0.40192 0.75000 -0.03936 
0.40068 0.75000 -0.03941 
0.39895 0.75000 -0.03921 
0.39865 0.75000 -0.03908 
0.39814 0.75000 -0.03892 
0.39654 0.75000 -0.03821 
0.39546 0.75000 -0.03776 
0.39433 0.75000 -0.03712 
0.39256 0.75000 -0.03597 
0.39236 0.75000 -0.03579 
0.39224 0.75000 -0.03564 
0.39146 0.75000 -0.03368 
0.39113 0.75000 -0.03135 
0.39113 0.75000 -0.03127 
0.39117 0.75000 -0.03109 
0.39162 0.75000 -0.02917 
0.39206 0.75000 -0.02831 
0.39276 0.75000 -0.02704 
0.39361 0.75000 -0.02573 
0.39405 0.75000 -0.02530 
0.39469 0.75000 -0.02484 
0.39573 0.75000 -0.02403 
0.39642 0.75000 -0.02349 
0.39765 0.75000 -0.02258 
0.39903 0.75000 -0.02151 
0.39915 0.75000 -0.02141 
0.39925 0.75000 -0.02136 
0.40081 0.75000 -0.02058 
0.40153 0.75000 -0.02037 
0.40280 0.75000 -0.02001 
0.40432 0.75000 -0.01978 
0.40500 0.75000 -0.01975 
0.40666 0.75000 -0.01977 
0.40882 0.75000 -0.01997 
0.40894 0.75000 -0.01998 
0.40906 0.75000 -0.02000 
0.41131 0.75000 -0.02044 
0.41315 0.75000 -0.02078 
0.41358 0.75000 -0.02085 
0.41400 0.75000 -0.02103 
0.41590 0.75000 -0.02188 
0.41795 0.75000 -0.02297 
0.41823 0.75000 -0.02309 
0.41843 0.75000 -0.02306 
0.42102 0.75000 -0.02320 
0.42132 0.75000 -0.02316 
0.42327 0.75000 -0.02298 
0.42492 0.75000 -0.02257 
0.42574 0.75000 -0.02233 
0.42676 0.75000 -0.02207 
0.42704 0.75000 -0.02197 
0.42793 0.75000 -0.02152 
0.42922 0.75000 -0.02064 
0.42977 0.75000 -0.02016 
0.43079 0.75000 -0.01901 
0.43100 0.75000 -0.01871 
0.43165 0.75000 -0.01747 
0.43271 0.75000 -0.01528 
0.43271 0.75000 -0.01526 
0.43272 0.75000 -0.01525 
0.43385 0.75000 -0.01256 
0.43394 0.75000 -0.01228 
0.43448 0.75000 -0.01017 
0.43454 0.75000 -0.00986 
0.43465 0.75000 -0.00825 
0.43471 0.75000 -0.00746 
0.43470 0.75000 -0.00727 
0.43437 0.75000 -0.00511 
0.43422 0.75000 -0.00444 
0.43373 0.75000 -0.00279 
0.43355 0.75000 -0.00213 
0.43343 0.75000 -0.00177 
0.43296 0.75000 -0.00042 
0.43260 0.75000 0.00049 
0.43205 0.75000 0.00175 
0.43191 0.75000 0.00206 
0.43167 0.75000 0.00252 
0.43119 0.75000 0.00348 
0.43071 0.75000 0.00434 
0.43029 0.75000 0.00512 
0.42981 0.75000 0.00592 
0.42929 0.75000 0.00681 
0.42855 0.75000 0.00800 
0.42824 0.75000 0.00848 
0.42802 0.75000 0.00880 
0.42703 0.75000 0.01027 
0.42624 0.75000 0.01133 
0.42595 0.75000 0.01172 
0.42435 0.75000 0.01347 
0.42434 0.75000 0.01348 
0.42231 0.75000 0.01503 
0.42219 0.75000 0.01513 
0.42205 0.75000 0.01522 
0.41982 0.75000 0.01654 
0.41951 0.75000 0.01670 
0.41776 0.75000 0.01755 
0.41709 0.75000 0.01784 
0.41553 0.75000 0.01844 
0.41395 0.75000 0.01898 
0.41334 0.75000 0.01918 
0.41245 0.75000 0.01949 
0.41125 0.75000 0.01985 
0.40921 0.75000 0.02052 
0.40901 0.75000 0.02058 
0.40891 0.75000 0.02061 
0.40661 0.75000 0.02115 
0.40564 0.75000 0.02142 
0.40443 0.75000 0.02166 
0.40365 0.75000 0.02191 
0.40177 0.75000 0.02255 
0.40099 0.75000 0.02277 
0.39840 0.75000 0.02316 
0.39837 0.75000 0.02316 
0.39835 0.75000 0.02316 
0.39578 0.75000 0.02305 
0.39464 0.75000 0.02316 
0.39340 0.75000 0.02305 
0.39102 0.75000 0.02268 
0.39091 0.75000 0.02263 
0.39077 0.75000 0.02261 
0.38871 0.75000 0.02212 
0.38782 0.75000 0.02195 
0.38702 0.75000 0.02176 
0.38529 0.75000 0.02142 
0.38472 0.75000 0.02129 
0.38361 0.75000 0.02116 
0.38254 0.75000 0.02106 
0.38198 0.75000 0.02103 
0.38038 0.75000 0.02100 
0.37918 0.75000 0.02090 
0.37813 0.75000 0.02081 
0.37706 0.75000 0.02090 
0.37619 0.75000 0.02087 
0.37511 0.75000 0.02114 
0.37354 0.75000 0.02133 
0.37241 0.75000 0.02206 
0.37154 0.75000 0.02277 
0.37019 0.75000 0.02427 
0.37017 0.75000 0.02430 
0.36950 0.75000 0.02656 
0.36950 0.75000 0.02657 
0.36950 0.75000 0.02657 
0.36993 0.75000 0.02927 
0.37081 0.75000 0.03182 
0.37081 0.75000 0.03183 
0.37081 0.75000 0.03183 
0.37251 0.75000 0.03424 
0.37300 0.75000 0.03488 
0.37457 0.75000 0.03590 
0.37533 0.75000 0.03668 
0.37622 0.75000 0.03723 
0.37687 0.75000 0.03744 
0.37763 0.75000 0.03741 
0.37940 0.75000 0.03714 
0.38054 0.75000 0.03713 
0.38161 0.75000 0.03697 
0.38280 0.75000 0.03675 
0.38487 0.75000 0.03699 
0.38526 0.75000 0.03690 
0.38571 0.75000 0.03678 
0.38780 0.75000 0.03638 
0.38969 0.75000 0.03590 
0.38988 0.75000 0.03587 
0.39005 0.75000 0.03582 
0.39175 0.75000 0.03496 
0.39319 0.75000 0.03432 
0.39400 0.75000 0.03412 
0.39516 0.75000 0.03424 
0.39598 0.75000 0.03426 
0.39627 0.75000 0.03428 
0.39815 0.75000 0.03443 
0.39889 0.75000 0.03433 
0.40041 0.75000 0.03395 
0.40107 0.75000 0.03378 
0.40235 0.75000 0.03354 
0.40323 0.75000 0.03346 
0.40444 0.75000 0.03344 
0.40524 0.75000 0.03345 
0.40631 0.75000 0.03337 
0.40765 0.75000 0.03324 
0.40943 0.75000 0.03279 
0.41019 0.75000 0.03255 
0.41063 0.75000 0.03243 
0.41215 0.75000 0.03201 
0.41387 0.75000 0.03166 
0.41425 0.75000 0.03156 
0.41457 0.75000 0.03149 
0.41608 0.75000 0.03105 
0.41748 0.75000 0.03063 
0.41818 0.75000 0.03038 
0.42004 0.75000 0.02974 
0.42018 0.75000 0.02968 
0.42078 0.75000 0.02950 
0.42205 0.75000 0.02910 
0.42239 0.75000 0.02902 
0.42417 0.75000 0.02861 
0.42492 0.75000 0.02839 
0.42694 0.75000 0.02774 
0.42724 0.75000 0.02767 
0.42791 0.75000 0.02751 
0.42889 0.75000 0.02729 
0.42957 0.75000 0.02714 
0.43066 0.75000 0.02690 
0.43118 0.75000 0.02672 
0.43267 0.75000 0.02625 
0.43302 0.75000 0.02615 
0.43315 0.75000 0.02611 
0.43497 0.75000 0.02546 
0.43636 0.75000 0.02506 
0.43728 0.75000 0.02473 
0.43815 0.75000 0.02427 
0.43925 0.75000 0.02386 
0.44101 0.75000 0.02311 
0.44135 0.75000 0.02294 
0.44163 0.75000 0.02280 
0.44363 0.75000 0.02173 
0.44524 0.75000 0.02077 
0.44549 0.75000 0.02071 
0.44749 0.75000 0.02036 
0.44794 0.75000 0.02032 
0.44971 0.75000 0.02008 
0.44979 0.75000 0.02008 
0.45152 0.75000 0.01997 
0.45288 0.75000 0.01994 
0.45403 0.75000 0.02000 
0.45561 0.75000 0.02008 
0.45693 0.75000 0.02025 
0.45794 0.75000 0.02037 
0.45952 0.75000 0.02064 
0.46071 0.75000 0.02084 
0.46200 0.75000 0.02110 
0.46354 0.75000 0.02142 
0.46415 0.75000 0.02155 
0.46450 0.75000 0.02162 
0.46667 0.75000 0.02205 
0.46676 0.75000 0.02207 
0.46717 0.75000 0.02215 
0.46913 0.75000 0.02252 
0.46958 0.75000 0.02260 
0.47120 0.75000 0.02288 
0.47233 0.75000 0.02307 
0.47339 0.75000 0.02325 
0.47559 0.75000 0.02359 
0.47643 0.75000 0.02372 
0.47669 0.75000 0.02376 
0.47702 0.75000 0.02381 
0.47997 0.75000 0.02423 
0.48049 0.75000 0.02430 
0.48173 0.75000 0.02448 
0.48255 0.75000 0.02459 
0.48309 0.75000 0.02467 
0.48470 0.75000 0.02489 
0.48621 0.75000 0.02510 
0.48722 0.75000 0.02524 
0.48798 0.75000 0.02534 
0.48977 0.75000 0.02558 
0.49010 0.75000 0.02562 
0.49172 0.75000 0.02583 
0.49261 0.75000 0.02595 
0.49341 0.75000 0.02605 
0.49480 0.75000 0.02623 
0.49613 0.75000 0.02639 
0.49754 0.75000 0.02656 
0.49824 0.75000 0.02665 
0.49936 0.75000 0.02678 
0.50080 0.75000 0.02696 
0.50129 0.75000 0.02701 
0.50407 0.75000 0.02734 
0.50409 0.75000 0.02734 
0.50411 0.75000 0.02734 
0.50660 0.75000 0.02763 
0.50791 0.75000 0.02777 
0.50875 0.75000 0.02787 
0.50976 0.75000 0.02798 
0.51033 0.75000 0.02804 
0.51127 0.75000 0.02814 
0.51183 0.75000 0.02820 
0.51240 0.75000 0.02826 
0.51344 0.75000 0.02837 
0.51390 0.75000 0.02842 
0.51520 0.75000 0.02855 
0.51600 0.75000 0.02863 
0.51716 0.75000 0.02875 
0.51825 0.75000 0.02886 
0.51962 0.75000 0.02900 
0.52065 0.75000 0.02910 
0.52158 0.75000 0.02919 
0.52268 0.75000 0.02930 
0.52316 0.75000 0.02935 
0.52415 0.75000 0.02944 
0.52502 0.75000 0.02952 
0.52565 0.75000 0.02958 
0.52716 0.75000 0.02972 
0.52891 0.75000 0.02989 
0.52913 0.75000 0.02991 
0.52928 0.75000 0.02992 
0.53121 0.75000 0.03009 
0.53245 0.75000 0.03020 
0.53288 0.75000 0.03024 
0.53445 0.75000 0.03038 
0.53537 0.75000 0.03046 
0.53674 0.75000 0.03057 
0.53875 0.75000 0.03074 
0.53910 0.75000 0.03077 
0.53956 0.75000 0.03081 
0.54132 0.75000 0.03096 
0.54276 0.75000 0.03108 
0.54346 0.75000 0.03114 
0.54411 0.75000 0.03119 
0.54525 0.75000 0.03128 
0.54676 0.75000 0.03140 
0.54741 0.75000 0.03145 
0.54845 0.75000 0.03153 
0.54997 0.75000 0.03165 
0.55125 0.75000 0.03174 
0.55226 0.75000 0.03182 
0.55471 0.75000 0.03200 
0.55491 0.75000 0.03202 
0.55498 0.75000 0.03202 
0.55513 0.75000 0.03203 
0.55746 0.75000 0.03220 
0.55923 0.75000 0.03232 
0.55960 0.75000 0.03235 
0.55994 0.75000 0.03237 
0.56192 0.75000 0.03250 
0.56382 0.75000 0.03263 
0.56411 0.75000 0.03265 
0.56442 0.75000 0.03267 
0.56638 0.75000 0.03280 
0.56818 0.75000 0.03291 
0.56861 0.75000 0.03294 
0.56919 0.75000 0.03298 
0.57051 0.75000 0.03307 
0.57125 0.75000 0.03311 
0.57257 0.75000 0.03320 
0.57379 0.75000 0.03327 
0.57506 0.75000 0.03335 
0.57719 0.75000 0.03348 
0.57775 0.75000 0.03352 
0.57860 0.75000 0.03357 
0.58003 0.75000 0.03366 
0.58101 0.75000 0.03371 
0.58208 0.75000 0.03378 
0.58299 0.75000 0.03383 
0.58384 0.75000 0.03388 
0.58493 0.75000 0.03394 
0.58719 0.75000 0.03407 
0.58764 0.75000 0.03409 
0.58874 0.75000 0.03416 
0.59058 0.75000 0.03426 
0.59133 0.75000 0.03430 
0.59306 0.75000 0.03439 
0.59532 0.75000 0.03451 
0.59572 0.75000 0.03453 
0.59671 0.75000 0.03458 
0.59862 0.75000 0.03467 
0.59912 0.75000 0.03470 
0.60072 0.75000 0.03478 
0.60145 0.75000 0.03481 
0.60170 0.75000 0.03482 
0.60367 0.75000 0.03492 
0.60449 0.75000 0.03496 
0.60679 0.75000 0.03507 
0.60736 0.75000 0.03509 
0.60823 0.75000 0.03513 
0.60981 0.75000 0.03520 
0.61106 0.75000 0.03526 
0.61227 0.75000 0.03531 
0.61418 0.75000 0.03540 
0.61421 0.75000 0.03540 
0.61426 0.75000 0.03540 
0.61625 0.75000 0.03549 
0.61740 0.75000 0.03554 
0.61847 0.75000 0.03558 
0.62024 0.75000 0.03566 
0.62120 0.75000 0.03570 
0.62296 0.75000 0.03577 
0.62381 0.75000 0.03580 
0.62549 0.75000 0.03587 
0.62592 0.75000 0.03589 
0.62791 0.75000 0.03596 
0.62859 0.75000 0.03599 
0.62874 0.75000 0.03600 
0.63093 0.75000 0.03608 
0.63168 0.75000 0.03611 
0.63333 0.75000 0.03617 
0.63409 0.75000 0.03619 
0.63589 0.75000 0.03626 
0.63675 0.75000 0.03629 
0.63716 0.75000 0.03630 
0.63954 0.75000 0.03638 
0.63973 0.75000 0.03639 
0.64036 0.75000 0.03641 
0.64187 0.75000 0.03646 
0.64238 0.75000 0.03648 
0.64448 0.75000 0.03654 
0.64515 0.75000 0.03656 
0.64724 0.75000 0.03663 
0.64751 0.75000 0.03664 
0.64896 0.75000 0.03668 
0.64971 0.75000 0.03670 
0.65142 0.75000 0.03675 
0.65205 0.75000 0.03677 
0.65344 0.75000 0.03681 
0.65562 0.75000 0.03687 
0.65566 0.75000 0.03688 
0.65571 0.75000 0.03688 
0.65791 0.75000 0.03694 
0.66012 0.75000 0.03699 
0.66014 0.75000 0.03699 
0.66016 0.75000 0.03700 
0.66249 0.75000 0.03706 
0.66416 0.75000 0.03710 
0.66455 0.75000 0.03711 
0.66484 0.75000 0.03711 
0.66678 0.75000 0.03716 
0.66760 0.75000 0.03718 
0.66947 0.75000 0.03722 
0.67006 0.75000 0.03723 
0.67076 0.75000 0.03725 
0.67217 0.75000 0.03728 
0.67341 0.75000 0.03730 
0.67458 0.75000 0.03733 
0.67652 0.75000 0.03737 
0.67758 0.75000 0.03739 
0.67898 0.75000 0.03741 
0.68120 0.75000 0.03745 
0.68236 0.75000 0.03747 
0.68394 0.75000 0.03750 
0.68460 0.75000 0.03751 
0.68533 0.75000 0.03752 
0.68742 0.75000 0.03756 
0.68972 0.75000 0.03759 
0.69019 0.75000 0.03760 
0.69062 0.75000 0.03760 
0.69274 0.75000 0.03763 
0.69471 0.75000 0.03766 
0.69495 0.75000 0.03766 
0.69517 0.75000 0.03766 
0.69721 0.75000 0.03769 
0.69857 0.75000 0.03770 
0.69954 0.75000 0.03771 
0.70119 0.75000 0.03773 
0.70243 0.75000 0.03774 
0.70377 0.75000 0.03775 
0.70565 0.75000 0.03777 
0.70616 0.75000 0.03777 
0.70826 0.75000 0.03778 
0.70873 0.75000 0.03779 
0.70882 0.75000 0.03779 
0.70898 0.75000 0.03779 
0.71119 0.75000 0.03780 
0.71269 0.75000 0.03781 
0.71299 0.75000 0.03781 
0.71388 0.75000 0.03782 
0.71507 0.75000 0.03782 
0.71537 0.75000 0.03782 
0.71674 0.75000 0.03783 
0.71789 0.75000 0.03783 
0.71812 0.75000 0.03783 
0.72028 0.75000 0.03783 
0.72088 0.75000 0.03783 
0.72304 0.75000 0.03784 
0.72323 0.75000 0.03784 
0.72529 0.75000 0.03784 
0.72607 0.75000 0.03784 
0.72767 0.75000 0.03783 
0.72924 0.75000 0.03783 
0.72980 0.75000 0.03783 
0.73130 0.75000 0.03783 
0.73247 0.75000 0.03782 
0.73400 0.75000 0.03782 
0.73530 0.75000 0.03781 
0.73597 0.75000 0.03781 
0.73666 0.75000 0.03780 
0.73855 0.75000 0.03779 
0.73964 0.75000 0.03778 
0.74103 0.75000 0.03777 
0.74257 0.75000 0.03776 
0.74423 0.75000 0.03775 
0.74615 0.75000 0.03773 
0.74754 0.75000 0.03772 
0.74960 0.75000 0.03769 
0.75060 0.75000 0.03768 
0.75188 0.75000 0.03767 
0.75346 0.75000 0.03765 
0.75537 0.75000 0.03762 
0.75604 0.75000 0.03761 
0.75688 0.75000 0.03760 
0.75870 0.75000 0.03757 
0.76059 0.75000 0.03754 
0.76169 0.75000 0.03753 
0.76343 0.75000 0.03750 
0.76549 0.75000 0.03746 
0.76646 0.75000 0.03744 
0.77096 0.75000 0.03735 
0.77130 0.75000 0.03735 
0.77321 0.75000 0.03730 
0.77673 0.75000 0.03723 
0.77726 0.75000 0.03721 
0.78182 0.75000 0.03710 
0.78288 0.75000 0.03707 
0.78767 0.75000 0.03695 
0.78978 0.75000 0.03688 
0.79565 0.75000 0.03671 
0.79684 0.75000 0.03667 
0.80275 0.75000 0.03647 
0.80542 0.75000 0.03637 
0.80979 0.75000 0.03622 
0.81478 0.75000 0.03602 
0.81852 0.75000 0.03587 
0.82303 0.75000 0.03568 
0.82723 0.75000 0.03549 
0.83261 0.75000 0.03524 
0.83506 0.75000 0.03513 
0.83721 0.75000 0.03503 
0.84186 0.75000 0.03479 
0.84614 0.75000 0.03457 
0.84991 0.75000 0.03437 
0.85339 0.75000 0.03418 
0.86036 0.75000 0.03379 
0.86182 0.75000 0.03371 
0.86268 0.75000 0.03366 
0.87081 0.75000 0.03317 
0.87627 0.75000 0.03283 
0.87961 0.75000 0.03262 
0.88688 0.75000 0.03215 
0.88748 0.75000 0.03211 
0.88941 0.75000 0.03198 
0.89518 0.75000 0.03159 
0.89679 0.75000 0.03148 
0.90392 0.75000 0.03098 
0.90815 0.75000 0.03067 
0.91290 0.75000 0.03033 
0.91933 0.75000 0.02985 
0.92156 0.75000 0.02969 
0.93095 0.75000 0.02897 
0.93138 0.75000 0.02893 
0.93146 0.75000 0.02893 
0.93176 0.75000 0.02890 
0.94120 0.75000 0.02816 
0.94448 0.75000 0.02790 
0.94997 0.75000 0.02745 
0.95641 0.75000 0.02693 
0.95845 0.75000 0.02676 
0.96581 0.75000 0.02615 
0.96663 0.75000 0.02608 
0.97483 0.75000 0.02538 
0.97607 0.75000 0.02527 
0.98425 0.75000 0.02457 
0.98740 0.75000 0.02429 
0.99308 0.75000 0.02379 
0.99934 0.75000 0.02324 
1.00164 0.75000 0.02303 
1.00777 0.75000 0.02248 
1.01029 0.75000 0.02225 
1.01128 0.75000 0.02216 
1.01965 0.75000 0.02139 
1.02317 0.75000 0.02106 
1.02906 0.75000 0.02052 
1.03437 0.75000 0.02001 
1.03812 0.75000 0.01966 
1.04601 0.75000 0.01890 
1.04719 0.75000 0.01878 
1.04984 0.75000 0.01852 
1.05583 0.75000 0.01793 
1.05821 0.75000 0.01770 
1.06488 0.75000 0.01703 
1.07056 0.75000 0.01645 
1.07386 0.75000 0.01611 
1.08089 0.75000 0.01538 
1.08255 0.75000 0.01521 
1.08329 0.75000 0.01513 
1.09163 0.75000 0.01424 
1.09552 0.75000 0.01382 
1.10084 0.75000 0.01324 
1.10817 0.75000 0.01242 
1.10980 0.75000 0.01224 
1.11500 0.75000 0.01165 
1.11918 0.75000 0.01117 
1.12048 0.75000 0.01102 
1.12860 0.75000 0.01007 
1.13233 0.75000 0.00963 
1.13804 0.75000 0.00895 
1.14427 0.75000 0.00820 
1.14747 0.75000 0.00781 
1.15620 0.75000 0.00674 
1.15671 0.75000 0.00668 
1.15807 0.75000 0.00651 
1.16492 0.75000 0.00567 
1.17224 0.75000 0.00476 
1.17308 0.75000 0.00466 
1.17861 0.75000 0.00397 
1.17988 0.75000 0.00381 
1.18140 0.75000 0.00363 
1.18554 0.75000 0.00311 
1.18768 0.75000 0.00285 
1.19027 0.75000 0.00253 
1.19262 0.75000 0.00224 
1.19420 0.75000 0.00204 
1.19654 0.75000 0.00175 
1.19748 0.75000 0.00164 
1.19968 0.75000 0.00136 
1.20021 0.75000 0.00130 
1.20060 0.75000 0.00125 
1.20249 0.75000 0.00102 
1.20269 0.75000 0.00099 
1.20439 0.75000 0.00078 
1.20595 0.75000 0.00059 
1.20597 0.75000 0.00059 
1.20632 0.75000 0.00054 
1.20725 0.75000 0.00043 
1.20729 0.75000 0.00042 
1.20832 0.75000 0.00029 
1.20839 0.75000 0.00029 
1.20922 0.75000 0.00018 
1.20930 0.75000 0.00017 
1.20998 0.75000 0.00009 
1.21006 0.75000 0.00008 
1.21062 0.75000 0.00001 
1.21070 0.75000 0.00000 

ZONE T="SLICE_Y_1p4_BINS07_KS_1mm_FINAL_LAYER"
1.39330 1.40000 -0.00000 
1.39284 1.40000 0.00006 
1.39267 1.40000 0.00008 
1.39209 1.40000 0.00015 
1.39191 1.40000 0.00017 
1.39119 1.40000 0.00026 
1.39099 1.40000 0.00029 
1.39010 1.40000 0.00040 
1.38989 1.40000 0.00042 
1.38966 1.40000 0.00045 
1.38858 1.40000 0.00059 
1.38836 1.40000 0.00061 
1.38699 1.40000 0.00078 
1.38682 1.40000 0.00080 
1.38510 1.40000 0.00102 
1.38352 1.40000 0.00121 
1.38286 1.40000 0.00129 
1.38282 1.40000 0.00130 
1.38276 1.40000 0.00131 
1.38009 1.40000 0.00164 
1.37974 1.40000 0.00168 
1.37681 1.40000 0.00204 
1.37599 1.40000 0.00214 
1.37287 1.40000 0.00253 
1.36992 1.40000 0.00289 
1.36815 1.40000 0.00311 
1.36533 1.40000 0.00346 
1.36248 1.40000 0.00382 
1.35762 1.40000 0.00442 
1.35568 1.40000 0.00466 
1.34759 1.40000 0.00565 
1.34752 1.40000 0.00566 
1.34744 1.40000 0.00567 
1.33875 1.40000 0.00672 
1.33553 1.40000 0.00710 
1.32969 1.40000 0.00780 
1.32352 1.40000 0.00851 
1.32072 1.40000 0.00883 
1.31265 1.40000 0.00974 
1.31177 1.40000 0.00983 
1.31145 1.40000 0.00987 
1.30287 1.40000 0.01080 
1.29904 1.40000 0.01121 
1.29404 1.40000 0.01174 
1.28658 1.40000 0.01251 
1.28511 1.40000 0.01266 
1.28025 1.40000 0.01314 
1.27503 1.40000 0.01367 
1.27373 1.40000 0.01379 
1.26907 1.40000 0.01425 
1.26469 1.40000 0.01467 
1.26160 1.40000 0.01496 
1.25648 1.40000 0.01545 
1.25441 1.40000 0.01564 
1.24608 1.40000 0.01642 
1.24402 1.40000 0.01660 
1.23648 1.40000 0.01729 
1.23405 1.40000 0.01750 
1.22592 1.40000 0.01822 
1.22390 1.40000 0.01840 
1.21585 1.40000 0.01909 
1.21341 1.40000 0.01930 
1.20482 1.40000 0.02003 
1.20207 1.40000 0.02025 
1.19456 1.40000 0.02086 
1.19261 1.40000 0.02102 
1.19191 1.40000 0.02108 
1.18314 1.40000 0.02177 
1.18145 1.40000 0.02190 
1.17314 1.40000 0.02253 
1.17262 1.40000 0.02257 
1.17096 1.40000 0.02269 
1.16405 1.40000 0.02319 
1.16010 1.40000 0.02347 
1.15544 1.40000 0.02379 
1.15321 1.40000 0.02395 
1.15029 1.40000 0.02414 
1.14559 1.40000 0.02445 
1.14421 1.40000 0.02454 
1.14146 1.40000 0.02471 
1.13922 1.40000 0.02485 
1.13709 1.40000 0.02498 
1.13413 1.40000 0.02516 
1.13216 1.40000 0.02528 
1.12896 1.40000 0.02546 
1.12821 1.40000 0.02551 
1.12722 1.40000 0.02556 
1.12361 1.40000 0.02576 
1.12156 1.40000 0.02587 
1.11972 1.40000 0.02597 
1.11789 1.40000 0.02607 
1.11562 1.40000 0.02619 
1.11320 1.40000 0.02631 
1.11211 1.40000 0.02636 
1.11138 1.40000 0.02640 
1.10896 1.40000 0.02651 
1.10796 1.40000 0.02656 
1.10510 1.40000 0.02669 
1.10485 1.40000 0.02670 
1.10442 1.40000 0.02672 
1.10237 1.40000 0.02681 
1.10119 1.40000 0.02686 
1.09947 1.40000 0.02694 
1.09791 1.40000 0.02700 
1.09672 1.40000 0.02705 
1.09567 1.40000 0.02709 
1.09462 1.40000 0.02713 
1.09292 1.40000 0.02720 
1.09255 1.40000 0.02721 
1.09163 1.40000 0.02725 
1.09010 1.40000 0.02731 
1.08955 1.40000 0.02733 
1.08743 1.40000 0.02740 
1.08738 1.40000 0.02740 
1.08538 1.40000 0.02747 
1.08506 1.40000 0.02748 
1.08417 1.40000 0.02751 
1.08233 1.40000 0.02757 
1.08179 1.40000 0.02759 
1.07994 1.40000 0.02765 
1.07968 1.40000 0.02766 
1.07797 1.40000 0.02771 
1.07675 1.40000 0.02775 
1.07523 1.40000 0.02779 
1.07431 1.40000 0.02781 
1.07261 1.40000 0.02786 
1.07220 1.40000 0.02787 
1.07175 1.40000 0.02788 
1.06997 1.40000 0.02793 
1.06890 1.40000 0.02796 
1.06735 1.40000 0.02799 
1.06654 1.40000 0.02801 
1.06486 1.40000 0.02805 
1.06385 1.40000 0.02807 
1.06208 1.40000 0.02811 
1.06158 1.40000 0.02812 
1.05947 1.40000 0.02816 
1.05900 1.40000 0.02817 
1.05678 1.40000 0.02821 
1.05634 1.40000 0.02822 
1.05592 1.40000 0.02822 
1.05410 1.40000 0.02825 
1.05353 1.40000 0.02826 
1.05240 1.40000 0.02828 
1.05137 1.40000 0.02829 
1.04984 1.40000 0.02832 
1.04905 1.40000 0.02833 
1.04682 1.40000 0.02835 
1.04643 1.40000 0.02836 
1.04490 1.40000 0.02837 
1.04415 1.40000 0.02838 
1.04402 1.40000 0.02838 
1.04373 1.40000 0.02839 
1.04159 1.40000 0.02841 
1.03949 1.40000 0.02842 
1.03926 1.40000 0.02842 
1.03893 1.40000 0.02843 
1.03709 1.40000 0.02844 
1.03612 1.40000 0.02844 
1.03474 1.40000 0.02845 
1.03363 1.40000 0.02845 
1.03284 1.40000 0.02846 
1.03170 1.40000 0.02846 
1.03104 1.40000 0.02846 
1.02902 1.40000 0.02846 
1.02895 1.40000 0.02846 
1.02887 1.40000 0.02846 
1.02665 1.40000 0.02846 
1.02484 1.40000 0.02846 
1.02459 1.40000 0.02846 
1.02431 1.40000 0.02846 
1.02276 1.40000 0.02846 
1.02161 1.40000 0.02845 
1.02044 1.40000 0.02845 
1.01943 1.40000 0.02845 
1.01777 1.40000 0.02844 
1.01702 1.40000 0.02844 
1.01590 1.40000 0.02843 
1.01485 1.40000 0.02842 
1.01389 1.40000 0.02842 
1.01296 1.40000 0.02841 
1.01227 1.40000 0.02840 
1.01056 1.40000 0.02839 
1.00948 1.40000 0.02838 
1.00870 1.40000 0.02837 
1.00749 1.40000 0.02836 
1.00708 1.40000 0.02836 
1.00566 1.40000 0.02834 
1.00461 1.40000 0.02833 
1.00435 1.40000 0.02832 
1.00325 1.40000 0.02831 
1.00243 1.40000 0.02830 
1.00167 1.40000 0.02829 
1.00071 1.40000 0.02827 
1.00042 1.40000 0.02827 
0.99898 1.40000 0.02825 
0.99856 1.40000 0.02824 
0.99653 1.40000 0.02821 
0.99590 1.40000 0.02820 
0.99422 1.40000 0.02817 
0.99340 1.40000 0.02815 
0.99204 1.40000 0.02813 
0.99117 1.40000 0.02811 
0.98925 1.40000 0.02807 
0.98852 1.40000 0.02805 
0.98640 1.40000 0.02801 
0.98579 1.40000 0.02799 
0.98383 1.40000 0.02795 
0.98312 1.40000 0.02793 
0.98118 1.40000 0.02788 
0.98090 1.40000 0.02788 
0.97895 1.40000 0.02783 
0.97669 1.40000 0.02777 
0.97666 1.40000 0.02777 
0.97662 1.40000 0.02777 
0.97440 1.40000 0.02770 
0.97279 1.40000 0.02766 
0.97229 1.40000 0.02764 
0.97036 1.40000 0.02758 
0.96995 1.40000 0.02757 
0.96917 1.40000 0.02755 
0.96758 1.40000 0.02750 
0.96612 1.40000 0.02745 
0.96510 1.40000 0.02742 
0.96409 1.40000 0.02738 
0.96292 1.40000 0.02734 
0.96191 1.40000 0.02731 
0.96103 1.40000 0.02728 
0.95986 1.40000 0.02724 
0.95913 1.40000 0.02721 
0.95854 1.40000 0.02719 
0.95719 1.40000 0.02714 
0.95603 1.40000 0.02710 
0.95438 1.40000 0.02703 
0.95358 1.40000 0.02700 
0.95236 1.40000 0.02695 
0.95176 1.40000 0.02693 
0.95129 1.40000 0.02691 
0.95012 1.40000 0.02686 
0.94891 1.40000 0.02681 
0.94856 1.40000 0.02680 
0.94784 1.40000 0.02677 
0.94689 1.40000 0.02673 
0.94651 1.40000 0.02671 
0.94507 1.40000 0.02665 
0.94418 1.40000 0.02661 
0.94323 1.40000 0.02657 
0.94155 1.40000 0.02650 
0.94129 1.40000 0.02648 
0.93887 1.40000 0.02637 
0.93877 1.40000 0.02637 
0.93848 1.40000 0.02635 
0.93656 1.40000 0.02626 
0.93561 1.40000 0.02622 
0.93460 1.40000 0.02617 
0.93364 1.40000 0.02612 
0.93265 1.40000 0.02607 
0.93179 1.40000 0.02603 
0.93076 1.40000 0.02598 
0.92912 1.40000 0.02589 
0.92894 1.40000 0.02588 
0.92876 1.40000 0.02587 
0.92692 1.40000 0.02577 
0.92517 1.40000 0.02568 
0.92499 1.40000 0.02567 
0.92482 1.40000 0.02566 
0.92294 1.40000 0.02555 
0.92132 1.40000 0.02546 
0.92107 1.40000 0.02544 
0.91921 1.40000 0.02534 
0.91836 1.40000 0.02529 
0.91587 1.40000 0.02514 
0.91574 1.40000 0.02513 
0.91487 1.40000 0.02507 
0.91296 1.40000 0.02496 
0.91274 1.40000 0.02494 
0.91209 1.40000 0.02490 
0.91046 1.40000 0.02480 
0.90985 1.40000 0.02476 
0.90816 1.40000 0.02465 
0.90777 1.40000 0.02462 
0.90564 1.40000 0.02448 
0.90522 1.40000 0.02445 
0.90346 1.40000 0.02433 
0.90279 1.40000 0.02428 
0.90123 1.40000 0.02417 
0.89956 1.40000 0.02405 
0.89913 1.40000 0.02402 
0.89751 1.40000 0.02390 
0.89695 1.40000 0.02386 
0.89545 1.40000 0.02374 
0.89314 1.40000 0.02357 
0.89277 1.40000 0.02354 
0.89066 1.40000 0.02337 
0.89038 1.40000 0.02334 
0.89033 1.40000 0.02334 
0.88822 1.40000 0.02317 
0.88740 1.40000 0.02310 
0.88626 1.40000 0.02300 
0.88466 1.40000 0.02286 
0.88428 1.40000 0.02283 
0.88391 1.40000 0.02280 
0.88200 1.40000 0.02263 
0.87983 1.40000 0.02243 
0.87964 1.40000 0.02241 
0.87866 1.40000 0.02232 
0.87727 1.40000 0.02219 
0.87706 1.40000 0.02217 
0.87524 1.40000 0.02200 
0.87505 1.40000 0.02198 
0.87361 1.40000 0.02184 
0.87245 1.40000 0.02172 
0.87131 1.40000 0.02161 
0.87004 1.40000 0.02148 
0.86902 1.40000 0.02137 
0.86806 1.40000 0.02127 
0.86673 1.40000 0.02113 
0.86642 1.40000 0.02110 
0.86604 1.40000 0.02105 
0.86437 1.40000 0.02087 
0.86249 1.40000 0.02066 
0.86215 1.40000 0.02062 
0.86152 1.40000 0.02054 
0.86024 1.40000 0.02040 
0.85897 1.40000 0.02025 
0.85833 1.40000 0.02017 
0.85784 1.40000 0.02011 
0.85669 1.40000 0.01997 
0.85526 1.40000 0.01980 
0.85492 1.40000 0.01975 
0.85384 1.40000 0.01962 
0.85276 1.40000 0.01948 
0.85248 1.40000 0.01945 
0.85059 1.40000 0.01920 
0.84981 1.40000 0.01910 
0.84863 1.40000 0.01894 
0.84679 1.40000 0.01869 
0.84660 1.40000 0.01866 
0.84634 1.40000 0.01863 
0.84483 1.40000 0.01841 
0.84368 1.40000 0.01824 
0.84272 1.40000 0.01810 
0.84119 1.40000 0.01785 
0.84072 1.40000 0.01777 
0.84018 1.40000 0.01768 
0.83871 1.40000 0.01741 
0.83789 1.40000 0.01727 
0.83617 1.40000 0.01694 
0.83377 1.40000 0.01650 
0.83366 1.40000 0.01647 
0.83360 1.40000 0.01646 
0.83121 1.40000 0.01606 
0.83081 1.40000 0.01599 
0.82894 1.40000 0.01579 
0.82869 1.40000 0.01577 
0.82788 1.40000 0.01572 
0.82658 1.40000 0.01565 
0.82617 1.40000 0.01566 
0.82415 1.40000 0.01566 
0.82409 1.40000 0.01566 
0.82408 1.40000 0.01566 
0.82234 1.40000 0.01579 
0.82119 1.40000 0.01594 
0.82030 1.40000 0.01609 
0.81914 1.40000 0.01641 
0.81838 1.40000 0.01659 
0.81797 1.40000 0.01674 
0.81673 1.40000 0.01728 
0.81592 1.40000 0.01764 
0.81479 1.40000 0.01822 
0.81370 1.40000 0.01876 
0.81281 1.40000 0.01922 
0.81162 1.40000 0.01979 
0.81094 1.40000 0.02011 
0.80903 1.40000 0.02090 
0.80900 1.40000 0.02090 
0.80888 1.40000 0.02095 
0.80703 1.40000 0.02156 
0.80665 1.40000 0.02169 
0.80489 1.40000 0.02221 
0.80425 1.40000 0.02241 
0.80247 1.40000 0.02285 
0.80169 1.40000 0.02306 
0.80019 1.40000 0.02334 
0.79933 1.40000 0.02352 
0.79783 1.40000 0.02376 
0.79701 1.40000 0.02393 
0.79567 1.40000 0.02419 
0.79476 1.40000 0.02440 
0.79347 1.40000 0.02472 
0.79256 1.40000 0.02494 
0.79095 1.40000 0.02543 
0.79017 1.40000 0.02569 
0.78885 1.40000 0.02607 
0.78741 1.40000 0.02636 
0.78636 1.40000 0.02652 
0.78500 1.40000 0.02655 
0.78327 1.40000 0.02665 
0.78231 1.40000 0.02677 
0.78035 1.40000 0.02698 
0.77964 1.40000 0.02702 
0.77821 1.40000 0.02690 
0.77745 1.40000 0.02690 
0.77669 1.40000 0.02705 
0.77550 1.40000 0.02740 
0.77454 1.40000 0.02754 
0.77363 1.40000 0.02755 
0.77274 1.40000 0.02766 
0.77134 1.40000 0.02796 
0.77010 1.40000 0.02814 
0.76893 1.40000 0.02845 
0.76709 1.40000 0.02856 
0.76647 1.40000 0.02875 
0.76476 1.40000 0.02913 
0.76411 1.40000 0.02942 
0.76252 1.40000 0.03002 
0.76165 1.40000 0.03048 
0.76017 1.40000 0.03116 
0.75982 1.40000 0.03138 
0.75834 1.40000 0.03204 
0.75732 1.40000 0.03259 
0.75618 1.40000 0.03249 
0.75505 1.40000 0.03236 
0.75346 1.40000 0.03131 
0.75315 1.40000 0.03111 
0.75268 1.40000 0.03046 
0.75166 1.40000 0.02912 
0.75158 1.40000 0.02874 
0.75079 1.40000 0.02693 
0.75069 1.40000 0.02647 
0.75065 1.40000 0.02543 
0.75063 1.40000 0.02411 
0.75066 1.40000 0.02342 
0.75079 1.40000 0.02163 
0.75079 1.40000 0.02161 
0.75136 1.40000 0.01983 
0.75285 1.40000 0.01844 
0.75292 1.40000 0.01838 
0.75298 1.40000 0.01833 
0.75480 1.40000 0.01742 
0.75647 1.40000 0.01637 
0.75728 1.40000 0.01593 
0.75802 1.40000 0.01563 
0.75971 1.40000 0.01518 
0.76121 1.40000 0.01500 
0.76211 1.40000 0.01488 
0.76331 1.40000 0.01489 
0.76471 1.40000 0.01477 
0.76557 1.40000 0.01481 
0.76762 1.40000 0.01462 
0.76841 1.40000 0.01460 
0.76966 1.40000 0.01443 
0.77054 1.40000 0.01431 
0.77142 1.40000 0.01437 
0.77252 1.40000 0.01451 
0.77315 1.40000 0.01464 
0.77481 1.40000 0.01529 
0.77659 1.40000 0.01572 
0.77734 1.40000 0.01604 
0.77819 1.40000 0.01609 
0.77916 1.40000 0.01622 
0.78050 1.40000 0.01634 
0.78140 1.40000 0.01636 
0.78271 1.40000 0.01642 
0.78390 1.40000 0.01626 
0.78480 1.40000 0.01617 
0.78641 1.40000 0.01573 
0.78689 1.40000 0.01559 
0.78782 1.40000 0.01526 
0.78839 1.40000 0.01505 
0.79001 1.40000 0.01438 
0.79031 1.40000 0.01425 
0.79195 1.40000 0.01359 
0.79271 1.40000 0.01328 
0.79284 1.40000 0.01323 
0.79528 1.40000 0.01213 
0.79541 1.40000 0.01206 
0.79564 1.40000 0.01194 
0.79756 1.40000 0.01086 
0.79876 1.40000 0.01008 
0.79915 1.40000 0.00981 
0.79959 1.40000 0.00945 
0.80089 1.40000 0.00837 
0.80243 1.40000 0.00693 
0.80260 1.40000 0.00678 
0.80290 1.40000 0.00647 
0.80420 1.40000 0.00514 
0.80474 1.40000 0.00452 
0.80592 1.40000 0.00309 
0.80622 1.40000 0.00270 
0.80722 1.40000 0.00119 
0.80739 1.40000 0.00093 
0.80744 1.40000 0.00086 
0.80828 1.40000 -0.00107 
0.80857 1.40000 -0.00232 
0.80877 1.40000 -0.00351 
0.80867 1.40000 -0.00509 
0.80859 1.40000 -0.00605 
0.80831 1.40000 -0.00671 
0.80784 1.40000 -0.00790 
0.80683 1.40000 -0.00956 
0.80681 1.40000 -0.00959 
0.80679 1.40000 -0.00961 
0.80568 1.40000 -0.01112 
0.80461 1.40000 -0.01254 
0.80435 1.40000 -0.01288 
0.80424 1.40000 -0.01304 
0.80264 1.40000 -0.01505 
0.80259 1.40000 -0.01512 
0.80233 1.40000 -0.01539 
0.80080 1.40000 -0.01691 
0.80026 1.40000 -0.01731 
0.79880 1.40000 -0.01837 
0.79790 1.40000 -0.01886 
0.79648 1.40000 -0.01956 
0.79552 1.40000 -0.01991 
0.79402 1.40000 -0.02034 
0.79338 1.40000 -0.02052 
0.79254 1.40000 -0.02080 
0.79157 1.40000 -0.02109 
0.79033 1.40000 -0.02159 
0.78951 1.40000 -0.02191 
0.78919 1.40000 -0.02203 
0.78842 1.40000 -0.02223 
0.78730 1.40000 -0.02251 
0.78559 1.40000 -0.02253 
0.78555 1.40000 -0.02253 
0.78540 1.40000 -0.02257 
0.78344 1.40000 -0.02300 
0.78306 1.40000 -0.02302 
0.78226 1.40000 -0.02302 
0.78079 1.40000 -0.02292 
0.77994 1.40000 -0.02269 
0.77879 1.40000 -0.02237 
0.77785 1.40000 -0.02204 
0.77680 1.40000 -0.02173 
0.77577 1.40000 -0.02144 
0.77475 1.40000 -0.02113 
0.77334 1.40000 -0.02074 
0.77267 1.40000 -0.02060 
0.77231 1.40000 -0.02057 
0.77029 1.40000 -0.02022 
0.76923 1.40000 -0.02010 
0.76783 1.40000 -0.01997 
0.76641 1.40000 -0.01989 
0.76523 1.40000 -0.01999 
0.76399 1.40000 -0.02040 
0.76336 1.40000 -0.02060 
0.76235 1.40000 -0.02094 
0.76115 1.40000 -0.02145 
0.76048 1.40000 -0.02204 
0.75916 1.40000 -0.02360 
0.75788 1.40000 -0.02530 
0.75761 1.40000 -0.02590 
0.75721 1.40000 -0.02794 
0.75722 1.40000 -0.02845 
0.75770 1.40000 -0.03084 
0.75776 1.40000 -0.03125 
0.75824 1.40000 -0.03291 
0.75847 1.40000 -0.03363 
0.75858 1.40000 -0.03383 
0.75964 1.40000 -0.03598 
0.76056 1.40000 -0.03693 
0.76129 1.40000 -0.03765 
0.76234 1.40000 -0.03822 
0.76328 1.40000 -0.03877 
0.76490 1.40000 -0.03908 
0.76588 1.40000 -0.03927 
0.76635 1.40000 -0.03930 
0.76829 1.40000 -0.03913 
0.76924 1.40000 -0.03870 
0.77098 1.40000 -0.03851 
0.77187 1.40000 -0.03820 
0.77347 1.40000 -0.03770 
0.77395 1.40000 -0.03748 
0.77542 1.40000 -0.03692 
0.77584 1.40000 -0.03683 
0.77601 1.40000 -0.03678 
0.77633 1.40000 -0.03657 
0.77817 1.40000 -0.03570 
0.77889 1.40000 -0.03511 
0.78000 1.40000 -0.03433 
0.78139 1.40000 -0.03299 
0.78141 1.40000 -0.03298 
0.78146 1.40000 -0.03296 
0.78375 1.40000 -0.03257 
0.78429 1.40000 -0.03261 
0.78591 1.40000 -0.03280 
0.78681 1.40000 -0.03261 
0.78766 1.40000 -0.03249 
0.78902 1.40000 -0.03202 
0.78943 1.40000 -0.03193 
0.78979 1.40000 -0.03194 
0.79159 1.40000 -0.03210 
0.79291 1.40000 -0.03202 
0.79426 1.40000 -0.03177 
0.79575 1.40000 -0.03135 
0.79659 1.40000 -0.03106 
0.79836 1.40000 -0.03053 
0.79916 1.40000 -0.03042 
0.80116 1.40000 -0.02990 
0.80163 1.40000 -0.02973 
0.80349 1.40000 -0.02904 
0.80419 1.40000 -0.02872 
0.80525 1.40000 -0.02825 
0.80645 1.40000 -0.02773 
0.80697 1.40000 -0.02749 
0.80813 1.40000 -0.02713 
0.80907 1.40000 -0.02682 
0.80940 1.40000 -0.02674 
0.81121 1.40000 -0.02615 
0.81218 1.40000 -0.02577 
0.81335 1.40000 -0.02527 
0.81455 1.40000 -0.02470 
0.81522 1.40000 -0.02439 
0.81698 1.40000 -0.02332 
0.81715 1.40000 -0.02322 
0.81829 1.40000 -0.02253 
0.81919 1.40000 -0.02198 
0.81936 1.40000 -0.02193 
0.82123 1.40000 -0.02132 
0.82197 1.40000 -0.02120 
0.82356 1.40000 -0.02092 
0.82472 1.40000 -0.02083 
0.82595 1.40000 -0.02072 
0.82777 1.40000 -0.02071 
0.82831 1.40000 -0.02071 
0.83033 1.40000 -0.02076 
0.83068 1.40000 -0.02077 
0.83270 1.40000 -0.02087 
0.83279 1.40000 -0.02088 
0.83477 1.40000 -0.02101 
0.83519 1.40000 -0.02104 
0.83678 1.40000 -0.02115 
0.83800 1.40000 -0.02120 
0.83882 1.40000 -0.02122 
0.84028 1.40000 -0.02122 
0.84088 1.40000 -0.02120 
0.84183 1.40000 -0.02117 
0.84333 1.40000 -0.02109 
0.84386 1.40000 -0.02106 
0.84511 1.40000 -0.02097 
0.84682 1.40000 -0.02083 
0.84688 1.40000 -0.02082 
0.84902 1.40000 -0.02062 
0.84923 1.40000 -0.02060 
0.84957 1.40000 -0.02057 
0.85158 1.40000 -0.02041 
0.85302 1.40000 -0.02036 
0.85375 1.40000 -0.02034 
0.85577 1.40000 -0.02033 
0.85588 1.40000 -0.02033 
0.85612 1.40000 -0.02033 
0.85771 1.40000 -0.02036 
0.85834 1.40000 -0.02038 
0.85965 1.40000 -0.02043 
0.86020 1.40000 -0.02046 
0.86197 1.40000 -0.02058 
0.86251 1.40000 -0.02063 
0.86396 1.40000 -0.02077 
0.86502 1.40000 -0.02088 
0.86616 1.40000 -0.02101 
0.86791 1.40000 -0.02120 
0.86807 1.40000 -0.02121 
0.86817 1.40000 -0.02122 
0.87011 1.40000 -0.02143 
0.87158 1.40000 -0.02159 
0.87223 1.40000 -0.02167 
0.87273 1.40000 -0.02172 
0.87450 1.40000 -0.02191 
0.87499 1.40000 -0.02196 
0.87691 1.40000 -0.02215 
0.87741 1.40000 -0.02220 
0.87828 1.40000 -0.02228 
0.87977 1.40000 -0.02243 
0.88107 1.40000 -0.02255 
0.88168 1.40000 -0.02260 
0.88356 1.40000 -0.02277 
0.88401 1.40000 -0.02281 
0.88473 1.40000 -0.02287 
0.88615 1.40000 -0.02300 
0.88766 1.40000 -0.02312 
0.88821 1.40000 -0.02317 
0.88856 1.40000 -0.02320 
0.89046 1.40000 -0.02335 
0.89144 1.40000 -0.02343 
0.89391 1.40000 -0.02362 
0.89429 1.40000 -0.02365 
0.89467 1.40000 -0.02368 
0.89670 1.40000 -0.02384 
0.89841 1.40000 -0.02397 
0.89870 1.40000 -0.02399 
0.90016 1.40000 -0.02409 
0.90126 1.40000 -0.02417 
0.90144 1.40000 -0.02418 
0.90357 1.40000 -0.02433 
0.90439 1.40000 -0.02439 
0.90608 1.40000 -0.02451 
0.90673 1.40000 -0.02455 
0.90780 1.40000 -0.02462 
0.90889 1.40000 -0.02469 
0.91085 1.40000 -0.02482 
0.91108 1.40000 -0.02483 
0.91256 1.40000 -0.02493 
0.91377 1.40000 -0.02500 
0.91392 1.40000 -0.02501 
0.91421 1.40000 -0.02503 
0.91630 1.40000 -0.02516 
0.91833 1.40000 -0.02528 
0.91836 1.40000 -0.02528 
0.91844 1.40000 -0.02529 
0.92035 1.40000 -0.02540 
0.92119 1.40000 -0.02545 
0.92222 1.40000 -0.02551 
0.92403 1.40000 -0.02561 
0.92434 1.40000 -0.02563 
0.92453 1.40000 -0.02564 
0.92630 1.40000 -0.02573 
0.92795 1.40000 -0.02582 
0.92886 1.40000 -0.02587 
0.92980 1.40000 -0.02592 
0.93127 1.40000 -0.02600 
0.93363 1.40000 -0.02612 
0.93371 1.40000 -0.02612 
0.93376 1.40000 -0.02613 
0.93618 1.40000 -0.02625 
0.93652 1.40000 -0.02626 
0.93807 1.40000 -0.02634 
0.93971 1.40000 -0.02641 
0.93991 1.40000 -0.02642 
0.94026 1.40000 -0.02644 
0.94180 1.40000 -0.02651 
0.94290 1.40000 -0.02656 
0.94352 1.40000 -0.02659 
0.94410 1.40000 -0.02661 
0.94552 1.40000 -0.02668 
0.94707 1.40000 -0.02674 
0.94752 1.40000 -0.02676 
0.94817 1.40000 -0.02679 
0.94953 1.40000 -0.02685 
0.95096 1.40000 -0.02691 
0.95192 1.40000 -0.02695 
0.95266 1.40000 -0.02698 
0.95460 1.40000 -0.02705 
0.95685 1.40000 -0.02714 
0.95718 1.40000 -0.02715 
0.95748 1.40000 -0.02716 
0.95923 1.40000 -0.02723 
0.96071 1.40000 -0.02728 
0.96118 1.40000 -0.02729 
0.96272 1.40000 -0.02735 
0.96328 1.40000 -0.02737 
0.96340 1.40000 -0.02737 
0.96393 1.40000 -0.02739 
0.96565 1.40000 -0.02744 
0.96656 1.40000 -0.02747 
0.96718 1.40000 -0.02749 
0.96766 1.40000 -0.02751 
0.96936 1.40000 -0.02756 
0.97153 1.40000 -0.02762 
0.97190 1.40000 -0.02763 
0.97215 1.40000 -0.02764 
0.97462 1.40000 -0.02771 
0.97651 1.40000 -0.02776 
0.97715 1.40000 -0.02778 
0.97854 1.40000 -0.02782 
0.97940 1.40000 -0.02784 
0.97978 1.40000 -0.02785 
0.98172 1.40000 -0.02790 
0.98292 1.40000 -0.02793 
0.98410 1.40000 -0.02796 
0.98549 1.40000 -0.02799 
0.98619 1.40000 -0.02800 
0.98838 1.40000 -0.02805 
0.98858 1.40000 -0.02806 
0.98914 1.40000 -0.02807 
0.99059 1.40000 -0.02810 
0.99132 1.40000 -0.02811 
0.99307 1.40000 -0.02815 
0.99574 1.40000 -0.02820 
0.99574 1.40000 -0.02820 
0.99574 1.40000 -0.02820 
0.99804 1.40000 -0.02823 
0.99849 1.40000 -0.02824 
1.00005 1.40000 -0.02827 
1.00074 1.40000 -0.02828 
1.00282 1.40000 -0.02830 
1.00309 1.40000 -0.02831 
1.00325 1.40000 -0.02831 
1.00514 1.40000 -0.02833 
1.00665 1.40000 -0.02835 
1.00744 1.40000 -0.02836 
1.00784 1.40000 -0.02836 
1.01060 1.40000 -0.02839 
1.01074 1.40000 -0.02839 
1.01159 1.40000 -0.02840 
1.01306 1.40000 -0.02841 
1.01329 1.40000 -0.02842 
1.01546 1.40000 -0.02843 
1.01587 1.40000 -0.02843 
1.01755 1.40000 -0.02844 
1.01898 1.40000 -0.02845 
1.01983 1.40000 -0.02845 
1.02043 1.40000 -0.02845 
1.02231 1.40000 -0.02846 
1.02325 1.40000 -0.02846 
1.02443 1.40000 -0.02846 
1.02528 1.40000 -0.02846 
1.02656 1.40000 -0.02846 
1.02751 1.40000 -0.02846 
1.02886 1.40000 -0.02846 
1.03053 1.40000 -0.02846 
1.03112 1.40000 -0.02846 
1.03284 1.40000 -0.02846 
1.03326 1.40000 -0.02846 
1.03484 1.40000 -0.02845 
1.03535 1.40000 -0.02845 
1.03712 1.40000 -0.02844 
1.03803 1.40000 -0.02843 
1.03906 1.40000 -0.02843 
1.04102 1.40000 -0.02841 
1.04131 1.40000 -0.02841 
1.04191 1.40000 -0.02840 
1.04330 1.40000 -0.02839 
1.04378 1.40000 -0.02839 
1.04512 1.40000 -0.02837 
1.04582 1.40000 -0.02836 
1.04732 1.40000 -0.02835 
1.04821 1.40000 -0.02834 
1.05024 1.40000 -0.02831 
1.05125 1.40000 -0.02830 
1.05273 1.40000 -0.02827 
1.05424 1.40000 -0.02825 
1.05497 1.40000 -0.02824 
1.05576 1.40000 -0.02823 
1.05727 1.40000 -0.02820 
1.05988 1.40000 -0.02815 
1.06020 1.40000 -0.02815 
1.06035 1.40000 -0.02815 
1.06114 1.40000 -0.02813 
1.06244 1.40000 -0.02810 
1.06408 1.40000 -0.02807 
1.06434 1.40000 -0.02806 
1.06521 1.40000 -0.02804 
1.06660 1.40000 -0.02801 
1.06701 1.40000 -0.02800 
1.06907 1.40000 -0.02795 
1.06960 1.40000 -0.02794 
1.06971 1.40000 -0.02794 
1.07199 1.40000 -0.02788 
1.07284 1.40000 -0.02785 
1.07415 1.40000 -0.02782 
1.07548 1.40000 -0.02778 
1.07610 1.40000 -0.02776 
1.07793 1.40000 -0.02771 
1.07847 1.40000 -0.02770 
1.07859 1.40000 -0.02769 
1.07884 1.40000 -0.02768 
1.08097 1.40000 -0.02762 
1.08270 1.40000 -0.02756 
1.08316 1.40000 -0.02755 
1.08354 1.40000 -0.02754 
1.08510 1.40000 -0.02748 
1.08680 1.40000 -0.02742 
1.08713 1.40000 -0.02741 
1.08893 1.40000 -0.02735 
1.08953 1.40000 -0.02733 
1.09129 1.40000 -0.02726 
1.09236 1.40000 -0.02722 
1.09383 1.40000 -0.02716 
1.09537 1.40000 -0.02710 
1.09590 1.40000 -0.02708 
1.09770 1.40000 -0.02701 
1.09857 1.40000 -0.02697 
1.10078 1.40000 -0.02688 
1.10103 1.40000 -0.02687 
1.10246 1.40000 -0.02681 
1.10273 1.40000 -0.02680 
1.10285 1.40000 -0.02679 
1.10453 1.40000 -0.02672 
1.10543 1.40000 -0.02668 
1.10698 1.40000 -0.02660 
1.10891 1.40000 -0.02651 
1.10938 1.40000 -0.02649 
1.10999 1.40000 -0.02646 
1.11218 1.40000 -0.02636 
1.11496 1.40000 -0.02622 
1.11536 1.40000 -0.02620 
1.11596 1.40000 -0.02617 
1.11830 1.40000 -0.02605 
1.12044 1.40000 -0.02594 
1.12133 1.40000 -0.02589 
1.12183 1.40000 -0.02586 
1.12484 1.40000 -0.02570 
1.12798 1.40000 -0.02552 
1.12892 1.40000 -0.02547 
1.13007 1.40000 -0.02540 
1.13289 1.40000 -0.02524 
1.13498 1.40000 -0.02511 
1.13738 1.40000 -0.02497 
1.14204 1.40000 -0.02468 
1.14281 1.40000 -0.02463 
1.14458 1.40000 -0.02452 
1.14826 1.40000 -0.02428 
1.15234 1.40000 -0.02400 
1.15660 1.40000 -0.02372 
1.16081 1.40000 -0.02342 
1.16439 1.40000 -0.02317 
1.16712 1.40000 -0.02297 
1.17191 1.40000 -0.02262 
1.17488 1.40000 -0.02240 
1.18131 1.40000 -0.02191 
1.18444 1.40000 -0.02167 
1.19114 1.40000 -0.02114 
1.19385 1.40000 -0.02092 
1.20079 1.40000 -0.02036 
1.20328 1.40000 -0.02015 
1.21077 1.40000 -0.01953 
1.21327 1.40000 -0.01931 
1.22075 1.40000 -0.01867 
1.22309 1.40000 -0.01847 
1.23066 1.40000 -0.01780 
1.23309 1.40000 -0.01759 
1.24064 1.40000 -0.01691 
1.24307 1.40000 -0.01669 
1.25036 1.40000 -0.01602 
1.25251 1.40000 -0.01582 
1.25940 1.40000 -0.01517 
1.26266 1.40000 -0.01487 
1.26740 1.40000 -0.01441 
1.27329 1.40000 -0.01383 
1.27572 1.40000 -0.01360 
1.28127 1.40000 -0.01304 
1.28466 1.40000 -0.01270 
1.28608 1.40000 -0.01256 
1.29363 1.40000 -0.01178 
1.29844 1.40000 -0.01127 
1.30249 1.40000 -0.01084 
1.31074 1.40000 -0.00995 
1.31145 1.40000 -0.00987 
1.31332 1.40000 -0.00966 
1.32072 1.40000 -0.00883 
1.32352 1.40000 -0.00851 
1.32969 1.40000 -0.00780 
1.33553 1.40000 -0.00710 
1.33875 1.40000 -0.00672 
1.34744 1.40000 -0.00567 
1.34752 1.40000 -0.00566 
1.34759 1.40000 -0.00565 
1.35568 1.40000 -0.00466 
1.35762 1.40000 -0.00442 
1.36248 1.40000 -0.00382 
1.36533 1.40000 -0.00346 
1.36815 1.40000 -0.00311 
1.36992 1.40000 -0.00289 
1.37287 1.40000 -0.00253 
1.37599 1.40000 -0.00214 
1.37681 1.40000 -0.00204 
1.37974 1.40000 -0.00168 
1.38009 1.40000 -0.00164 
1.38276 1.40000 -0.00131 
1.38282 1.40000 -0.00130 
1.38286 1.40000 -0.00129 
1.38352 1.40000 -0.00121 
1.38510 1.40000 -0.00102 
1.38682 1.40000 -0.00080 
1.38699 1.40000 -0.00078 
1.38836 1.40000 -0.00061 
1.38858 1.40000 -0.00059 
1.38966 1.40000 -0.00045 
1.38989 1.40000 -0.00042 
1.39010 1.40000 -0.00040 
1.39099 1.40000 -0.00029 
1.39119 1.40000 -0.00026 
1.39191 1.40000 -0.00017 
1.39209 1.40000 -0.00015 
1.39267 1.40000 -0.00008 
1.39284 1.40000 -0.00006 
1.39330 1.40000 -0.00000 

