#++++++++++++++++++++++++++++++++++++++++++++++++++++++++++++++++++++++++++++++++++++++++++++++++++++++++++++++++++++
#
#   IPW-3 Ice Shape DATA SUBMITTAL FORM for Test Case ONERAM6, May 18th 2026
#
#       NOMENCLATURE:
#             X_ICED [m]:  X-coordinate of the iced surface
#             Y_ICED [m]:  Y-coordinate of the iced surface
#             Z_ICED [m]:  Z-coordinate of the iced surface
#
#                XXmm:  Roughness height used for the case, in mm.
#                       In the zone name, use the format KS_XXmm.
#                       For example, if k_s = 1.5 mm, use KS_1p5mm. 
#                       For Variable roughness, use KS_VAR
#
#    FLOW CONDITIONS:
#                                   AOA: 2.0 deg
#                           Mach Number: 0.4 [-]
#       Mean aerodynamic chord (M.A.C.): 0.801673 [m]
#                       Reynolds Number: 4.2558 million (based on MAC)
#                       Freestream Temp: 267.15 [K]
#                        Reference area: 1.1532 [m2]
#               Moment Reference Center: 0.25, 0, 0 [m] (X, Y, Z)
#
#              NOTES: 1. Please use at least 5 decimal places in the numerical values
#                     2. If data are NOT provided, please fill data fields with a numerical value of "-999" 
#
#++++++++++++++++++++++++++++++++++++++++++++++++++++++++++++++++++++++++++++++++++++++++++++++++++++++++++++++++++++

AUXDATA NUM_LAYERS  = 6
VARIABLES = "X_ICED" "Y_ICED" "Z_ICED"

ZONE T="SLICE_Y_0p1_BINS01_KS_1mm_FINAL_LAYER"
1.02809 0.10000 -0.00000 
1.00502 0.10000 -0.00276 
0.95913 0.10000 -0.00831 
0.92489 0.10000 -0.01220 
0.89205 0.10000 -0.01596 
0.84977 0.10000 -0.02040 
0.82909 0.10000 -0.02253 
0.78016 0.10000 -0.02711 
0.77059 0.10000 -0.02800 
0.71882 0.10000 -0.03242 
0.71655 0.10000 -0.03261 
0.71613 0.10000 -0.03264 
0.66575 0.10000 -0.03647 
0.65612 0.10000 -0.03709 
0.61887 0.10000 -0.03953 
0.60028 0.10000 -0.04060 
0.57616 0.10000 -0.04195 
0.54834 0.10000 -0.04318 
0.53724 0.10000 -0.04370 
0.50406 0.10000 -0.04483 
0.50165 0.10000 -0.04491 
0.50081 0.10000 -0.04493 
0.46846 0.10000 -0.04561 
0.45667 0.10000 -0.04576 
0.43853 0.10000 -0.04604 
0.41974 0.10000 -0.04609 
0.41506 0.10000 -0.04612 
0.39360 0.10000 -0.04616 
0.38878 0.10000 -0.04616 
0.36282 0.10000 -0.04583 
0.36259 0.10000 -0.04583 
0.36181 0.10000 -0.04581 
0.33815 0.10000 -0.04534 
0.33030 0.10000 -0.04512 
0.31538 0.10000 -0.04468 
0.30227 0.10000 -0.04426 
0.29434 0.10000 -0.04399 
0.27847 0.10000 -0.04331 
0.27499 0.10000 -0.04317 
0.25615 0.10000 -0.04226 
0.25531 0.10000 -0.04221 
0.25517 0.10000 -0.04221 
0.25483 0.10000 -0.04219 
0.23761 0.10000 -0.04128 
0.22685 0.10000 -0.04065 
0.22356 0.10000 -0.04045 
0.22076 0.10000 -0.04027 
0.21048 0.10000 -0.03964 
0.20094 0.10000 -0.03900 
0.19856 0.10000 -0.03884 
0.19409 0.10000 -0.03853 
0.18678 0.10000 -0.03802 
0.18322 0.10000 -0.03777 
0.17469 0.10000 -0.03714 
0.16992 0.10000 -0.03681 
0.16400 0.10000 -0.03638 
0.15719 0.10000 -0.03609 
0.15260 0.10000 -0.03605 
0.14650 0.10000 -0.03731 
0.14159 0.10000 -0.03842 
0.13653 0.10000 -0.03971 
0.13129 0.10000 -0.04100 
0.12598 0.10000 -0.04171 
0.12079 0.10000 -0.04232 
0.11509 0.10000 -0.04223 
0.10965 0.10000 -0.04210 
0.10415 0.10000 -0.04153 
0.09851 0.10000 -0.04093 
0.09327 0.10000 -0.04006 
0.08749 0.10000 -0.03911 
0.08245 0.10000 -0.03796 
0.07656 0.10000 -0.03658 
0.07179 0.10000 -0.03463 
0.06620 0.10000 -0.03230 
0.06165 0.10000 -0.02914 
0.05734 0.10000 -0.02610 
0.05263 0.10000 -0.02100 
0.05027 0.10000 -0.01845 
0.04516 0.10000 -0.01000 
0.04501 0.10000 -0.00974 
0.04478 0.10000 -0.00912 
0.04155 0.10000 -0.00026 
0.04341 0.10000 0.00786 
0.04384 0.10000 0.00977 
0.04435 0.10000 0.01071 
0.04886 0.10000 0.01897 
0.05176 0.10000 0.02238 
0.05582 0.10000 0.02717 
0.06101 0.10000 0.03097 
0.06501 0.10000 0.03383 
0.07167 0.10000 0.03623 
0.07607 0.10000 0.03780 
0.08286 0.10000 0.03933 
0.08747 0.10000 0.04041 
0.09435 0.10000 0.04108 
0.09903 0.10000 0.04151 
0.10610 0.10000 0.04058 
0.10982 0.10000 0.04008 
0.11773 0.10000 0.03806 
0.11935 0.10000 0.03763 
0.12524 0.10000 0.03553 
0.12726 0.10000 0.03484 
0.12813 0.10000 0.03476 
0.13474 0.10000 0.03408 
0.14190 0.10000 0.03405 
0.14397 0.10000 0.03412 
0.14650 0.10000 0.03432 
0.15363 0.10000 0.03487 
0.15797 0.10000 0.03524 
0.16421 0.10000 0.03580 
0.17277 0.10000 0.03656 
0.17698 0.10000 0.03692 
0.18651 0.10000 0.03775 
0.19192 0.10000 0.03817 
0.20044 0.10000 0.03882 
0.20907 0.10000 0.03944 
0.21474 0.10000 0.03986 
0.22840 0.10000 0.04075 
0.22966 0.10000 0.04083 
0.23354 0.10000 0.04106 
0.24528 0.10000 0.04174 
0.24926 0.10000 0.04196 
0.26189 0.10000 0.04259 
0.27270 0.10000 0.04312 
0.27957 0.10000 0.04346 
0.29541 0.10000 0.04406 
0.29839 0.10000 0.04417 
0.29971 0.10000 0.04421 
0.31812 0.10000 0.04480 
0.32939 0.10000 0.04512 
0.33981 0.10000 0.04544 
0.36205 0.10000 0.04589 
0.36364 0.10000 0.04593 
0.36786 0.10000 0.04599 
0.38910 0.10000 0.04628 
0.39708 0.10000 0.04627 
0.41662 0.10000 0.04621 
0.43482 0.10000 0.04606 
0.44642 0.10000 0.04597 
0.47487 0.10000 0.04557 
0.47855 0.10000 0.04553 
0.49344 0.10000 0.04513 
0.51268 0.10000 0.04462 
0.51734 0.10000 0.04444 
0.54881 0.10000 0.04327 
0.56277 0.10000 0.04260 
0.58742 0.10000 0.04144 
0.61143 0.10000 0.04001 
0.62935 0.10000 0.03894 
0.66416 0.10000 0.03658 
0.67495 0.10000 0.03585 
0.72143 0.10000 0.03226 
0.72402 0.10000 0.03206 
0.73915 0.10000 0.03075 
0.77644 0.10000 0.02750 
0.78311 0.10000 0.02688 
0.83325 0.10000 0.02209 
0.85090 0.10000 0.02025 
0.89450 0.10000 0.01567 
0.92537 0.10000 0.01212 
0.95993 0.10000 0.00813 
1.00504 0.10000 0.00270 
1.02809 0.10000 -0.00000 

ZONE T="SLICE_Y_0p75_BINS01_KS_1mm_FINAL_LAYER"
1.21070 0.75000 -0.00000 
1.19628 0.75000 -0.00159 
1.15409 0.75000 -0.00622 
1.13869 0.75000 -0.00790 
1.09912 0.75000 -0.01224 
1.06852 0.75000 -0.01539 
1.04671 0.75000 -0.01756 
1.00662 0.75000 -0.02111 
0.99747 0.75000 -0.02194 
0.95341 0.75000 -0.02582 
0.95119 0.75000 -0.02601 
0.90840 0.75000 -0.02903 
0.90672 0.75000 -0.02915 
0.86823 0.75000 -0.03171 
0.86476 0.75000 -0.03193 
0.83137 0.75000 -0.03370 
0.82629 0.75000 -0.03394 
0.79791 0.75000 -0.03508 
0.78955 0.75000 -0.03540 
0.76744 0.75000 -0.03598 
0.75424 0.75000 -0.03621 
0.73946 0.75000 -0.03644 
0.72076 0.75000 -0.03667 
0.71375 0.75000 -0.03666 
0.69531 0.75000 -0.03655 
0.69052 0.75000 -0.03652 
0.68845 0.75000 -0.03650 
0.66921 0.75000 -0.03628 
0.65532 0.75000 -0.03604 
0.64974 0.75000 -0.03591 
0.64206 0.75000 -0.03566 
0.63112 0.75000 -0.03531 
0.62249 0.75000 -0.03504 
0.61410 0.75000 -0.03477 
0.60797 0.75000 -0.03449 
0.59843 0.75000 -0.03407 
0.59229 0.75000 -0.03379 
0.58352 0.75000 -0.03339 
0.57881 0.75000 -0.03314 
0.56976 0.75000 -0.03265 
0.56718 0.75000 -0.03250 
0.55641 0.75000 -0.03188 
0.55634 0.75000 -0.03187 
0.55515 0.75000 -0.03180 
0.54527 0.75000 -0.03119 
0.54469 0.75000 -0.03115 
0.53433 0.75000 -0.03054 
0.53327 0.75000 -0.03048 
0.52342 0.75000 -0.03038 
0.52180 0.75000 -0.03038 
0.51258 0.75000 -0.03232 
0.51060 0.75000 -0.03274 
0.50177 0.75000 -0.03476 
0.49955 0.75000 -0.03528 
0.49082 0.75000 -0.03680 
0.48829 0.75000 -0.03722 
0.47971 0.75000 -0.03748 
0.47687 0.75000 -0.03755 
0.46856 0.75000 -0.03694 
0.46551 0.75000 -0.03670 
0.45744 0.75000 -0.03540 
0.45423 0.75000 -0.03490 
0.44647 0.75000 -0.03233 
0.44338 0.75000 -0.03133 
0.43596 0.75000 -0.02719 
0.43363 0.75000 -0.02588 
0.42648 0.75000 -0.01929 
0.42573 0.75000 -0.01858 
0.42355 0.75000 -0.01547 
0.41968 0.75000 -0.00997 
0.41879 0.75000 -0.00795 
0.41550 0.75000 -0.00041 
0.41770 0.75000 0.00840 
0.41799 0.75000 0.00959 
0.41948 0.75000 0.01216 
0.42325 0.75000 0.01867 
0.42485 0.75000 0.02052 
0.43028 0.75000 0.02679 
0.43409 0.75000 0.02911 
0.44015 0.75000 0.03278 
0.44484 0.75000 0.03390 
0.45178 0.75000 0.03561 
0.45610 0.75000 0.03567 
0.46355 0.75000 0.03573 
0.46731 0.75000 0.03510 
0.47480 0.75000 0.03378 
0.47822 0.75000 0.03273 
0.48545 0.75000 0.03047 
0.48895 0.75000 0.02980 
0.49629 0.75000 0.02839 
0.49979 0.75000 0.02822 
0.50728 0.75000 0.02803 
0.51071 0.75000 0.02825 
0.51811 0.75000 0.02867 
0.52157 0.75000 0.02897 
0.52886 0.75000 0.02960 
0.53213 0.75000 0.02987 
0.54044 0.75000 0.03055 
0.54219 0.75000 0.03068 
0.55372 0.75000 0.03153 
0.55427 0.75000 0.03156 
0.56691 0.75000 0.03237 
0.57118 0.75000 0.03262 
0.58163 0.75000 0.03323 
0.58592 0.75000 0.03345 
0.59404 0.75000 0.03389 
0.60061 0.75000 0.03423 
0.61034 0.75000 0.03461 
0.62064 0.75000 0.03495 
0.62826 0.75000 0.03521 
0.64139 0.75000 0.03566 
0.64966 0.75000 0.03584 
0.66255 0.75000 0.03610 
0.67542 0.75000 0.03624 
0.68537 0.75000 0.03636 
0.70542 0.75000 0.03657 
0.71001 0.75000 0.03663 
0.72668 0.75000 0.03651 
0.73647 0.75000 0.03643 
0.73931 0.75000 0.03638 
0.76468 0.75000 0.03592 
0.77769 0.75000 0.03570 
0.79516 0.75000 0.03542 
0.82275 0.75000 0.03418 
0.82829 0.75000 0.03394 
0.83991 0.75000 0.03340 
0.86387 0.75000 0.03226 
0.87833 0.75000 0.03133 
0.90355 0.75000 0.02974 
0.92770 0.75000 0.02796 
0.94650 0.75000 0.02653 
0.98652 0.75000 0.02329 
0.99281 0.75000 0.02271 
1.03740 0.75000 0.01852 
1.05321 0.75000 0.01699 
1.09142 0.75000 0.01330 
1.13214 0.75000 0.00877 
1.14945 0.75000 0.00685 
1.19564 0.75000 0.00168 
1.21070 0.75000 -0.00000 

ZONE T="SLICE_Y_1p4_BINS01_KS_1mm_FINAL_LAYER"
1.39331 1.40000 -0.00000 
1.38019 1.40000 -0.00160 
1.37831 1.40000 -0.00183 
1.37161 1.40000 -0.00265 
1.36249 1.40000 -0.00377 
1.36027 1.40000 -0.00403 
1.34553 1.40000 -0.00578 
1.34151 1.40000 -0.00625 
1.32702 1.40000 -0.00793 
1.32315 1.40000 -0.00837 
1.30782 1.40000 -0.01007 
1.30487 1.40000 -0.01039 
1.28870 1.40000 -0.01207 
1.28820 1.40000 -0.01212 
1.28730 1.40000 -0.01221 
1.27287 1.40000 -0.01369 
1.26502 1.40000 -0.01444 
1.25887 1.40000 -0.01502 
1.24824 1.40000 -0.01603 
1.24348 1.40000 -0.01647 
1.23711 1.40000 -0.01702 
1.22778 1.40000 -0.01784 
1.21908 1.40000 -0.01858 
1.21497 1.40000 -0.01893 
1.20582 1.40000 -0.01970 
1.20238 1.40000 -0.01999 
1.20134 1.40000 -0.02007 
1.18911 1.40000 -0.02100 
1.18497 1.40000 -0.02132 
1.17477 1.40000 -0.02206 
1.16935 1.40000 -0.02243 
1.16018 1.40000 -0.02306 
1.15371 1.40000 -0.02350 
1.14506 1.40000 -0.02403 
1.13754 1.40000 -0.02447 
1.12917 1.40000 -0.02495 
1.11966 1.40000 -0.02542 
1.11334 1.40000 -0.02570 
1.10634 1.40000 -0.02601 
1.09790 1.40000 -0.02639 
1.08736 1.40000 -0.02671 
1.08103 1.40000 -0.02689 
1.07037 1.40000 -0.02719 
1.06067 1.40000 -0.02744 
1.05357 1.40000 -0.02757 
1.04767 1.40000 -0.02764 
1.03489 1.40000 -0.02775 
1.02936 1.40000 -0.02779 
1.02289 1.40000 -0.02778 
1.01323 1.40000 -0.02782 
1.00316 1.40000 -0.02771 
0.99676 1.40000 -0.02762 
0.98609 1.40000 -0.02741 
0.97993 1.40000 -0.02736 
0.97028 1.40000 -0.02714 
0.96252 1.40000 -0.02692 
0.95522 1.40000 -0.02669 
0.94359 1.40000 -0.02627 
0.94299 1.40000 -0.02624 
0.94187 1.40000 -0.02619 
0.93188 1.40000 -0.02574 
0.92684 1.40000 -0.02550 
0.92208 1.40000 -0.02525 
0.91400 1.40000 -0.02481 
0.91254 1.40000 -0.02474 
0.90718 1.40000 -0.02449 
0.90307 1.40000 -0.02430 
0.90195 1.40000 -0.02427 
0.89368 1.40000 -0.02459 
0.89020 1.40000 -0.02530 
0.88496 1.40000 -0.02705 
0.88048 1.40000 -0.02828 
0.87511 1.40000 -0.03011 
0.86745 1.40000 -0.03264 
0.86466 1.40000 -0.03348 
0.86226 1.40000 -0.03378 
0.85322 1.40000 -0.03521 
0.84992 1.40000 -0.03499 
0.84177 1.40000 -0.03453 
0.83853 1.40000 -0.03400 
0.83057 1.40000 -0.03272 
0.82746 1.40000 -0.03176 
0.81982 1.40000 -0.02942 
0.81668 1.40000 -0.02790 
0.80984 1.40000 -0.02459 
0.80649 1.40000 -0.02199 
0.80133 1.40000 -0.01797 
0.79728 1.40000 -0.01350 
0.79412 1.40000 -0.00999 
0.78965 1.40000 -0.00179 
0.78899 1.40000 -0.00056 
0.78946 1.40000 0.00091 
0.79225 1.40000 0.00956 
0.79578 1.40000 0.01456 
0.79850 1.40000 0.01838 
0.80475 1.40000 0.02375 
0.80685 1.40000 0.02556 
0.81546 1.40000 0.02787 
0.81811 1.40000 0.02858 
0.82646 1.40000 0.02838 
0.82944 1.40000 0.02832 
0.83703 1.40000 0.02660 
0.83988 1.40000 0.02596 
0.84710 1.40000 0.02474 
0.84990 1.40000 0.02427 
0.85627 1.40000 0.02342 
0.85961 1.40000 0.02300 
0.86422 1.40000 0.02264 
0.87245 1.40000 0.02228 
0.87399 1.40000 0.02231 
0.87962 1.40000 0.02254 
0.88407 1.40000 0.02270 
0.88534 1.40000 0.02278 
0.89420 1.40000 0.02340 
0.89977 1.40000 0.02379 
0.90487 1.40000 0.02413 
0.91612 1.40000 0.02481 
0.91644 1.40000 0.02483 
0.91721 1.40000 0.02487 
0.92871 1.40000 0.02549 
0.93317 1.40000 0.02570 
0.94220 1.40000 0.02608 
0.95051 1.40000 0.02644 
0.95727 1.40000 0.02666 
0.96703 1.40000 0.02701 
0.97505 1.40000 0.02717 
0.98055 1.40000 0.02729 
0.99064 1.40000 0.02752 
0.99769 1.40000 0.02766 
1.00760 1.40000 0.02780 
1.01570 1.40000 0.02789 
1.02733 1.40000 0.02785 
1.03292 1.40000 0.02783 
1.03964 1.40000 0.02779 
1.04861 1.40000 0.02768 
1.05909 1.40000 0.02750 
1.06451 1.40000 0.02738 
1.07582 1.40000 0.02710 
1.08201 1.40000 0.02691 
1.09067 1.40000 0.02664 
1.09904 1.40000 0.02639 
1.10578 1.40000 0.02610 
1.11696 1.40000 0.02557 
1.12270 1.40000 0.02526 
1.13438 1.40000 0.02463 
1.14004 1.40000 0.02433 
1.15169 1.40000 0.02359 
1.15443 1.40000 0.02342 
1.15619 1.40000 0.02331 
1.16847 1.40000 0.02246 
1.17768 1.40000 0.02182 
1.18315 1.40000 0.02144 
1.19569 1.40000 0.02053 
1.19873 1.40000 0.02028 
1.21230 1.40000 0.01915 
1.21565 1.40000 0.01887 
1.22920 1.40000 0.01774 
1.23317 1.40000 0.01738 
1.24585 1.40000 0.01624 
1.25312 1.40000 0.01556 
1.26015 1.40000 0.01490 
1.27054 1.40000 0.01393 
1.27619 1.40000 0.01338 
1.28776 1.40000 0.01220 
1.29313 1.40000 0.01165 
1.30493 1.40000 0.01039 
1.31041 1.40000 0.00980 
1.32319 1.40000 0.00839 
1.32842 1.40000 0.00781 
1.34144 1.40000 0.00629 
1.34581 1.40000 0.00577 
1.36012 1.40000 0.00406 
1.36241 1.40000 0.00379 
1.37182 1.40000 0.00263 
1.37821 1.40000 0.00185 
1.38001 1.40000 0.00163 
1.39331 1.40000 -0.00000 

ZONE T="SLICE_Y_0p1_BINS03_KS_1mm_FINAL_LAYER"
1.02809 0.10000 -0.00000 
1.00222 0.10000 -0.00308 
0.96349 0.10000 -0.00778 
0.92667 0.10000 -0.01203 
0.90273 0.10000 -0.01481 
0.85592 0.10000 -0.01984 
0.84713 0.10000 -0.02078 
0.81309 0.10000 -0.02407 
0.79591 0.10000 -0.02572 
0.79144 0.10000 -0.02612 
0.74863 0.10000 -0.02998 
0.73262 0.10000 -0.03128 
0.70582 0.10000 -0.03347 
0.67955 0.10000 -0.03545 
0.66728 0.10000 -0.03637 
0.63525 0.10000 -0.03853 
0.63259 0.10000 -0.03871 
0.63153 0.10000 -0.03878 
0.60038 0.10000 -0.04072 
0.58584 0.10000 -0.04150 
0.57184 0.10000 -0.04227 
0.55038 0.10000 -0.04329 
0.54622 0.10000 -0.04347 
0.54265 0.10000 -0.04362 
0.52149 0.10000 -0.04446 
0.50609 0.10000 -0.04491 
0.49682 0.10000 -0.04513 
0.47076 0.10000 -0.04575 
0.47064 0.10000 -0.04575 
0.47008 0.10000 -0.04575 
0.44310 0.10000 -0.04605 
0.43730 0.10000 -0.04612 
0.41490 0.10000 -0.04626 
0.40286 0.10000 -0.04631 
0.38773 0.10000 -0.04621 
0.37188 0.10000 -0.04598 
0.36123 0.10000 -0.04582 
0.33935 0.10000 -0.04539 
0.33430 0.10000 -0.04528 
0.31493 0.10000 -0.04468 
0.30987 0.10000 -0.04453 
0.29622 0.10000 -0.04410 
0.28179 0.10000 -0.04346 
0.27686 0.10000 -0.04327 
0.27149 0.10000 -0.04302 
0.25924 0.10000 -0.04247 
0.24918 0.10000 -0.04196 
0.24342 0.10000 -0.04168 
0.23578 0.10000 -0.04126 
0.22890 0.10000 -0.04087 
0.22439 0.10000 -0.04062 
0.21527 0.10000 -0.04011 
0.20372 0.10000 -0.03946 
0.20136 0.10000 -0.03932 
0.19896 0.10000 -0.03919 
0.18850 0.10000 -0.03860 
0.18065 0.10000 -0.03816 
0.17801 0.10000 -0.03802 
0.17451 0.10000 -0.03783 
0.16827 0.10000 -0.03748 
0.16309 0.10000 -0.03723 
0.15924 0.10000 -0.03709 
0.15393 0.10000 -0.03730 
0.15009 0.10000 -0.03735 
0.14860 0.10000 -0.03742 
0.14306 0.10000 -0.03902 
0.13898 0.10000 -0.04026 
0.13727 0.10000 -0.04065 
0.13009 0.10000 -0.04237 
0.12562 0.10000 -0.04285 
0.12009 0.10000 -0.04350 
0.11475 0.10000 -0.04333 
0.10904 0.10000 -0.04311 
0.10393 0.10000 -0.04248 
0.09798 0.10000 -0.04172 
0.09316 0.10000 -0.04087 
0.08704 0.10000 -0.03974 
0.08245 0.10000 -0.03841 
0.07644 0.10000 -0.03658 
0.07195 0.10000 -0.03460 
0.06634 0.10000 -0.03218 
0.06183 0.10000 -0.02918 
0.05739 0.10000 -0.02615 
0.05276 0.10000 -0.02115 
0.05027 0.10000 -0.01852 
0.04520 0.10000 -0.01019 
0.04497 0.10000 -0.00980 
0.04465 0.10000 -0.00889 
0.04157 0.10000 -0.00026 
0.04340 0.10000 0.00781 
0.04383 0.10000 0.00971 
0.04432 0.10000 0.01062 
0.04870 0.10000 0.01890 
0.05149 0.10000 0.02226 
0.05542 0.10000 0.02706 
0.06053 0.10000 0.03091 
0.06426 0.10000 0.03371 
0.07088 0.10000 0.03658 
0.07459 0.10000 0.03819 
0.08183 0.10000 0.03977 
0.08569 0.10000 0.04061 
0.09297 0.10000 0.04127 
0.09677 0.10000 0.04158 
0.10407 0.10000 0.04073 
0.10753 0.10000 0.04023 
0.11462 0.10000 0.03845 
0.11797 0.10000 0.03766 
0.12451 0.10000 0.03558 
0.12925 0.10000 0.03425 
0.13475 0.10000 0.03407 
0.14079 0.10000 0.03387 
0.14635 0.10000 0.03428 
0.15018 0.10000 0.03453 
0.15539 0.10000 0.03497 
0.16081 0.10000 0.03545 
0.17210 0.10000 0.03644 
0.17422 0.10000 0.03663 
0.17480 0.10000 0.03668 
0.17675 0.10000 0.03684 
0.18977 0.10000 0.03793 
0.19570 0.10000 0.03839 
0.20437 0.10000 0.03908 
0.21921 0.10000 0.04007 
0.21973 0.10000 0.04010 
0.22006 0.10000 0.04012 
0.23572 0.10000 0.04111 
0.24884 0.10000 0.04185 
0.25303 0.10000 0.04209 
0.25784 0.10000 0.04232 
0.27101 0.10000 0.04293 
0.28155 0.10000 0.04341 
0.28797 0.10000 0.04371 
0.30713 0.10000 0.04443 
0.30819 0.10000 0.04447 
0.31112 0.10000 0.04455 
0.33201 0.10000 0.04511 
0.34089 0.10000 0.04530 
0.35886 0.10000 0.04576 
0.38337 0.10000 0.04601 
0.38986 0.10000 0.04611 
0.39527 0.10000 0.04614 
0.42350 0.10000 0.04616 
0.43361 0.10000 0.04612 
0.45521 0.10000 0.04582 
0.46847 0.10000 0.04564 
0.48617 0.10000 0.04529 
0.50166 0.10000 0.04490 
0.51824 0.10000 0.04435 
0.53513 0.10000 0.04374 
0.54979 0.10000 0.04312 
0.57007 0.10000 0.04215 
0.57987 0.10000 0.04174 
0.60389 0.10000 0.04045 
0.61261 0.10000 0.03997 
0.61531 0.10000 0.03980 
0.64787 0.10000 0.03772 
0.66060 0.10000 0.03681 
0.68608 0.10000 0.03498 
0.70932 0.10000 0.03315 
0.72781 0.10000 0.03169 
0.76198 0.10000 0.02878 
0.77354 0.10000 0.02778 
0.81743 0.10000 0.02366 
0.82282 0.10000 0.02315 
0.86525 0.10000 0.01882 
0.88061 0.10000 0.01717 
0.90957 0.10000 0.01399 
0.92573 0.10000 0.01210 
0.96586 0.10000 0.00747 
1.00144 0.10000 0.00316 
1.02809 0.10000 -0.00000 

ZONE T="SLICE_Y_0p75_BINS03_KS_1mm_FINAL_LAYER"
1.21070 0.75000 -0.00000 
1.15449 0.75000 -0.00623 
1.15132 0.75000 -0.00659 
1.13630 0.75000 -0.00823 
1.09391 0.75000 -0.01288 
1.08573 0.75000 -0.01369 
1.03979 0.75000 -0.01809 
1.02308 0.75000 -0.01966 
0.99278 0.75000 -0.02256 
0.96738 0.75000 -0.02461 
0.95037 0.75000 -0.02597 
0.93044 0.75000 -0.02750 
0.90724 0.75000 -0.02917 
0.87904 0.75000 -0.03097 
0.86929 0.75000 -0.03160 
0.86092 0.75000 -0.03200 
0.83391 0.75000 -0.03327 
0.81271 0.75000 -0.03428 
0.80109 0.75000 -0.03487 
0.78090 0.75000 -0.03534 
0.77053 0.75000 -0.03554 
0.76530 0.75000 -0.03564 
0.74172 0.75000 -0.03608 
0.72738 0.75000 -0.03623 
0.71526 0.75000 -0.03641 
0.69667 0.75000 -0.03642 
0.69087 0.75000 -0.03641 
0.67103 0.75000 -0.03627 
0.66823 0.75000 -0.03627 
0.64872 0.75000 -0.03593 
0.64693 0.75000 -0.03589 
0.62895 0.75000 -0.03540 
0.62683 0.75000 -0.03536 
0.61136 0.75000 -0.03475 
0.60793 0.75000 -0.03461 
0.59664 0.75000 -0.03412 
0.58755 0.75000 -0.03369 
0.58323 0.75000 -0.03348 
0.58096 0.75000 -0.03336 
0.56796 0.75000 -0.03267 
0.56748 0.75000 -0.03264 
0.56441 0.75000 -0.03248 
0.55576 0.75000 -0.03203 
0.55444 0.75000 -0.03196 
0.54426 0.75000 -0.03147 
0.54290 0.75000 -0.03140 
0.53300 0.75000 -0.03106 
0.53176 0.75000 -0.03102 
0.52182 0.75000 -0.03192 
0.52059 0.75000 -0.03203 
0.51086 0.75000 -0.03466 
0.50980 0.75000 -0.03494 
0.49995 0.75000 -0.03756 
0.49896 0.75000 -0.03780 
0.48884 0.75000 -0.03954 
0.48769 0.75000 -0.03972 
0.47773 0.75000 -0.03935 
0.47621 0.75000 -0.03934 
0.46670 0.75000 -0.03808 
0.46486 0.75000 -0.03785 
0.45582 0.75000 -0.03551 
0.45389 0.75000 -0.03502 
0.44508 0.75000 -0.03189 
0.44324 0.75000 -0.03123 
0.43479 0.75000 -0.02648 
0.43355 0.75000 -0.02576 
0.42639 0.75000 -0.01907 
0.42572 0.75000 -0.01844 
0.42563 0.75000 -0.01832 
0.41969 0.75000 -0.00983 
0.41833 0.75000 -0.00675 
0.41550 0.75000 -0.00028 
0.41752 0.75000 0.00717 
0.41819 0.75000 0.00966 
0.42149 0.75000 0.01535 
0.42347 0.75000 0.01873 
0.42426 0.75000 0.01965 
0.43049 0.75000 0.02687 
0.43321 0.75000 0.02870 
0.44009 0.75000 0.03320 
0.44375 0.75000 0.03407 
0.45162 0.75000 0.03586 
0.45494 0.75000 0.03564 
0.46319 0.75000 0.03513 
0.46604 0.75000 0.03473 
0.47420 0.75000 0.03363 
0.47686 0.75000 0.03283 
0.48468 0.75000 0.03044 
0.48748 0.75000 0.02992 
0.49544 0.75000 0.02850 
0.49820 0.75000 0.02839 
0.50639 0.75000 0.02806 
0.50891 0.75000 0.02818 
0.51729 0.75000 0.02863 
0.51949 0.75000 0.02882 
0.52813 0.75000 0.02952 
0.52972 0.75000 0.02965 
0.53684 0.75000 0.03025 
0.53965 0.75000 0.03048 
0.54031 0.75000 0.03054 
0.55029 0.75000 0.03128 
0.55342 0.75000 0.03152 
0.56262 0.75000 0.03214 
0.56742 0.75000 0.03245 
0.57598 0.75000 0.03297 
0.58223 0.75000 0.03335 
0.59101 0.75000 0.03375 
0.59781 0.75000 0.03406 
0.60863 0.75000 0.03454 
0.61513 0.75000 0.03483 
0.62558 0.75000 0.03516 
0.63272 0.75000 0.03537 
0.64049 0.75000 0.03554 
0.65146 0.75000 0.03581 
0.66186 0.75000 0.03610 
0.67117 0.75000 0.03633 
0.67969 0.75000 0.03633 
0.69057 0.75000 0.03634 
0.70925 0.75000 0.03636 
0.71499 0.75000 0.03639 
0.72146 0.75000 0.03633 
0.74295 0.75000 0.03611 
0.76194 0.75000 0.03575 
0.77162 0.75000 0.03553 
0.79435 0.75000 0.03516 
0.79674 0.75000 0.03512 
0.80024 0.75000 0.03497 
0.82413 0.75000 0.03391 
0.83069 0.75000 0.03357 
0.85991 0.75000 0.03208 
0.87433 0.75000 0.03130 
0.89904 0.75000 0.03000 
0.92722 0.75000 0.02784 
0.94157 0.75000 0.02674 
0.98408 0.75000 0.02348 
0.98852 0.75000 0.02314 
0.99013 0.75000 0.02298 
1.03738 0.75000 0.01846 
1.06929 0.75000 0.01535 
1.09409 0.75000 0.01293 
1.14826 0.75000 0.00693 
1.15162 0.75000 0.00656 
1.15988 0.75000 0.00564 
1.21070 0.75000 -0.00000 

ZONE T="SLICE_Y_1p4_BINS03_KS_1mm_FINAL_LAYER"
1.39331 1.40000 -0.00000 
1.38683 1.40000 -0.00080 
1.37736 1.40000 -0.00195 
1.36540 1.40000 -0.00341 
1.36063 1.40000 -0.00398 
1.34460 1.40000 -0.00590 
1.34358 1.40000 -0.00603 
1.33614 1.40000 -0.00688 
1.32602 1.40000 -0.00804 
1.32473 1.40000 -0.00819 
1.30824 1.40000 -0.01000 
1.30663 1.40000 -0.01017 
1.29726 1.40000 -0.01118 
1.28969 1.40000 -0.01199 
1.28856 1.40000 -0.01211 
1.28251 1.40000 -0.01270 
1.27258 1.40000 -0.01369 
1.27035 1.40000 -0.01390 
1.25715 1.40000 -0.01517 
1.25231 1.40000 -0.01562 
1.24142 1.40000 -0.01663 
1.23258 1.40000 -0.01741 
1.22476 1.40000 -0.01809 
1.21242 1.40000 -0.01913 
1.20840 1.40000 -0.01945 
1.19632 1.40000 -0.02040 
1.19264 1.40000 -0.02070 
1.18004 1.40000 -0.02164 
1.17585 1.40000 -0.02195 
1.16365 1.40000 -0.02278 
1.15732 1.40000 -0.02320 
1.14752 1.40000 -0.02385 
1.14304 1.40000 -0.02415 
1.13454 1.40000 -0.02466 
1.12547 1.40000 -0.02512 
1.12017 1.40000 -0.02537 
1.10651 1.40000 -0.02605 
1.10476 1.40000 -0.02614 
1.10310 1.40000 -0.02619 
1.08926 1.40000 -0.02671 
1.08451 1.40000 -0.02686 
1.07458 1.40000 -0.02719 
1.06978 1.40000 -0.02730 
1.06146 1.40000 -0.02748 
1.05222 1.40000 -0.02764 
1.04608 1.40000 -0.02775 
1.03408 1.40000 -0.02784 
1.02991 1.40000 -0.02786 
1.01742 1.40000 -0.02785 
1.01233 1.40000 -0.02785 
1.00104 1.40000 -0.02772 
0.99352 1.40000 -0.02761 
0.98403 1.40000 -0.02743 
0.97618 1.40000 -0.02728 
0.96935 1.40000 -0.02709 
0.95894 1.40000 -0.02679 
0.95559 1.40000 -0.02668 
0.94306 1.40000 -0.02623 
0.94283 1.40000 -0.02622 
0.94220 1.40000 -0.02619 
0.93119 1.40000 -0.02571 
0.92687 1.40000 -0.02550 
0.92081 1.40000 -0.02519 
0.91291 1.40000 -0.02478 
0.91112 1.40000 -0.02471 
0.90401 1.40000 -0.02445 
0.90132 1.40000 -0.02434 
0.90068 1.40000 -0.02432 
0.89130 1.40000 -0.02477 
0.88830 1.40000 -0.02500 
0.88133 1.40000 -0.02727 
0.87682 1.40000 -0.02900 
0.87132 1.40000 -0.03078 
0.86532 1.40000 -0.03274 
0.86081 1.40000 -0.03383 
0.85376 1.40000 -0.03543 
0.84960 1.40000 -0.03552 
0.84203 1.40000 -0.03556 
0.83827 1.40000 -0.03475 
0.83075 1.40000 -0.03310 
0.82717 1.40000 -0.03190 
0.82009 1.40000 -0.02947 
0.81642 1.40000 -0.02764 
0.81014 1.40000 -0.02463 
0.80619 1.40000 -0.02167 
0.80142 1.40000 -0.01810 
0.79689 1.40000 -0.01302 
0.79428 1.40000 -0.01004 
0.78944 1.40000 -0.00079 
0.78932 1.40000 -0.00055 
0.78940 1.40000 -0.00027 
0.79227 1.40000 0.00948 
0.79514 1.40000 0.01386 
0.79821 1.40000 0.01842 
0.80390 1.40000 0.02348 
0.80653 1.40000 0.02580 
0.81463 1.40000 0.02804 
0.81799 1.40000 0.02902 
0.82584 1.40000 0.02840 
0.82951 1.40000 0.02813 
0.83669 1.40000 0.02627 
0.84001 1.40000 0.02542 
0.84712 1.40000 0.02418 
0.85046 1.40000 0.02359 
0.85642 1.40000 0.02296 
0.86523 1.40000 0.02233 
0.86557 1.40000 0.02231 
0.86571 1.40000 0.02232 
0.86698 1.40000 0.02232 
0.87491 1.40000 0.02234 
0.87631 1.40000 0.02237 
0.88266 1.40000 0.02274 
0.89100 1.40000 0.02323 
0.89201 1.40000 0.02329 
0.89285 1.40000 0.02334 
0.90183 1.40000 0.02394 
0.90950 1.40000 0.02444 
0.91262 1.40000 0.02462 
0.91829 1.40000 0.02494 
0.92358 1.40000 0.02523 
0.92624 1.40000 0.02538 
0.93426 1.40000 0.02577 
0.94072 1.40000 0.02602 
0.94601 1.40000 0.02622 
0.95717 1.40000 0.02667 
0.95935 1.40000 0.02674 
0.96537 1.40000 0.02691 
0.97318 1.40000 0.02715 
0.97632 1.40000 0.02723 
0.98742 1.40000 0.02746 
0.99564 1.40000 0.02765 
1.00245 1.40000 0.02773 
1.01296 1.40000 0.02778 
1.01856 1.40000 0.02780 
1.02919 1.40000 0.02786 
1.03622 1.40000 0.02777 
1.04473 1.40000 0.02768 
1.05631 1.40000 0.02748 
1.05961 1.40000 0.02742 
1.06560 1.40000 0.02730 
1.07384 1.40000 0.02714 
1.07831 1.40000 0.02701 
1.08704 1.40000 0.02676 
1.09569 1.40000 0.02645 
1.10128 1.40000 0.02626 
1.10732 1.40000 0.02604 
1.11629 1.40000 0.02562 
1.12501 1.40000 0.02516 
1.13364 1.40000 0.02469 
1.14047 1.40000 0.02432 
1.14736 1.40000 0.02388 
1.15611 1.40000 0.02329 
1.16597 1.40000 0.02263 
1.17265 1.40000 0.02217 
1.18306 1.40000 0.02142 
1.19007 1.40000 0.02089 
1.19908 1.40000 0.02021 
1.20815 1.40000 0.01948 
1.21422 1.40000 0.01897 
1.22449 1.40000 0.01813 
1.22746 1.40000 0.01787 
1.23749 1.40000 0.01697 
1.24530 1.40000 0.01626 
1.25420 1.40000 0.01543 
1.26792 1.40000 0.01412 
1.27236 1.40000 0.01368 
1.28086 1.40000 0.01283 
1.28823 1.40000 0.01209 
1.29179 1.40000 0.01172 
1.30398 1.40000 0.01043 
1.30906 1.40000 0.00988 
1.32161 1.40000 0.00851 
1.32488 1.40000 0.00815 
1.33211 1.40000 0.00733 
1.34100 1.40000 0.00633 
1.34516 1.40000 0.00583 
1.36000 1.40000 0.00405 
1.36591 1.40000 0.00334 
1.37722 1.40000 0.00196 
1.38697 1.40000 0.00078 
1.39331 1.40000 -0.00000 

ZONE T="SLICE_Y_0p1_BINS07_KS_1mm_FINAL_LAYER"
1.02809 0.10000 0.00000 
0.98146 0.10000 -0.00560 
0.96851 0.10000 -0.00718 
0.92647 0.10000 -0.01208 
0.90972 0.10000 -0.01402 
0.90220 0.10000 -0.01482 
0.85224 0.10000 -0.02019 
0.81484 0.10000 -0.02393 
0.80749 0.10000 -0.02463 
0.76525 0.10000 -0.02852 
0.75505 0.10000 -0.02941 
0.71648 0.10000 -0.03265 
0.70159 0.10000 -0.03379 
0.67127 0.10000 -0.03613 
0.65099 0.10000 -0.03750 
0.62929 0.10000 -0.03895 
0.60353 0.10000 -0.04045 
0.58975 0.10000 -0.04127 
0.55902 0.10000 -0.04287 
0.55210 0.10000 -0.04323 
0.51693 0.10000 -0.04452 
0.51595 0.10000 -0.04455 
0.50944 0.10000 -0.04472 
0.48087 0.10000 -0.04548 
0.47640 0.10000 -0.04554 
0.44654 0.10000 -0.04597 
0.43703 0.10000 -0.04604 
0.41280 0.10000 -0.04618 
0.39817 0.10000 -0.04610 
0.37966 0.10000 -0.04602 
0.35603 0.10000 -0.04567 
0.35134 0.10000 -0.04561 
0.34248 0.10000 -0.04538 
0.32551 0.10000 -0.04493 
0.31652 0.10000 -0.04466 
0.30227 0.10000 -0.04422 
0.28359 0.10000 -0.04349 
0.28157 0.10000 -0.04342 
0.27701 0.10000 -0.04321 
0.26269 0.10000 -0.04258 
0.25735 0.10000 -0.04231 
0.24650 0.10000 -0.04180 
0.23606 0.10000 -0.04124 
0.23254 0.10000 -0.04105 
0.22842 0.10000 -0.04082 
0.21872 0.10000 -0.04029 
0.20893 0.10000 -0.03974 
0.20589 0.10000 -0.03957 
0.20262 0.10000 -0.03939 
0.19402 0.10000 -0.03891 
0.18540 0.10000 -0.03843 
0.18269 0.10000 -0.03828 
0.18128 0.10000 -0.03821 
0.17208 0.10000 -0.03772 
0.17144 0.10000 -0.03768 
0.16409 0.10000 -0.03744 
0.15690 0.10000 -0.03733 
0.15504 0.10000 -0.03741 
0.15238 0.10000 -0.03804 
0.14614 0.10000 -0.03915 
0.14288 0.10000 -0.04008 
0.13783 0.10000 -0.04143 
0.13311 0.10000 -0.04265 
0.12741 0.10000 -0.04371 
0.12233 0.10000 -0.04465 
0.11541 0.10000 -0.04442 
0.11009 0.10000 -0.04425 
0.10409 0.10000 -0.04341 
0.09843 0.10000 -0.04249 
0.09317 0.10000 -0.04125 
0.08742 0.10000 -0.03988 
0.08245 0.10000 -0.03841 
0.07672 0.10000 -0.03669 
0.07188 0.10000 -0.03466 
0.06648 0.10000 -0.03236 
0.06179 0.10000 -0.02916 
0.05758 0.10000 -0.02623 
0.05279 0.10000 -0.02102 
0.05049 0.10000 -0.01855 
0.04541 0.10000 -0.00998 
0.04528 0.10000 -0.00977 
0.04509 0.10000 -0.00926 
0.04176 0.10000 -0.00029 
0.04355 0.10000 0.00749 
0.04405 0.10000 0.00964 
0.04464 0.10000 0.01077 
0.04881 0.10000 0.01881 
0.05196 0.10000 0.02270 
0.05540 0.10000 0.02701 
0.06109 0.10000 0.03142 
0.06405 0.10000 0.03374 
0.07148 0.10000 0.03726 
0.07426 0.10000 0.03858 
0.08257 0.10000 0.04043 
0.08537 0.10000 0.04101 
0.09384 0.10000 0.04153 
0.09662 0.10000 0.04166 
0.10493 0.10000 0.04046 
0.10755 0.10000 0.04006 
0.11513 0.10000 0.03817 
0.11683 0.10000 0.03778 
0.12364 0.10000 0.03588 
0.12755 0.10000 0.03461 
0.13435 0.10000 0.03391 
0.13602 0.10000 0.03371 
0.13671 0.10000 0.03366 
0.13841 0.10000 0.03375 
0.14667 0.10000 0.03421 
0.15188 0.10000 0.03465 
0.15591 0.10000 0.03497 
0.15989 0.10000 0.03533 
0.16581 0.10000 0.03587 
0.17841 0.10000 0.03699 
0.17852 0.10000 0.03700 
0.17861 0.10000 0.03701 
0.19281 0.10000 0.03818 
0.19714 0.10000 0.03851 
0.20802 0.10000 0.03936 
0.21505 0.10000 0.03984 
0.22208 0.10000 0.04030 
0.22585 0.10000 0.04055 
0.24010 0.10000 0.04141 
0.24291 0.10000 0.04158 
0.25266 0.10000 0.04212 
0.26020 0.10000 0.04254 
0.26325 0.10000 0.04268 
0.27843 0.10000 0.04340 
0.29434 0.10000 0.04409 
0.29821 0.10000 0.04426 
0.30276 0.10000 0.04441 
0.31990 0.10000 0.04490 
0.32960 0.10000 0.04515 
0.34795 0.10000 0.04557 
0.36197 0.10000 0.04581 
0.37885 0.10000 0.04611 
0.39714 0.10000 0.04620 
0.41198 0.10000 0.04620 
0.43301 0.10000 0.04609 
0.44724 0.10000 0.04604 
0.46897 0.10000 0.04564 
0.48390 0.10000 0.04535 
0.50603 0.10000 0.04475 
0.52246 0.10000 0.04432 
0.54667 0.10000 0.04335 
0.55655 0.10000 0.04295 
0.58688 0.10000 0.04145 
0.58919 0.10000 0.04134 
0.59575 0.10000 0.04095 
0.62378 0.10000 0.03928 
0.63449 0.10000 0.03857 
0.66270 0.10000 0.03672 
0.68758 0.10000 0.03483 
0.70580 0.10000 0.03347 
0.74638 0.10000 0.03013 
0.75341 0.10000 0.02955 
0.78531 0.10000 0.02663 
0.80537 0.10000 0.02479 
0.80953 0.10000 0.02438 
0.86198 0.10000 0.01914 
0.87437 0.10000 0.01779 
0.92315 0.10000 0.01247 
0.93758 0.10000 0.01078 
0.98044 0.10000 0.00574 
0.98801 0.10000 0.00482 
1.02809 0.10000 0.00000 

ZONE T="SLICE_Y_0p75_BINS07_KS_1mm_FINAL_LAYER"
1.21070 0.75000 0.00000 
1.16330 0.75000 -0.00529 
1.14862 0.75000 -0.00694 
1.10269 0.75000 -0.01197 
1.08898 0.75000 -0.01348 
1.08554 0.75000 -0.01382 
1.03181 0.75000 -0.01910 
1.02384 0.75000 -0.01988 
0.97606 0.75000 -0.02424 
0.97433 0.75000 -0.02437 
0.96969 0.75000 -0.02471 
0.93160 0.75000 -0.02753 
0.91395 0.75000 -0.02884 
0.89268 0.75000 -0.03034 
0.85709 0.75000 -0.03231 
0.85645 0.75000 -0.03235 
0.85602 0.75000 -0.03237 
0.82218 0.75000 -0.03394 
0.80032 0.75000 -0.03491 
0.79134 0.75000 -0.03526 
0.78040 0.75000 -0.03549 
0.76263 0.75000 -0.03589 
0.74674 0.75000 -0.03618 
0.73610 0.75000 -0.03636 
0.72623 0.75000 -0.03639 
0.71121 0.75000 -0.03654 
0.69389 0.75000 -0.03644 
0.68822 0.75000 -0.03641 
0.68399 0.75000 -0.03637 
0.66666 0.75000 -0.03622 
0.64907 0.75000 -0.03585 
0.64727 0.75000 -0.03582 
0.64470 0.75000 -0.03575 
0.62929 0.75000 -0.03533 
0.61897 0.75000 -0.03496 
0.61255 0.75000 -0.03473 
0.60652 0.75000 -0.03451 
0.59922 0.75000 -0.03419 
0.59080 0.75000 -0.03379 
0.58536 0.75000 -0.03352 
0.57703 0.75000 -0.03312 
0.57020 0.75000 -0.03278 
0.56522 0.75000 -0.03252 
0.55681 0.75000 -0.03208 
0.55376 0.75000 -0.03192 
0.54474 0.75000 -0.03149 
0.54203 0.75000 -0.03136 
0.53378 0.75000 -0.03116 
0.53062 0.75000 -0.03109 
0.52291 0.75000 -0.03186 
0.51960 0.75000 -0.03219 
0.51216 0.75000 -0.03409 
0.50899 0.75000 -0.03491 
0.50142 0.75000 -0.03677 
0.49831 0.75000 -0.03754 
0.49054 0.75000 -0.03918 
0.48729 0.75000 -0.03986 
0.47942 0.75000 -0.04019 
0.47581 0.75000 -0.04033 
0.46831 0.75000 -0.03884 
0.46471 0.75000 -0.03809 
0.45736 0.75000 -0.03603 
0.45393 0.75000 -0.03506 
0.44657 0.75000 -0.03232 
0.44346 0.75000 -0.03118 
0.43616 0.75000 -0.02708 
0.43382 0.75000 -0.02578 
0.42666 0.75000 -0.01934 
0.42583 0.75000 -0.01859 
0.42329 0.75000 -0.01509 
0.41965 0.75000 -0.01004 
0.41885 0.75000 -0.00824 
0.41547 0.75000 -0.00044 
0.41768 0.75000 0.00878 
0.41788 0.75000 0.00965 
0.41895 0.75000 0.01151 
0.42313 0.75000 0.01884 
0.42495 0.75000 0.02085 
0.43032 0.75000 0.02701 
0.43420 0.75000 0.02964 
0.43989 0.75000 0.03343 
0.44492 0.75000 0.03444 
0.45176 0.75000 0.03572 
0.45631 0.75000 0.03544 
0.46351 0.75000 0.03502 
0.46754 0.75000 0.03444 
0.47475 0.75000 0.03336 
0.47855 0.75000 0.03223 
0.48553 0.75000 0.03015 
0.48946 0.75000 0.02950 
0.49659 0.75000 0.02831 
0.50054 0.75000 0.02821 
0.50782 0.75000 0.02805 
0.51175 0.75000 0.02829 
0.51904 0.75000 0.02876 
0.52309 0.75000 0.02911 
0.53046 0.75000 0.02973 
0.53455 0.75000 0.03005 
0.54254 0.75000 0.03070 
0.54611 0.75000 0.03096 
0.55602 0.75000 0.03167 
0.55828 0.75000 0.03182 
0.57070 0.75000 0.03261 
0.57146 0.75000 0.03265 
0.58511 0.75000 0.03342 
0.58612 0.75000 0.03347 
0.60001 0.75000 0.03412 
0.60202 0.75000 0.03422 
0.61739 0.75000 0.03484 
0.61889 0.75000 0.03488 
0.63712 0.75000 0.03540 
0.63811 0.75000 0.03542 
0.65805 0.75000 0.03606 
0.66007 0.75000 0.03609 
0.68028 0.75000 0.03643 
0.68643 0.75000 0.03645 
0.70338 0.75000 0.03652 
0.71958 0.75000 0.03659 
0.72919 0.75000 0.03661 
0.75199 0.75000 0.03630 
0.75553 0.75000 0.03624 
0.75749 0.75000 0.03620 
0.78359 0.75000 0.03552 
0.80672 0.75000 0.03480 
0.81597 0.75000 0.03456 
0.83177 0.75000 0.03374 
0.84915 0.75000 0.03285 
0.86606 0.75000 0.03198 
0.88710 0.75000 0.03094 
0.89759 0.75000 0.03026 
0.93543 0.75000 0.02736 
0.94128 0.75000 0.02692 
0.95575 0.75000 0.02577 
0.98616 0.75000 0.02334 
1.00055 0.75000 0.02197 
1.03476 0.75000 0.01872 
1.08072 0.75000 0.01425 
1.09164 0.75000 0.01320 
1.12171 0.75000 0.00987 
1.15063 0.75000 0.00668 
1.16181 0.75000 0.00543 
1.21070 0.75000 0.00000 

ZONE T="SLICE_Y_1p4_BINS07_KS_1mm_FINAL_LAYER"
1.39331 1.40000 0.00000 
1.38555 1.40000 -0.00095 
1.37849 1.40000 -0.00181 
1.36584 1.40000 -0.00336 
1.36319 1.40000 -0.00368 
1.34746 1.40000 -0.00557 
1.34707 1.40000 -0.00561 
1.33012 1.40000 -0.00759 
1.32964 1.40000 -0.00764 
1.31332 1.40000 -0.00945 
1.31165 1.40000 -0.00964 
1.29680 1.40000 -0.01123 
1.29087 1.40000 -0.01186 
1.27986 1.40000 -0.01297 
1.27355 1.40000 -0.01359 
1.26581 1.40000 -0.01435 
1.25901 1.40000 -0.01502 
1.25033 1.40000 -0.01582 
1.24342 1.40000 -0.01644 
1.23404 1.40000 -0.01728 
1.22752 1.40000 -0.01787 
1.21854 1.40000 -0.01864 
1.21106 1.40000 -0.01926 
1.20413 1.40000 -0.01983 
1.19471 1.40000 -0.02056 
1.19228 1.40000 -0.02074 
1.17941 1.40000 -0.02171 
1.17830 1.40000 -0.02179 
1.17729 1.40000 -0.02186 
1.16374 1.40000 -0.02280 
1.16270 1.40000 -0.02286 
1.15130 1.40000 -0.02360 
1.14573 1.40000 -0.02396 
1.13565 1.40000 -0.02459 
1.12815 1.40000 -0.02499 
1.11928 1.40000 -0.02549 
1.11492 1.40000 -0.02571 
1.10604 1.40000 -0.02610 
1.09883 1.40000 -0.02639 
1.09129 1.40000 -0.02668 
1.08160 1.40000 -0.02696 
1.07585 1.40000 -0.02711 
1.06246 1.40000 -0.02741 
1.06199 1.40000 -0.02742 
1.06173 1.40000 -0.02742 
1.04793 1.40000 -0.02770 
1.04255 1.40000 -0.02775 
1.03301 1.40000 -0.02781 
1.02525 1.40000 -0.02780 
1.01698 1.40000 -0.02781 
1.00830 1.40000 -0.02774 
1.00039 1.40000 -0.02768 
0.99118 1.40000 -0.02755 
0.98341 1.40000 -0.02744 
0.97419 1.40000 -0.02720 
0.96633 1.40000 -0.02703 
0.95747 1.40000 -0.02677 
0.94747 1.40000 -0.02643 
0.94394 1.40000 -0.02628 
0.93682 1.40000 -0.02596 
0.93199 1.40000 -0.02574 
0.92955 1.40000 -0.02562 
0.92105 1.40000 -0.02519 
0.91428 1.40000 -0.02484 
0.91078 1.40000 -0.02467 
0.90152 1.40000 -0.02438 
0.90085 1.40000 -0.02436 
0.90060 1.40000 -0.02435 
0.89105 1.40000 -0.02516 
0.88754 1.40000 -0.02594 
0.88160 1.40000 -0.02766 
0.87531 1.40000 -0.02931 
0.87246 1.40000 -0.03018 
0.86381 1.40000 -0.03292 
0.86300 1.40000 -0.03314 
0.85293 1.40000 -0.03549 
0.85232 1.40000 -0.03550 
0.84156 1.40000 -0.03558 
0.84070 1.40000 -0.03538 
0.83053 1.40000 -0.03308 
0.82941 1.40000 -0.03269 
0.81997 1.40000 -0.02948 
0.81853 1.40000 -0.02877 
0.81014 1.40000 -0.02454 
0.80821 1.40000 -0.02312 
0.80139 1.40000 -0.01811 
0.79874 1.40000 -0.01519 
0.79412 1.40000 -0.01009 
0.79083 1.40000 -0.00397 
0.78901 1.40000 -0.00056 
0.79031 1.40000 0.00345 
0.79226 1.40000 0.00953 
0.79695 1.40000 0.01634 
0.79836 1.40000 0.01840 
0.80601 1.40000 0.02524 
0.80663 1.40000 0.02578 
0.81708 1.40000 0.02871 
0.81819 1.40000 0.02902 
0.82823 1.40000 0.02854 
0.82961 1.40000 0.02846 
0.83910 1.40000 0.02585 
0.84009 1.40000 0.02558 
0.85003 1.40000 0.02353 
0.85036 1.40000 0.02346 
0.85437 1.40000 0.02303 
0.86054 1.40000 0.02235 
0.86100 1.40000 0.02234 
0.86974 1.40000 0.02204 
0.86978 1.40000 0.02204 
0.87740 1.40000 0.02228 
0.88282 1.40000 0.02265 
0.88722 1.40000 0.02290 
0.89146 1.40000 0.02322 
0.89771 1.40000 0.02366 
0.90554 1.40000 0.02420 
0.90845 1.40000 0.02438 
0.91894 1.40000 0.02500 
0.92018 1.40000 0.02507 
0.92049 1.40000 0.02509 
0.93332 1.40000 0.02571 
0.93550 1.40000 0.02583 
0.94959 1.40000 0.02645 
0.95137 1.40000 0.02652 
0.95337 1.40000 0.02660 
0.96668 1.40000 0.02700 
0.97284 1.40000 0.02718 
0.98164 1.40000 0.02740 
0.98937 1.40000 0.02759 
0.99726 1.40000 0.02767 
1.00440 1.40000 0.02777 
1.01439 1.40000 0.02784 
1.01822 1.40000 0.02787 
1.02385 1.40000 0.02788 
1.03194 1.40000 0.02789 
1.03712 1.40000 0.02783 
1.04576 1.40000 0.02772 
1.05282 1.40000 0.02760 
1.06039 1.40000 0.02749 
1.06948 1.40000 0.02730 
1.07532 1.40000 0.02717 
1.08887 1.40000 0.02683 
1.08922 1.40000 0.02682 
1.08958 1.40000 0.02681 
1.10328 1.40000 0.02622 
1.10945 1.40000 0.02595 
1.11924 1.40000 0.02548 
1.12722 1.40000 0.02504 
1.13685 1.40000 0.02448 
1.14305 1.40000 0.02414 
1.15044 1.40000 0.02367 
1.15757 1.40000 0.02320 
1.16724 1.40000 0.02254 
1.17340 1.40000 0.02212 
1.18162 1.40000 0.02156 
1.18912 1.40000 0.02102 
1.19414 1.40000 0.02065 
1.20190 1.40000 0.02001 
1.20981 1.40000 0.01936 
1.21682 1.40000 0.01878 
1.22612 1.40000 0.01800 
1.23391 1.40000 0.01731 
1.23925 1.40000 0.01683 
1.24959 1.40000 0.01585 
1.25303 1.40000 0.01554 
1.26844 1.40000 0.01407 
1.26949 1.40000 0.01397 
1.26975 1.40000 0.01394 
1.27125 1.40000 0.01379 
1.28688 1.40000 0.01226 
1.28960 1.40000 0.01198 
1.30395 1.40000 0.01044 
1.30721 1.40000 0.01009 
1.32420 1.40000 0.00824 
1.32493 1.40000 0.00816 
1.32563 1.40000 0.00808 
1.34383 1.40000 0.00597 
1.34467 1.40000 0.00587 
1.34942 1.40000 0.00531 
1.36127 1.40000 0.00391 
1.36380 1.40000 0.00361 
1.37743 1.40000 0.00194 
1.38505 1.40000 0.00101 
1.39331 1.40000 0.00000 

ZONE T="SLICE_Y_0p1_BINS15_KS_1mm_FINAL_LAYER"
1.02809	0.10000	0.00000
0.97747	0.10000	-0.00616
0.96548	0.10000	-0.00763
0.90380	0.10000	-0.01477
0.89916	0.10000	-0.01530
0.89825	0.10000	-0.01540
0.87491	0.10000	-0.01784
0.83012	0.10000	-0.02254
0.82824	0.10000	-0.02273
0.80524	0.10000	-0.02485
0.77057	0.10000	-0.02805
0.76767	0.10000	-0.02830
0.71919	0.10000	-0.03240
0.70881	0.10000	-0.03319
0.67262	0.10000	-0.03598
0.65382	0.10000	-0.03728
0.63008	0.10000	-0.03888
0.60313	0.10000	-0.04043
0.59105	0.10000	-0.04116
0.55528	0.10000	-0.04299
0.55395	0.10000	-0.04306
0.54975	0.10000	-0.04322
0.51663	0.10000	-0.04448
0.50681	0.10000	-0.04473
0.47698	0.10000	-0.04540
0.46810	0.10000	-0.04556
0.44155	0.10000	-0.04602
0.43337	0.10000	-0.04602
0.41141	0.10000	-0.04613
0.40532	0.10000	-0.04614
0.38742	0.10000	-0.04610
0.36881	0.10000	-0.04586
0.36113	0.10000	-0.04579
0.34350	0.10000	-0.04541
0.33591	0.10000	-0.04524
0.33273	0.10000	-0.04516
0.31157	0.10000	-0.04458
0.30092	0.10000	-0.04419
0.28847	0.10000	-0.04375
0.27661	0.10000	-0.04329
0.26377	0.10000	-0.04272
0.25920	0.10000	-0.04249
0.25383	0.10000	-0.04222
0.24163	0.10000	-0.04159
0.22765	0.10000	-0.04081
0.22436	0.10000	-0.04062
0.22291	0.10000	-0.04054
0.21641	0.10000	-0.04017
0.20736	0.10000	-0.03965
0.20403	0.10000	-0.03947
0.19463	0.10000	-0.03894
0.18323	0.10000	-0.03830
0.18322	0.10000	-0.03830
0.18321	0.10000	-0.03830
0.17257	0.10000	-0.03772
0.16323	0.10000	-0.03723
0.16283	0.10000	-0.03721
0.16235	0.10000	-0.03719
0.15328	0.10000	-0.03710
0.14665	0.10000	-0.03869
0.14442	0.10000	-0.03908
0.14033	0.10000	-0.04026
0.13571	0.10000	-0.04156
0.13309	0.10000	-0.04226
0.12689	0.10000	-0.04420
0.12213	0.10000	-0.04510
0.11641	0.10000	-0.04539
0.11033	0.10000	-0.04520
0.10516	0.10000	-0.04411
0.09920	0.10000	-0.04285
0.09408	0.10000	-0.04158
0.08825	0.10000	-0.04013
0.08320	0.10000	-0.03863
0.07742	0.10000	-0.03692
0.07251	0.10000	-0.03495
0.06693	0.10000	-0.03272
0.06224	0.10000	-0.02966
0.05764	0.10000	-0.02656
0.05306	0.10000	-0.02155
0.05047	0.10000	-0.01873
0.04555	0.10000	-0.01050
0.04518	0.10000	-0.00987
0.04461	0.10000	-0.00834
0.04161	0.10000	-0.00030
0.04306	0.10000	0.00654
0.04371	0.10000	0.00963
0.04455	0.10000	0.01121
0.04857	0.10000	0.01871
0.05192	0.10000	0.02265
0.05539	0.10000	0.02673
0.06095	0.10000	0.03104
0.06411	0.10000	0.03342
0.07110	0.10000	0.03688
0.07440	0.10000	0.03854
0.08189	0.10000	0.04027
0.08587	0.10000	0.04123
0.09311	0.10000	0.04179
0.09772	0.10000	0.04186
0.10461	0.10000	0.04059
0.10946	0.10000	0.03961
0.11653	0.10000	0.03772
0.12009	0.10000	0.03647
0.12742	0.10000	0.03427
0.12897	0.10000	0.03403
0.13570	0.10000	0.03366
0.14412	0.10000	0.03402
0.14520	0.10000	0.03404
0.14638	0.10000	0.03414
0.15474	0.10000	0.03487
0.16451	0.10000	0.03574
0.16495	0.10000	0.03578
0.16529	0.10000	0.03581
0.17578	0.10000	0.03675
0.18374	0.10000	0.03741
0.18788	0.10000	0.03775
0.19630	0.10000	0.03839
0.20150	0.10000	0.03879
0.20383	0.10000	0.03897
0.21681	0.10000	0.03988
0.22450	0.10000	0.04038
0.23499	0.10000	0.04100
0.24272	0.10000	0.04146
0.25222	0.10000	0.04198
0.26506	0.10000	0.04259
0.27691	0.10000	0.04310
0.28814	0.10000	0.04363
0.30781	0.10000	0.04436
0.31253	0.10000	0.04452
0.32451	0.10000	0.04490
0.33852	0.10000	0.04532
0.34391	0.10000	0.04543
0.36661	0.10000	0.04585
0.38158	0.10000	0.04602
0.39711	0.10000	0.04624
0.42159	0.10000	0.04612
0.42931	0.10000	0.04609
0.46319	0.10000	0.04576
0.46352	0.10000	0.04575
0.46545	0.10000	0.04571
0.49966	0.10000	0.04498
0.50538	0.10000	0.04478
0.53765	0.10000	0.04368
0.54945	0.10000	0.04316
0.57727	0.10000	0.04191
0.59622	0.10000	0.04084
0.61882	0.10000	0.03959
0.64634	0.10000	0.03780
0.66282	0.10000	0.03670
0.70045	0.10000	0.03388
0.71005	0.10000	0.03316
0.75897	0.10000	0.02911
0.76145	0.10000	0.02890
0.78615	0.10000	0.02665
0.81802	0.10000	0.02373
0.82111	0.10000	0.02342
0.88543	0.10000	0.01681
0.88782	0.10000	0.01655
0.89095	0.10000	0.01619
0.94545	0.10000	0.00999
0.98104	0.10000	0.00577
0.98850	0.10000	0.00485
1.02809	0.10000	0.00000

ZONE T="SLICE_Y_0p75_BINS15_KS_1mm_FINAL_LAYER"
1.21070	0.75000	0.00000
1.15368	0.75000	-0.00639
1.15331	0.75000	-0.00643
1.15320	0.75000	-0.00644
1.09633	0.75000	-0.01279
1.08402	0.75000	-0.01405
1.03931	0.75000	-0.01838
1.02018	0.75000	-0.02008
0.98522	0.75000	-0.02322
0.98247	0.75000	-0.02346
0.94977	0.75000	-0.02637
0.93285	0.75000	-0.02749
0.91380	0.75000	-0.02875
0.89643	0.75000	-0.02985
0.87423	0.75000	-0.03130
0.84523	0.75000	-0.03281
0.83713	0.75000	-0.03328
0.83231	0.75000	-0.03351
0.79745	0.75000	-0.03478
0.79135	0.75000	-0.03497
0.76547	0.75000	-0.03575
0.75128	0.75000	-0.03616
0.74291	0.75000	-0.03630
0.72155	0.75000	-0.03652
0.71918	0.75000	-0.03653
0.70786	0.75000	-0.03650
0.69557	0.75000	-0.03647
0.69296	0.75000	-0.03647
0.67342	0.75000	-0.03642
0.66610	0.75000	-0.03636
0.65319	0.75000	-0.03607
0.64029	0.75000	-0.03570
0.63489	0.75000	-0.03555
0.62568	0.75000	-0.03525
0.61749	0.75000	-0.03501
0.61347	0.75000	-0.03486
0.60147	0.75000	-0.03432
0.59494	0.75000	-0.03403
0.58895	0.75000	-0.03375
0.57933	0.75000	-0.03326
0.57745	0.75000	-0.03316
0.56650	0.75000	-0.03254
0.56603	0.75000	-0.03252
0.55993	0.75000	-0.03222
0.55483	0.75000	-0.03196
0.55445	0.75000	-0.03194
0.54374	0.75000	-0.03144
0.54275	0.75000	-0.03139
0.53282	0.75000	-0.03108
0.53133	0.75000	-0.03103
0.52197	0.75000	-0.03168
0.52002	0.75000	-0.03183
0.51140	0.75000	-0.03444
0.50937	0.75000	-0.03509
0.50087	0.75000	-0.03762
0.49868	0.75000	-0.03826
0.49009	0.75000	-0.04010
0.48748	0.75000	-0.04061
0.47903	0.75000	-0.04058
0.47588	0.75000	-0.04053
0.46808	0.75000	-0.03884
0.46469	0.75000	-0.03812
0.45727	0.75000	-0.03598
0.45385	0.75000	-0.03502
0.44661	0.75000	-0.03224
0.44338	0.75000	-0.03103
0.43623	0.75000	-0.02712
0.43365	0.75000	-0.02566
0.42672	0.75000	-0.01952
0.42558	0.75000	-0.01851
0.42233	0.75000	-0.01386
0.41957	0.75000	-0.00994
0.41893	0.75000	-0.00853
0.41526	0.75000	-0.00048
0.41757	0.75000	0.00946
0.41762	0.75000	0.00967
0.41789	0.75000	0.01013
0.42302	0.75000	0.01881
0.42516	0.75000	0.02122
0.43028	0.75000	0.02687
0.43459	0.75000	0.02975
0.43985	0.75000	0.03317
0.44544	0.75000	0.03433
0.45157	0.75000	0.03563
0.45681	0.75000	0.03534
0.46330	0.75000	0.03501
0.46810	0.75000	0.03433
0.47461	0.75000	0.03338
0.47919	0.75000	0.03208
0.48556	0.75000	0.03019
0.49025	0.75000	0.02942
0.49696	0.75000	0.02826
0.50157	0.75000	0.02813
0.50875	0.75000	0.02806
0.51319	0.75000	0.02836
0.52071	0.75000	0.02889
0.52524	0.75000	0.02928
0.53314	0.75000	0.02996
0.53822	0.75000	0.03037
0.54621	0.75000	0.03100
0.55266	0.75000	0.03147
0.56007	0.75000	0.03198
0.56916	0.75000	0.03252
0.57513	0.75000	0.03289
0.58739	0.75000	0.03351
0.59175	0.75000	0.03375
0.60475	0.75000	0.03434
0.60732	0.75000	0.03446
0.61938	0.75000	0.03499
0.62971	0.75000	0.03531
0.63781	0.75000	0.03551
0.65379	0.75000	0.03593
0.65838	0.75000	0.03604
0.67821	0.75000	0.03643
0.68166	0.75000	0.03644
0.70338	0.75000	0.03655
0.70858	0.75000	0.03654
0.72993	0.75000	0.03640
0.74029	0.75000	0.03627
0.75843	0.75000	0.03601
0.77736	0.75000	0.03563
0.78942	0.75000	0.03546
0.82020	0.75000	0.03411
0.82352	0.75000	0.03398
0.83244	0.75000	0.03356
0.86028	0.75000	0.03226
0.87182	0.75000	0.03151
0.90045	0.75000	0.02976
0.93308	0.75000	0.02744
0.94700	0.75000	0.02646
0.99356	0.75000	0.02261
0.99516	0.75000	0.02247
0.99942	0.75000	0.02207
1.04421	0.75000	0.01787
1.06430	0.75000	0.01592
1.09494	0.75000	0.01299
1.14793	0.75000	0.00706
1.15142	0.75000	0.00668
1.16047	0.75000	0.00566
1.21070	0.75000	0.00000

ZONE T="SLICE_Y_1p4_BINS15_KS_1mm_FINAL_LAYER"
1.39331	1.40000	0.00000
1.38558	1.40000	-0.00095
1.37737	1.40000	-0.00196
1.36600	1.40000	-0.00336
1.36097	1.40000	-0.00397
1.34726	1.40000	-0.00559
1.34442	1.40000	-0.00593
1.33002	1.40000	-0.00761
1.32764	1.40000	-0.00788
1.31422	1.40000	-0.00938
1.30992	1.40000	-0.00986
1.29962	1.40000	-0.01097
1.29142	1.40000	-0.01183
1.28636	1.40000	-0.01235
1.27648	1.40000	-0.01333
1.26911	1.40000	-0.01406
1.25773	1.40000	-0.01517
1.25340	1.40000	-0.01557
1.24295	1.40000	-0.01653
1.23851	1.40000	-0.01693
1.23640	1.40000	-0.01712
1.22376	1.40000	-0.01821
1.21409	1.40000	-0.01902
1.20885	1.40000	-0.01945
1.20048	1.40000	-0.02014
1.19596	1.40000	-0.02051
1.18204	1.40000	-0.02152
1.18150	1.40000	-0.02156
1.16468	1.40000	-0.02270
1.16362	1.40000	-0.02277
1.14805	1.40000	-0.02380
1.14324	1.40000	-0.02409
1.13172	1.40000	-0.02478
1.12076	1.40000	-0.02536
1.11751	1.40000	-0.02553
1.10451	1.40000	-0.02606
1.09898	1.40000	-0.02629
1.08347	1.40000	-0.02679
1.08045	1.40000	-0.02690
1.07524	1.40000	-0.02705
1.06463	1.40000	-0.02736
1.05712	1.40000	-0.02748
1.05161	1.40000	-0.02757
1.04119	1.40000	-0.02773
1.03406	1.40000	-0.02784
1.02505	1.40000	-0.02783
1.01270	1.40000	-0.02781
1.00809	1.40000	-0.02780
1.00394	1.40000	-0.02773
0.99070	1.40000	-0.02758
0.98455	1.40000	-0.02745
0.97335	1.40000	-0.02723
0.96784	1.40000	-0.02707
0.95549	1.40000	-0.02670
0.95301	1.40000	-0.02661
0.94533	1.40000	-0.02632
0.93891	1.40000	-0.02607
0.93734	1.40000	-0.02601
0.93318	1.40000	-0.02580
0.92563	1.40000	-0.02542
0.92032	1.40000	-0.02515
0.91604	1.40000	-0.02493
0.91340	1.40000	-0.02478
0.90659	1.40000	-0.02447
0.89944	1.40000	-0.02426
0.89683	1.40000	-0.02432
0.89101	1.40000	-0.02490
0.88730	1.40000	-0.02520
0.88577	1.40000	-0.02544
0.87828	1.40000	-0.02792
0.87458	1.40000	-0.02931
0.86884	1.40000	-0.03107
0.86182	1.40000	-0.03312
0.86129	1.40000	-0.03325
0.85232	1.40000	-0.03532
0.85190	1.40000	-0.03534
0.84126	1.40000	-0.03565
0.84107	1.40000	-0.03561
0.83027	1.40000	-0.03321
0.82998	1.40000	-0.03311
0.81976	1.40000	-0.02954
0.81906	1.40000	-0.02918
0.80986	1.40000	-0.02462
0.80854	1.40000	-0.02360
0.80131	1.40000	-0.01803
0.79898	1.40000	-0.01543
0.79416	1.40000	-0.01000
0.79096	1.40000	-0.00399
0.78913	1.40000	-0.00052
0.79045	1.40000	0.00366
0.79235	1.40000	0.00958
0.79740	1.40000	0.01684
0.79851	1.40000	0.01844
0.80673	1.40000	0.02579
0.80680	1.40000	0.02585
0.81795	1.40000	0.02936
0.81827	1.40000	0.02948
0.82928	1.40000	0.02919
0.82981	1.40000	0.02919
0.84036	1.40000	0.02726
0.84065	1.40000	0.02722
0.85135	1.40000	0.02525
0.85138	1.40000	0.02524
0.85199	1.40000	0.02513
0.86226	1.40000	0.02328
0.86272	1.40000	0.02325
0.87368	1.40000	0.02257
0.87394	1.40000	0.02258
0.87653	1.40000	0.02265
0.88491	1.40000	0.02286
0.88576	1.40000	0.02290
0.89590	1.40000	0.02356
0.89762	1.40000	0.02369
0.90808	1.40000	0.02436
0.90873	1.40000	0.02440
0.91205	1.40000	0.02461
0.91952	1.40000	0.02506
0.92230	1.40000	0.02519
0.93099	1.40000	0.02561
0.93634	1.40000	0.02588
0.94801	1.40000	0.02633
0.95280	1.40000	0.02652
0.96790	1.40000	0.02701
0.96931	1.40000	0.02706
0.97058	1.40000	0.02709
0.98663	1.40000	0.02746
0.99016	1.40000	0.02754
0.99685	1.40000	0.02764
1.00524	1.40000	0.02773
1.01733	1.40000	0.02781
1.02152	1.40000	0.02784
1.02305	1.40000	0.02784
1.03643	1.40000	0.02776
1.04083	1.40000	0.02774
1.04147	1.40000	0.02773
1.05748	1.40000	0.02752
1.06245	1.40000	0.02742
1.07321	1.40000	0.02719
1.07772	1.40000	0.02706
1.08557	1.40000	0.02682
1.09577	1.40000	0.02653
1.09690	1.40000	0.02650
1.10822	1.40000	0.02598
1.11251	1.40000	0.02579
1.12308	1.40000	0.02529
1.13000	1.40000	0.02492
1.13889	1.40000	0.02439
1.14613	1.40000	0.02395
1.15470	1.40000	0.02343
1.15976	1.40000	0.02311
1.16874	1.40000	0.02248
1.17565	1.40000	0.02202
1.18588	1.40000	0.02128
1.19437	1.40000	0.02062
1.20243	1.40000	0.01998
1.21291	1.40000	0.01913
1.21772	1.40000	0.01873
1.23229	1.40000	0.01745
1.23237	1.40000	0.01744
1.23264	1.40000	0.01742
1.24739	1.40000	0.01608
1.25194	1.40000	0.01567
1.26340	1.40000	0.01460
1.27530	1.40000	0.01344
1.27861	1.40000	0.01310
1.28391	1.40000	0.01257
1.29318	1.40000	0.01164
1.29805	1.40000	0.01114
1.30651	1.40000	0.01023
1.31364	1.40000	0.00945
1.32228	1.40000	0.00848
1.32927	1.40000	0.00769
1.34095	1.40000	0.00635
1.34510	1.40000	0.00587
1.35847	1.40000	0.00426
1.36113	1.40000	0.00394
1.36204	1.40000	0.00383
1.37722	1.40000	0.00198
1.38438	1.40000	0.00110
1.39331	1.40000	0.00000