#+++++++++++++++++++++++++++++++++++++++++++++++++++++++++++++++++++++++++++++++++++++++++++++++++++++++++++++++++++++++++++++++++
#
#   IPW-3 Cut/Slice DATA SUBMITTAL FORM for Test Case NACA0012_AE3933, May 18th 2026
#
#       NOMENCLATURE:
#                  X [m]:  X-coordinate of the surface (clean for reference)
#                  Y [m]:  Y-coordinate of the surface (clean for reference)
#                  Z [m]:  Z-coordinate of the surface (clean for reference)
#            HTC [W/m2K]:  Convective Heat Transfer Coefficient (on the rough surface)
#               Beta [-]:  Collection efficiency
#                 Ts [K]:  Surface temperature
#                 FF [-]:  Freezing fraction
#                  k [m]:  Surface roughness height if variable (OPTIONAL)
#         RhoIce [kg/m3]:  Ice density (OPTIONAL)
#      HTC_CLEAN [W/m2K]:  Convective Heat Transfer Coefficient on the surface without roughness (OPTIONAL)
#
#                XXmm:  Roughness height used for the case, in mm.
#                       In the zone name, use the format KS_XXmm.
#                       For example, if k_s = 1.5 mm, use KS_1p5mm. 
#                       For Variable roughness, use KS_VAR
#
#    FLOW CONDITIONS:
#                                   AOA: 4.0 deg
#                           Mach Number: 0.3127 [-]
#       Mean aerodynamic chord (M.A.C.): 0.5334 [m]
#                       Reynolds Number: 3.8947 million (based on MAC)
#                       Freestream Temp: 270.95 [K]
#                        Reference area: 0.97548 [m2]
#               Moment Reference Center: 0.13335, 0, 0 [m] (X, Y, Z)
#
#    ICING CONDITIONS:
#                           Icing Time: 420 [s]
#                                  LWC: 0.55 [g/m3]
#                                  MVD: 20 [μm]
#
#              NOTES: 1. Please use at least 5 decimal places in the numerical values
#                     2. If data are NOT provided, please fill data fields with a numerical value of "-999" 
#
#++++++++++++++++++++++++++++++++++++++++++++++++++++++++++++++++++++++++++++++++++++++++++++++++++++++++++++++++++++

                                                    <- Optional ->                 
VARIABLES = "X" "Y" "Z" "Beta" "HTC_CLEAN" "HTC" "Ts" "FF" "k"

ZONE T="SLICE_Y_0p9144_BINS15_KS_VAR_CUTDATA"

0.399422519	0.9144	-0.00158598	0	149.2701433	149.2701433	270.6584301	-1	0
0.396882873	0.9144	-0.001142424	0	150.3559478	150.3559478	270.6566258	-1	0
0.396882776	0.9144	-0.001142407	0	150.3559892	150.3559892	270.6566258	-1	0
0.394342839	0.9144	-0.000700386	0	151.4474731	151.4474731	270.6548278	-1	0
0.394342742	0.9144	-0.000700369	0	151.4475148	151.4475148	270.6548277	-1	0
0.391802538	0.9144	-0.000259971	0	152.5384732	152.5384732	270.653036	-1	0
0.391802441	0.9144	-0.000259954	0	152.5385149	152.5385149	270.6530359	-1	0
0.391802344	0.9144	-0.000259937	0	152.5385559	152.5385559	270.6530359	-1	0
0.389261826	0.9144	0.000178747	0	153.6130473	153.6130473	270.6512501	-1	0
0.389261729	0.9144	0.000178764	0	153.6130886	153.6130886	270.65125	-1	0
0.386720969	0.9144	0.000615925	0	154.6949124	154.6949124	270.6494702	-1	0
0.384179893	0.9144	0.001051331	0	155.7407862	155.7407862	270.6476948	-1	0
0.384179796	0.9144	0.001051347	0	155.7408261	155.7408261	270.6476948	-1	0
0.381638454	0.9144	0.001485123	0	156.8077918	156.8077918	270.6459224	-1	0
0.381638357	0.9144	0.00148514	0	156.8078325	156.8078325	270.6459223	-1	0
0.379096749	0.9144	0.001917362	0	157.8930047	157.8930047	270.6441544	-1	0
0.379096652	0.9144	0.001917378	0	157.8930461	157.8930461	270.6441543	-1	0
0.376554729	0.9144	0.002347737	0	158.9021205	158.9021205	270.6423901	-1	0
0.376554632	0.9144	0.002347753	0	158.902159	158.902159	270.6423901	-1	0
0.374012418	0.9144	0.00277652	0	159.9521847	159.9521847	270.6406263	-1	0
0.374012321	0.9144	0.002776536	0	159.9522248	159.9522248	270.6406262	-1	0
0.371469865	0.9144	0.003203719	0	161.0411216	161.0411216	270.6388642	-1	0
0.371469768	0.9144	0.003203735	0	161.0411632	161.0411632	270.6388641	-1	0
0.368926972	0.9144	0.00362901	0	162.0403129	162.0403129	270.6371043	-1	0
0.368926875	0.9144	0.003629026	0	162.0403511	162.0403511	270.6371043	-1	0
0.368926778	0.9144	0.003629042	0	162.0403907	162.0403907	270.6371042	-1	0
0.366383717	0.9144	0.0040527	0	163.0798001	163.0798001	270.6353434	-1	0
0.36638362	0.9144	0.004052717	0	163.0798417	163.0798417	270.6353433	-1	0
0.363840316	0.9144	0.00447475	0	164.1705102	164.1705102	270.6335828	-1	0
0.361296673	0.9144	0.004894861	0	165.1680697	165.1680697	270.6318236	-1	0
0.361296576	0.9144	0.004894877	0	165.1681078	165.1681078	270.6318235	-1	0
0.358752642	0.9144	0.005313304	0	166.1787911	166.1787911	270.6300609	-1	0
0.358752545	0.9144	0.00531332	0	166.1788336	166.1788336	270.6300608	-1	0
0.356208345	0.9144	0.005730111	0	167.2624834	167.2624834	270.6282933	-1	0
0.356208248	0.9144	0.005730127	0	167.262521	167.262521	270.6282933	-1	0
0.356208151	0.9144	0.005730143	0	167.2625573	167.2625573	270.6282932	-1	0
0.35366366	0.9144	0.006145045	0	168.3191441	168.3191441	270.6265248	-1	0
0.353663563	0.9144	0.00614506	0	168.319187	168.319187	270.6265247	-1	0
0.351118781	0.9144	0.006558206	0	169.3484328	169.3484328	270.624756	-1	0
0.348573685	0.9144	0.006969486	0	170.3879354	170.3879354	270.622985	-1	0
0.348573588	0.9144	0.006969502	0	170.3879751	170.3879751	270.6229849	-1	0
0.346028225	0.9144	0.007379012	0	171.4388807	171.4388807	270.6212101	-1	0
0.346028128	0.9144	0.007379027	0	171.4389209	171.4389209	270.62121	-1	0
0.346028031	0.9144	0.007379043	0	171.438961	171.438961	270.6212099	-1	0
0.343482353	0.9144	0.007786675	0	172.492135	172.492135	270.6194312	-1	0
0.343482256	0.9144	0.00778669	0	172.4921752	172.4921752	270.6194311	-1	0
0.340936287	0.9144	0.008192492	0	173.5464444	173.5464444	270.6176483	-1	0
0.338390028	0.9144	0.008596406	0	174.6017189	174.6017189	270.615861	-1	0
0.338389931	0.9144	0.008596421	0	174.6017592	174.6017592	270.6158609	-1	0
0.335843357	0.9144	0.008998441	0	175.6604533	175.6604533	270.6140691	-1	0
0.33584326	0.9144	0.008998457	0	175.6604937	175.6604937	270.614069	-1	0
0.333296396	0.9144	0.009398584	0	176.7246604	176.7246604	270.6122723	-1	0
0.333296298	0.9144	0.009398599	0	176.724701	176.724701	270.6122722	-1	0
0.330749143	0.9144	0.009796769	0	177.7911208	177.7911208	270.6104704	-1	0
0.330749046	0.9144	0.009796784	0	177.7911615	177.7911615	270.6104704	-1	0
0.328201576	0.9144	0.010193035	0	178.8611585	178.8611585	270.6086633	-1	0
0.328201479	0.9144	0.010193051	0	178.8611993	178.8611993	270.6086632	-1	0
0.328201381	0.9144	0.010193066	0	178.8612403	178.8612403	270.6086632	-1	0
0.325653596	0.9144	0.010587306	0	179.9352722	179.9352722	270.6068508	-1	0
0.323105521	0.9144	0.010979594	0	181.0113742	181.0113742	270.6050321	-1	0
0.323105423	0.9144	0.010979609	0	181.0114153	181.0114153	270.6050321	-1	0
0.323105326	0.9144	0.010979623	0	181.0114565	181.0114565	270.605032	-1	0
0.320556911	0.9144	0.011369846	0	182.0923225	182.0923225	270.6032076	-1	0
0.318008206	0.9144	0.011758081	0	183.1773268	183.1773268	270.6013769	-1	0
0.318008109	0.9144	0.011758096	0	183.1773682	183.1773682	270.6013768	-1	0
0.315459088	0.9144	0.012144209	0	184.2659192	184.2659192	270.5995414	-1	0
0.315458991	0.9144	0.012144224	0	184.2659608	184.2659608	270.5995413	-1	0
0.315458894	0.9144	0.012144238	0	184.2660063	184.2660063	270.5995412	-1	0
0.312909558	0.9144	0.012528325	0	185.3576293	185.3576293	270.5977032	-1	0
0.310359908	0.9144	0.012910239	0	186.4438339	186.4438339	270.5958616	-1	0
0.310359811	0.9144	0.012910254	0	186.4438714	186.4438714	270.5958616	-1	0
0.310359714	0.9144	0.012910268	0	186.4439088	186.4439088	270.5958615	-1	0
0.307809748	0.9144	0.013290092	0	187.5275552	187.5275552	270.5940148	-1	0
0.305259444	0.9144	0.013667705	0	188.6126883	188.6126883	270.59216	-1	0
0.305259347	0.9144	0.013667719	0	188.6127376	188.6127376	270.5921599	-1	0
0.302708728	0.9144	0.014043175	0	189.7012225	189.7012225	270.5902967	-1	0
0.302708631	0.9144	0.01404319	0	189.7012601	189.7012601	270.5902967	-1	0
0.302708533	0.9144	0.014043204	0	189.7012978	189.7012978	270.5902966	-1	0
0.300157575	0.9144	0.014416403	0	190.7925478	190.7925478	270.5884242	-1	0
0.300157478	0.9144	0.014416417	0	190.7925936	190.7925936	270.5884242	-1	0
0.297606205	0.9144	0.014787392	0	191.889996	191.889996	270.5865397	-1	0
0.295054617	0.9144	0.015156072	0	192.9974587	192.9974587	270.5846406	-1	0
0.295054519	0.9144	0.015156086	0	192.997501	192.997501	270.5846405	-1	0
0.292502568	0.9144	0.015522455	0	194.1189063	194.1189063	270.582728	-1	0
0.292502471	0.9144	0.015522469	0	194.1189532	194.1189532	270.5827279	-1	0
0.289950204	0.9144	0.015886503	0	195.2504052	195.2504052	270.5808044	-1	0
0.289950107	0.9144	0.015886517	0	195.25045	195.25045	270.5808043	-1	0
0.287397502	0.9144	0.01624815	0	196.3867304	196.3867304	270.5788706	-1	0
0.287397404	0.9144	0.016248163	0	196.386768	196.386768	270.5788705	-1	0
0.284844436	0.9144	0.016607421	0	197.5280581	197.5280581	270.5769264	-1	0
0.284844338	0.9144	0.016607435	0	197.5281058	197.5281058	270.5769263	-1	0
0.282291055	0.9144	0.016964205	0	198.680604	198.680604	270.5749714	-1	0
0.282290957	0.9144	0.016964219	0	198.6806437	198.6806437	270.5749713	-1	0
0.28229086	0.9144	0.016964232	0	198.6806838	198.6806838	270.5749713	-1	0
0.279737213	0.9144	0.017318589	0	199.8413994	199.8413994	270.5730062	-1	0
0.279737116	0.9144	0.017318603	0	199.8414479	199.8414479	270.5730062	-1	0
0.27718313	0.9144	0.017670359	0	201.0028907	201.0028907	270.5710311	-1	0
0.274628804	0.9144	0.018019647	0	202.1724747	202.1724747	270.5690458	-1	0
0.274628707	0.9144	0.018019661	0	202.1725193	202.1725193	270.5690457	-1	0
0.272073994	0.9144	0.018366273	0	203.3445513	203.3445513	270.5670505	-1	0
0.272073897	0.9144	0.018366286	0	203.3446003	203.3446003	270.5670504	-1	0
0.269518869	0.9144	0.018710338	0	204.5226695	204.5226695	270.5650441	-1	0
0.269518772	0.9144	0.018710351	0	204.5227102	204.5227102	270.5650441	-1	0
0.269518674	0.9144	0.018710364	0	204.5227512	204.5227512	270.565044	-1	0
0.266963259	0.9144	0.0190517	0	205.7098126	205.7098126	270.563026	-1	0
0.264407505	0.9144	0.019390364	0	206.905327	206.905327	270.5609938	-1	0
0.264407407	0.9144	0.019390377	0	206.905377	206.905377	270.5609937	-1	0
0.261851266	0.9144	0.019726275	0	208.114422	208.114422	270.558945	-1	0
0.261851168	0.9144	0.019726288	0	208.1144726	208.1144726	270.5589449	-1	0
0.259294687	0.9144	0.020059388	0	209.3410561	209.3410561	270.5568789	-1	0
0.25929459	0.9144	0.020059401	0	209.3411047	209.3411047	270.5568788	-1	0
0.256737721	0.9144	0.020389681	0	210.5858522	210.5858522	270.5547972	-1	0
0.256737624	0.9144	0.020389694	0	210.5858935	210.5858935	270.5547971	-1	0
0.254180392	0.9144	0.020717055	0	211.8484711	211.8484711	270.5527011	-1	0
0.254180294	0.9144	0.020717068	0	211.8485239	211.8485239	270.552701	-1	0
0.251622699	0.9144	0.021041563	0	213.1264327	213.1264327	270.5505911	-1	0
0.251622602	0.9144	0.021041575	0	213.1264767	213.1264767	270.550591	-1	0
0.251622504	0.9144	0.021041588	0	213.1265214	213.1265214	270.5505909	-1	0
0.249064521	0.9144	0.021363031	0	214.4199511	214.4199511	270.5484678	-1	0
0.249064424	0.9144	0.021363043	0	214.4200057	214.4200057	270.5484677	-1	0
0.246506053	0.9144	0.02168156	0	215.7291463	215.7291463	270.5463311	-1	0
0.24394732	0.9144	0.021996894	0	217.0459432	217.0459432	270.5441807	-1	0
0.243947222	0.9144	0.021996906	0	217.0459934	217.0459934	270.5441806	-1	0
0.241388101	0.9144	0.022309223	0	218.3767363	218.3767363	270.5420164	-1	0
0.241388003	0.9144	0.022309235	0	218.376787	218.376787	270.5420163	-1	0
0.238828495	0.9144	0.022618269	0	219.7175596	219.7175596	270.5398375	-1	0
0.238828397	0.9144	0.022618281	0	219.7176107	219.7176107	270.5398374	-1	0
0.236268501	0.9144	0.022924184	0	221.0735618	221.0735618	270.537643	-1	0
0.236268403	0.9144	0.022924196	0	221.0736135	221.0736135	270.5376429	-1	0
0.233708119	0.9144	0.023226737	0	222.4481678	222.4481678	270.5354322	-1	0
0.233708022	0.9144	0.023226748	0	222.4482202	222.4482202	270.5354321	-1	0
0.23114735	0.9144	0.023526028	0	223.8389346	223.8389346	270.5332039	-1	0
0.231147252	0.9144	0.023526039	0	223.8389876	223.8389876	270.5332038	-1	0
0.228586169	0.9144	0.023821859	0	225.2485815	225.2485815	270.5309568	-1	0
0.228586072	0.9144	0.02382187	0	225.2486353	225.2486353	270.5309567	-1	0
0.228585974	0.9144	0.023821881	0	225.248695	225.248695	270.5309566	-1	0
0.226024503	0.9144	0.024114308	0	226.6791638	226.6791638	270.5286907	-1	0
0.223462645	0.9144	0.024403163	0	228.1293682	228.1293682	270.5264058	-1	0
0.223462547	0.9144	0.024403174	0	228.1294183	228.1294183	270.5264057	-1	0
0.223462449	0.9144	0.024403185	0	228.129469	228.129469	270.5264056	-1	0
0.220900179	0.9144	0.024688518	0	229.5995278	229.5995278	270.5241051	-1	0
0.218337497	0.9144	0.024970172	0	231.087698	231.087698	270.5217878	-1	0
0.2183374	0.9144	0.024970183	0	231.0877601	231.0877601	270.5217877	-1	0
0.21577433	0.9144	0.025248188	0	232.5896356	232.5896356	270.5194524	-1	0
0.215774232	0.9144	0.025248198	0	232.589693	232.589693	270.5194523	-1	0
0.215774135	0.9144	0.025248209	0	232.5897566	232.5897566	270.5194522	-1	0
0.213210653	0.9144	0.025522391	0	234.1124798	234.1124798	270.5170982	-1	0
0.210646785	0.9144	0.025792813	0	235.6535452	235.6535452	270.5147239	-1	0
0.210646687	0.9144	0.025792824	0	235.6535984	235.6535984	270.5147238	-1	0
0.210646589	0.9144	0.025792834	0	235.6536522	235.6536522	270.5147237	-1	0
0.208082284	0.9144	0.026059262	0	237.2131003	237.2131003	270.5123308	-1	0
0.205517592	0.9144	0.026321818	0	238.7862926	238.7862926	270.5099202	-1	0
0.205517494	0.9144	0.026321828	0	238.7863641	238.7863641	270.5099201	-1	0
0.202952366	0.9144	0.026580223	0	240.3772	240.3772	270.5074948	-1	0
0.202952268	0.9144	0.026580233	0	240.3772549	240.3772549	270.5074947	-1	0
0.20295217	0.9144	0.026580243	0	240.3773104	240.3773104	270.5074946	-1	0
0.200386654	0.9144	0.02683466	0	241.9837995	241.9837995	270.5050546	-1	0
0.197820715	0.9144	0.027084729	0	243.5785365	243.5785365	270.5025958	-1	0
0.197820617	0.9144	0.027084738	0	243.5786032	243.5786032	270.5025957	-1	0
0.195254265	0.9144	0.027330644	0	245.1859603	245.1859603	270.500117	-1	0
0.195254167	0.9144	0.027330654	0	245.1860217	245.1860217	270.5001169	-1	0
0.192687392	0.9144	0.027572133	0	246.8140147	246.8140147	270.4976139	-1	0
0.192687294	0.9144	0.027572142	0	246.8140768	246.8140768	270.4976138	-1	0
0.190120119	0.9144	0.027809216	0	248.4624752	248.4624752	270.4950764	-1	0
0.190120021	0.9144	0.027809225	0	248.462538	248.462538	270.4950763	-1	0
0.187552422	0.9144	0.02804179	0	250.1399372	250.1399372	270.4924962	-1	0
0.187552324	0.9144	0.028041799	0	250.1400074	250.1400074	270.4924961	-1	0
0.184984325	0.9144	0.028269708	0	251.8788869	251.8788869	270.4898784	-1	0
0.184984227	0.9144	0.028269716	0	251.8789468	251.8789468	270.4898784	-1	0
0.184984129	0.9144	0.028269725	0	251.8790087	251.8790087	270.4898783	-1	0
0.182415707	0.9144	0.028493043	0	253.6669315	253.6669315	270.4872331	-1	0
0.182415609	0.9144	0.028493052	0	253.6670053	253.6670053	270.487233	-1	0
0.179846774	0.9144	0.028711432	0	255.4328902	255.4328902	270.4845646	-1	0
0.177277528	0.9144	0.028925004	0	257.2437562	257.2437562	270.4818773	-1	0
0.17727743	0.9144	0.028925012	0	257.2438253	257.2438253	270.4818772	-1	0
0.174707784	0.9144	0.029133624	0	259.0780381	259.0780381	270.4791741	-1	0
0.174707686	0.9144	0.029133632	0	259.0781081	259.0781081	270.479174	-1	0
0.172137629	0.9144	0.029337067	0	260.8908306	260.8908306	270.476449	-1	0
0.172137531	0.9144	0.029337075	0	260.8909065	260.8909065	270.4764488	-1	0
0.169567061	0.9144	0.029535435	0	262.7736031	262.7736031	270.4736975	-1	0
0.169566963	0.9144	0.029535443	0	262.7736682	262.7736682	270.4736974	-1	0
0.169566865	0.9144	0.02953545	0	262.7737406	262.7737406	270.4736973	-1	0
0.166995996	0.9144	0.029728466	0	264.6740146	264.6740146	270.4709216	-1	0
0.164424727	0.9144	0.029916045	0	266.5771165	266.5771165	270.4681184	-1	0
0.164424629	0.9144	0.029916052	0	266.5771989	266.5771989	270.4681183	-1	0
0.164424531	0.9144	0.029916059	0	266.5772655	266.5772655	270.4681182	-1	0
0.161852875	0.9144	0.030098193	0	268.5784133	268.5784133	270.4652869	-1	0
0.159280819	0.9144	0.030274681	0	270.5871189	270.5871189	270.4624297	-1	0
0.159280721	0.9144	0.030274687	0	270.5871956	270.5871956	270.4624296	-1	0
0.159280623	0.9144	0.030274694	0	270.5872708	270.5872708	270.4624295	-1	0
0.156708167	0.9144	0.03044535	0	272.5583971	272.5583971	270.4595432	-1	0
0.156708069	0.9144	0.030445356	0	272.5584767	272.5584767	270.4595431	-1	0
0.15413525	0.9144	0.030610226	0	274.6447619	274.6447619	270.4566182	-1	0
0.151562044	0.9144	0.03076914	0	276.8245222	276.8245222	270.4536559	-1	0
0.151561946	0.9144	0.030769146	0	276.8246054	276.8246054	270.4536558	-1	0
0.148988376	0.9144	0.030921817	0	278.9591777	278.9591777	270.4506607	-1	0
0.148988278	0.9144	0.030921823	0	278.9592591	278.9592591	270.4506606	-1	0
0.146414332	0.9144	0.031068229	0	281.1081979	281.1081979	270.4476265	-1	0
0.146414234	0.9144	0.031068234	0	281.1082799	281.1082799	270.4476264	-1	0
0.146414136	0.9144	0.03106824	0	281.1083663	281.1083663	270.4476263	-1	0
0.143839839	0.9144	0.031208273	0	283.3751119	283.3751119	270.4445473	-1	0
0.141265192	0.9144	0.031341796	0	285.7324812	285.7324812	270.4414254	-1	0
0.141265093	0.9144	0.031341801	0	285.7325712	285.7325712	270.4414253	-1	0
0.141264995	0.9144	0.031341805	0	285.7326614	285.7326614	270.4414251	-1	0
0.138690008	0.9144	0.031468582	0	288.0989991	288.0989991	270.4382696	-1	0
0.136114695	0.9144	0.031588447	0	290.4654079	290.4654079	270.4350802	-1	0
0.136114596	0.9144	0.031588452	0	290.4654983	290.4654983	270.43508	-1	0
0.133538968	0.9144	0.031701298	0	292.8799569	292.8799569	270.431852	-1	0
0.133538869	0.9144	0.031701302	0	292.8800491	292.8800491	270.4318519	-1	0
0.133538771	0.9144	0.031701306	0	292.8801303	292.8801303	270.4318518	-1	0
0.130962827	0.9144	0.031806961	0	295.3428863	295.3428863	270.4285814	-1	0
0.130962729	0.9144	0.031806965	0	295.3429854	295.3429854	270.4285813	-1	0
0.128386507	0.9144	0.031905259	0	297.8482507	297.8482507	270.4252649	-1	0
0.125810006	0.9144	0.031996024	0	300.4004198	300.4004198	270.4218997	-1	0
0.125809908	0.9144	0.031996027	0	300.4005263	300.4005263	270.4218996	-1	0
0.123233141	0.9144	0.032079034	0	302.9911224	302.9911224	270.4184828	-1	0
0.123233042	0.9144	0.032079038	0	302.9912212	302.9912212	270.4184826	-1	0
0.120656033	0.9144	0.032154097	0	305.6593526	305.6593526	270.4150092	-1	0
0.120655935	0.9144	0.0321541	0	305.6594544	305.6594544	270.4150091	-1	0
0.118078695	0.9144	0.032220999	0	308.4584606	308.4584606	270.4114796	-1	0
0.118078597	0.9144	0.032221001	0	308.4585778	308.4585778	270.4114795	-1	0
0.115501151	0.9144	0.032279523	0	311.3095196	311.3095196	270.4078973	-1	0
0.115501053	0.9144	0.032279525	0	311.3096323	311.3096323	270.4078971	-1	0
0.112919163	0.9144	0.032329517	0	314.0737854	314.0737854	270.4042993	-1	0
0.112919064	0.9144	0.032329519	0	314.0738763	314.0738763	270.4042991	-1	0
0.11045997	0.9144	0.032368941	0	316.7088432	316.7088432	270.4007711	-1	0
0.110459876	0.9144	0.032368942	0	316.7089438	316.7089438	270.400771	-1	0
0.108117775	0.9144	0.032398739	0	319.2584579	319.2584579	270.3973655	-1	0
0.108117686	0.9144	0.03239874	0	319.2585421	319.2585421	270.3973654	-1	0
0.108117601	0.9144	0.032398741	0	319.2586542	319.2586542	270.3973653	-1	0
0.105886948	0.9144	0.03241996	0	321.8529732	321.8529732	270.3940773	-1	0
0.103762461	0.9144	0.032433645	0	324.4376186	324.4376186	270.3908965	-1	0
0.10376238	0.9144	0.032433646	0	324.4377301	324.4377301	270.3908964	-1	0
0.101739034	0.9144	0.032440359	0	326.8925823	326.8925823	270.3878235	-1	0
0.101738957	0.9144	0.032440359	0	326.892663	326.892663	270.3878234	-1	0
0.09981195	0.9144	0.032441167	0	329.3409237	329.3409237	270.3848551	-1	0
0.099811876	0.9144	0.032441167	0	329.3410171	329.3410171	270.384855	-1	0
0.09797663	0.9144	0.032436565	0	331.7289637	331.7289637	270.3819903	-1	0
0.09797656	0.9144	0.032436565	0	331.7290548	331.7290548	270.3819902	-1	0
0.096228732	0.9144	0.032427206	0	333.9458248	333.9458248	270.3792282	-1	0
0.096228665	0.9144	0.032427206	0	333.9459094	333.9459094	270.379228	-1	0
0.094564095	0.9144	0.032413768	0	336.0727271	336.0727271	270.3765546	-1	0
0.094564032	0.9144	0.032413768	0	336.0728082	336.0728082	270.3765545	-1	0
0.092978766	0.9144	0.032396742	0	338.206699	338.206699	270.373958	-1	0
0.092978706	0.9144	0.032396742	0	338.2067804	338.2067804	270.3739579	-1	0
0.091468978	0.9144	0.032376716	0	340.3655319	340.3655319	270.3714495	-1	0
0.09146892	0.9144	0.032376715	0	340.3656143	340.3656143	270.3714494	-1	0
0.090031133	0.9144	0.032353904	0	342.4862406	342.4862406	270.3690151	-1	0
0.090031078	0.9144	0.032353903	0	342.4863215	342.4863215	270.369015	-1	0
0.090031023	0.9144	0.032353902	0	342.4863914	342.4863914	270.369015	-1	0
0.088592273	0.9144	0.032327499	0	344.8170079	344.8170079	270.366351	-1	0
0.088592218	0.9144	0.032327498	0	344.8170925	344.8170925	270.3663509	-1	0
0.087153534	0.9144	0.03229739	0	347.0249327	347.0249327	270.3637847	-1	0
0.085714936	0.9144	0.032263557	0	348.7593859	348.7593859	270.3616106	-1	0
0.085714881	0.9144	0.032263556	0	348.7594707	348.7594707	270.3616105	-1	0
0.084276379	0.9144	0.032225835	0	350.7974111	350.7974111	270.3590602	-1	0
0.084276324	0.9144	0.032225834	0	350.7974888	350.7974888	270.3590601	-1	0
0.082837925	0.9144	0.032184392	0	353.0459043	353.0459043	270.3564612	-1	0
0.08283787	0.9144	0.032184391	0	353.0459901	353.0459901	270.3564611	-1	0
0.081399598	0.9144	0.032138889	0	355.3312083	355.3312083	270.3538303	-1	0
0.081399543	0.9144	0.032138887	0	355.3312955	355.3312955	270.3538302	-1	0
0.079961399	0.9144	0.03208931	0	357.5559489	357.5559489	270.3511769	-1	0
0.079961344	0.9144	0.032089308	0	357.5560337	357.5560337	270.3511768	-1	0
0.078523351	0.9144	0.032035553	0	359.8183376	359.8183376	270.3484953	-1	0
0.078523296	0.9144	0.032035551	0	359.8184239	359.8184239	270.3484952	-1	0
0.077085472	0.9144	0.031977559	0	362.1307577	362.1307577	270.345776	-1	0
0.077085417	0.9144	0.031977557	0	362.1308459	362.1308459	270.3457759	-1	0
0.075647769	0.9144	0.031915242	0	364.4959799	364.4959799	270.3430111	-1	0
0.075647714	0.9144	0.031915239	0	364.4960701	364.4960701	270.343011	-1	0
0.074210266	0.9144	0.031848516	0	366.9320428	366.9320428	270.3401961	-1	0
0.074210211	0.9144	0.031848513	0	366.9321358	366.9321358	270.3401959	-1	0
0.072772981	0.9144	0.031777272	0	369.4577759	369.4577759	270.3373296	-1	0
0.072772926	0.9144	0.031777269	0	369.4578723	369.4578723	270.3373295	-1	0
0.071335926	0.9144	0.031701408	0	372.0728611	372.0728611	270.3344127	-1	0
0.071335871	0.9144	0.031701405	0	372.0729608	372.0729608	270.3344126	-1	0
0.069899137	0.9144	0.03162079	0	374.7234945	374.7234945	270.3314472	-1	0
0.069899083	0.9144	0.031620787	0	374.7235956	374.7235956	270.3314471	-1	0
0.068462627	0.9144	0.031535306	0	377.4128173	377.4128173	270.3284364	-1	0
0.068462573	0.9144	0.031535303	0	377.4129199	377.4129199	270.3284363	-1	0
0.067026426	0.9144	0.03144482	0	380.1622046	380.1622046	270.3253833	-1	0
0.067026371	0.9144	0.031444816	0	380.1623096	380.1623096	270.3253832	-1	0
0.065590552	0.9144	0.031349195	0	382.9303043	382.9303043	270.322283	-1	0
0.065590497	0.9144	0.031349192	0	382.9304099	382.9304099	270.3222829	-1	0
0.064155041	0.9144	0.031248333	8.94755E-05	385.748065	385.748065	270.3227054	-3.81E-05	3.07286e-06
0.064154987	0.9144	0.031248329	8.94778E-05	385.7481725	385.7481725	270.3227054	-1.27E-05	3.07293e-06
0.062719918	0.9144	0.031142117	0.000138047	388.7144832	388.7144832	270.321407	0.333308	4.74434e-06
0.062719864	0.9144	0.031142113	0.00013805	388.7145964	388.7145964	270.321407	0.333333	4.74444e-06
0.061285207	0.9144	0.031030423	0.000109079	391.8345233	391.8345233	270.3168975	0.666654	3.77326e-06
0.061285152	0.9144	0.031030419	0.00010908	391.8346424	391.8346424	270.3168974	0.666679	3.77329e-06
0.059850956	0.9144	0.030912995	0.00014572	395.0399203	395.0399203	270.3149484	0.333359	5.04686e-06
0.059850901	0.9144	0.03091299	0.00014572	395.0400426	395.0400426	270.3149482	0.333346	5.04684e-06
0.058417189	0.9144	0.030789741	0.000139756	398.2554588	398.2554588	270.3112265	0.333346	4.87477e-06
0.058417134	0.9144	0.030789736	0.000139758	398.2555815	398.2555815	270.3112265	0.333346	4.87484e-06
0.056983961	0.9144	0.03066044	0.000230935	401.464891	401.464891	270.3112654	0.999987	8.07671e-06
0.056983907	0.9144	0.030660435	0.000230936	401.4650134	401.4650134	270.3112653	1	8.07676e-06
0.055551303	0.9144	0.030524913	0.000242866	404.7676489	404.7676489	270.3080987	1	8.53021e-06
0.055551248	0.9144	0.030524908	0.000242866	404.7677749	404.7677749	270.3080985	1	8.53023e-06
0.054119268	0.9144	0.030383026	0.000346828	408.1712096	408.1712096	270.3083191	1	1.22426e-05
0.054119214	0.9144	0.03038302	0.000346831	408.1713394	408.1713394	270.3083191	1	1.22427e-05
0.0526879	0.9144	0.030234516	0.00034683	411.6343895	411.6343895	270.3045372	1	1.22805e-05
0.052687845	0.9144	0.03023451	0.00034683	411.6345216	411.6345216	270.3045371	1	1.22805e-05
0.051257246	0.9144	0.030079259	0.00036984	415.2623807	415.2623807	270.3014281	1	1.3172e-05
0.051257191	0.9144	0.030079254	0.00036984	415.2625191	415.2625191	270.301428	1	1.3172e-05
0.049827376	0.9144	0.029916988	0.00045761	419.1224623	419.1224623	270.3006769	1	1.63625e-05
0.049827321	0.9144	0.029916981	0.000457613	419.1226096	419.1226096	270.3006769	1	1.63626e-05
0.048398351	0.9144	0.029747406	0.000873242	423.0831858	423.0831858	270.1452404	0.666679	1.35978e-05
0.048398296	0.9144	0.0297474	0.000873257	423.0833369	423.0833369	270.145235	0.666667	1.35977e-05
0.046970249	0.9144	0.029570216	0.001081283	426.9151473	426.9151473	270.1032613	0.500006	1.62062e-05
0.046970195	0.9144	0.029570209	0.001081292	426.9152935	426.9152935	270.1032592	0.5	1.62063e-05
0.045543144	0.9144	0.029385199	0.001264289	430.6904282	430.6904282	269.949957	0.166679	5.76915e-06
0.04554309	0.9144	0.029385192	0.001264296	430.6905722	430.6905722	269.9499509	0.166667	5.76872e-06
0.044117111	0.9144	0.029192075	0.001322026	434.6719504	434.6719504	269.8778244	6.35768e-06	1.97293e-10
0.044117056	0.9144	0.029192068	0.001322028	434.6721023	434.6721023	269.8778218	0	0
0.042692237	0.9144	0.028990571	0.001471579	438.9316071	438.9316071	269.8330917	0	0
0.042692183	0.9144	0.028990563	0.001471581	438.9317696	438.9317696	269.8330911	0	0
0.041268626	0.9144	0.028780328	0.001811472	443.5254257	443.5254257	269.7335875	0	0
0.041268572	0.9144	0.02878032	0.001811488	443.5256009	443.5256009	269.7335828	0	0
0.039846396	0.9144	0.02856095	0.002144459	448.402168	448.402168	269.6377693	0	0
0.039846341	0.9144	0.028560941	0.002144473	448.402354	448.402354	269.6377654	0	0
0.038425679	0.9144	0.02833197	0.002220844	453.1899148	453.1899148	269.6161378	0	0
0.038425625	0.9144	0.028331961	0.002220848	453.1900974	453.1900974	269.6161366	0	0
0.037006616	0.9144	0.028092944	0.002985166	457.8297045	457.8297045	269.4017249	0	0
0.037006562	0.9144	0.028092935	0.002985193	457.8298815	457.8298815	269.4017175	0	0
0.035589352	0.9144	0.027843498	0.003933223	462.786527	462.786527	269.1383477	0	0
0.035589298	0.9144	0.027843489	0.003933254	462.7867161	462.7867161	269.1383389	0	0
0.034174034	0.9144	0.027583213	0.004578177	468.3638247	468.3638247	268.9650799	0	0
0.03417398	0.9144	0.027583203	0.004578204	468.3640375	468.3640375	268.9650727	0	0
0.032760872	0.9144	0.027311482	0.005339006	474.517435	474.517435	268.7643432	0	0
0.032760818	0.9144	0.027311472	0.005339044	474.5176698	474.5176698	268.7643329	0	0
0.031350096	0.9144	0.02702761	0.006158914	480.9952567	480.9952567	268.5736104	0.00809812	2.23839e-06
0.031350043	0.9144	0.027027599	0.00615894	480.9955038	480.9955038	268.5736043	0.00809835	2.23845e-06
0.029941964	0.9144	0.026730911	0.007584554	487.4277197	487.4277197	268.442871	0.0880932	2.81095e-05
0.02994191	0.9144	0.026730899	0.00758461	487.4279651	487.4279651	268.442866	0.0880964	2.81106e-05
0.028536753	0.9144	0.026420668	0.0081272	493.8041121	493.8041121	268.4072166	0.12061	3.86178e-05
0.0285367	0.9144	0.026420656	0.008127226	493.8043553	493.8043553	268.4072157	0.120612	3.86184e-05
0.027134762	0.9144	0.026096185	0.009488891	500.5977871	500.5977871	268.4065102	0.180416	7.69673e-05
0.027134708	0.9144	0.026096172	0.009488939	500.5980463	500.5980463	268.4065101	0.180418	7.69687e-05
0.02573634	0.9144	0.025756653	0.012056441	508.1379366	508.1379366	268.414456	0.308614	0.000151477
0.025736286	0.9144	0.02575664	0.012056524	508.1382244	508.1382244	268.4144562	0.308618	0.000151479
0.024341933	0.9144	0.025400995	0.013934313	516.1477115	516.1477115	268.4146448	0.369896	0.000205288
0.02434188	0.9144	0.025400981	0.013934397	516.1480171	516.1480171	268.4146449	0.369898	0.00020529
0.022952089	0.9144	0.025027899	0.015983682	524.0318715	524.0318715	268.4136362	0.411187	0.000264629
0.022952036	0.9144	0.025027884	0.015983758	524.0321724	524.0321724	268.4136362	0.411189	0.000264631
0.021567382	0.9144	0.024636163	0.019525157	531.9874895	531.9874895	268.4174545	0.459944	0.000369846
0.021567329	0.9144	0.024636148	0.019525296	531.9877931	531.9877931	268.4174547	0.459946	0.00036985
0.020188458	0.9144	0.024224538	0.023580037	541.133576	541.133576	268.4210959	0.509447	0.00049138
0.020188406	0.9144	0.024224522	0.023580182	541.1339247	541.1339247	268.421096	0.509448	0.000491384
0.018816059	0.9144	0.023791651	0.027017232	551.930429	551.930429	268.4176583	0.533727	0.000592979
0.018816007	0.9144	0.023791635	0.027017369	551.9308404	551.9308404	268.4176582	0.533728	0.000592983
0.017451272	0.9144	0.023335342	0.033047956	563.274314	563.274314	268.4184034	0.562107	0.000773415
0.017451219	0.9144	0.023335325	0.033048182	563.2747464	563.2747464	268.4184034	0.562108	0.000773422
0.016095327	0.9144	0.022853385	0.038857339	574.0832186	574.0832186	268.4174031	0.585095	0.000947643
0.016095275	0.9144	0.022853367	0.03885756	574.0836319	574.0836319	268.4174031	0.585096	0.000947649
0.014749673	0.9144	0.022343402	0.046301111	585.1859974	585.1859974	268.4153149	0.601879	0.00117177
0.014749622	0.9144	0.022343382	0.046301384	585.1864218	585.1864218	268.4153148	0.601879	0.00117178
0.013415849	0.9144	0.021803236	0.055690058	598.3006267	598.3006267	268.4125608	0.617387	0.00145378
0.013415798	0.9144	0.021803216	0.055690421	598.3011272	598.3011272	268.4125607	0.617387	0.00145379
0.012096269	0.9144	0.021229149	0.067387911	613.688169	613.688169	268.4081205	0.629186	0.00180338
0.012096218	0.9144	0.021229128	0.06738834	613.6887547	613.6887547	268.4081203	0.629186	0.00180339
0.010793955	0.9144	0.020616903	0.079332609	630.7187381	630.7187381	268.4021134	0.63553	0.0021551
0.010793905	0.9144	0.02061688	0.079333082	630.7193876	630.7193876	268.4021131	0.63553	0.00215511
0.009512486	0.9144	0.019962148	0.095969107	650.0795009	650.0795009	268.3987083	0.641686	0.00263989
0.009512437	0.9144	0.019962123	0.095969746	650.080241	650.080241	268.3987082	0.641687	0.0026399
0.008256122	0.9144	0.019260426	0.115812606	670.2704225	670.2704225	268.397947	0.646192	0.00320864
0.008256074	0.9144	0.019260399	0.115813366	670.2711929	670.2711929	268.397947	0.646192	0.00320866
0.007086195	0.9144	0.018539504	0.140222222	685.6716738	685.6716738	268.4070398	0.65301	0.0038836
0.00708615	0.9144	0.018539477	0.14022316	685.6722616	685.6722616	268.4070401	0.65301	0.00388363
0.006029007	0.914399999	0.017817184	0.169419052	696.4575521	696.4575521	268.4579381	0.676832	0.00431971
0.006028967	0.914399999	0.017817157	0.169420149	696.4579604	696.4579604	268.45794	0.676833	0.00431973
0.005073985	0.9144	0.017091958	0.204539772	709.4242305	709.4242305	268.5507865	0.712699	0.00449535
0.005073948	0.9144	0.01709193	0.204541109	709.4247234	709.4247234	268.55079	0.7127	0.00449536
0.004234838	0.914400001	0.016379446	0.23721383	725.4050111	725.4050111	268.651093	0.740243	0.00454628
0.004234805	0.914400001	0.016379419	0.237215066	725.4056262	725.4056262	268.6510968	0.740244	0.00454628
0.00349681	0.9144	0.015673774	0.273112914	739.5928746	739.5928746	268.7766199	0.765016	0.00453051
0.003496782	0.9144	0.015673747	0.273114359	739.5934178	739.5934178	268.7766248	0.765017	0.00453051
0.002843562	0.9144	0.014965108	0.314521411	750.8704857	750.8704857	268.9378643	0.789854	0.00445685
0.002843537	0.9144	0.014965081	0.314523019	750.8709175	750.8709175	268.9378706	0.789855	0.00445685
0.002275158	0.914399999	0.014259408	0.360299894	762.3107571	762.3107571	269.1348535	0.81203	0.00430542
0.002275136	0.914399999	0.014259381	0.360301593	762.3111913	762.3111913	269.1348609	0.812031	0.00430542
0.001785947	0.9144	0.013555351	0.410736811	774.0638546	774.0638546	269.3477993	0.858535	0.00420357
0.001785928	0.9144	0.013555324	0.41073878	774.0643042	774.0643042	269.3478076	0.858537	0.00420357
0.001373996	0.914400001	0.012854914	0.467360821	779.3529872	779.3529872	269.5462703	0.973833	0.00433292
0.00137398	0.914400001	0.012854887	0.467362907	779.3531903	779.3531903	269.5462777	0.973837	0.00433292
0.001035639	0.9144	0.0121579	0.508170004	768.7981917	768.7981917	269.8639293	0.999999	0.00395591
0.001035626	0.9144	0.012157874	0.508171688	768.7977906	768.7977906	269.8639417	1	0.0039559
0.000762964	0.9144	0.011452971	0.554479575	739.1347153	739.1347153	270.3554095	1	0.00341091
0.000762954	0.9144	0.011452944	0.554481211	739.1335857	739.1335857	270.3554278	1	0.00341089
0.000552772	0.914400001	0.01073634	0.607281257	696.6682437	696.6682437	271.0394582	1	0.00284694
0.000552772	0.914400001	0.01073634	0.607281271	696.6682332	696.6682332	271.0394584	1	0.00284694
0.000406718	0.9144	0.010017233	0.641663071	654.4462432	654.4462432	271.7530885	1	0.0023621
0.000406718	0.9144	0.010017232	0.641663077	654.4462341	654.4462341	271.7530887	1	0.0023621
0.000324829	0.9144	0.009302052	0.669453727	585.0087538	585.0087538	272.8530212	0.769744	0.00138902
0.000324826	0.9144	0.009302025	0.66945466	585.0066553	585.0066553	272.853058	0.769736	0.00138899
0.000324825	0.9144	0.009301997	0.66945538	585.0039221	585.0039221	272.853061	0.769726	0.00138897
0.000306439	0.9144	0.008578844	0.696457111	495.8725615	495.8725615	273.15	0.444072	0.000546467
0.000351713	0.9144	0.007842461	0.705107304	417.8337744	417.8337744	273.15	0.32884	0.000286779
0.000351713	0.9144	0.007842461	0.705107304	417.8337741	417.8337741	273.15	0.32884	0.000286779
0.000368386	0.9144	0.007729639	0.706227774	404.1157935	404.1157935	273.15	0.316342	0.000262579
0.000461379	0.9144	0.007100368	0.712477238	327.6032393	327.6032393	273.15	0.246638	0.000127599
0.000529943	0.9144	0.006808643	0.712351014	293.8291032	293.8291032	273.15	0.225535	9.56301e-05
0.000635132	0.9144	0.006361093	0.712157367	242.0143823	242.0143823	273.15	0.193159	4.65846e-05
0.00087491	0.9144	0.005622697	0.69496261	163.3722765	163.3722765	273.15	0.155288	8.79721e-06
0.00087491	0.9144	0.005622697	0.69496261	163.3722763	163.3722763	273.15	0.155288	8.79721e-06
0.000940802	0.9144	0.005464063	0.691702803	148.4485991	148.4485991	273.15	0.148808	6.94368e-06
0.001187646	0.9144	0.00486979	0.679490954	92.54171456	92.54171456	273.15	0.124531	0
0.001187646	0.9144	0.00486979	0.679490954	92.5417142	92.5417142	273.15	0.124531	0
0.00118772	0.9144	0.004869644	0.67948729	92.53221784	92.53221784	273.15	0.124527	0
0.001577214	0.9144	0.004101576	0.660187835	42.50903151	42.50903151	273.15	0.102907	0
0.001577229	0.9144	0.004101547	0.660187168	42.50712439	42.50712439	273.15	0.102906	0
0.002048011	0.9144	0.003317084	0.631243652	38.17212149	38.17212149	273.15	0.10273	0
0.002048029	0.9144	0.003317054	0.631242553	38.17195614	38.17195614	273.15	0.10273	0
0.00204805	0.9144	0.003317024	0.631241712	38.17319837	38.17319837	273.15	0.10273	0
0.002600302	0.9144	0.002522365	0.613730479	70.74906515	70.74906515	273.15	0.11985	0
0.002600326	0.9144	0.002522334	0.613729205	70.75045791	70.75045791	273.15	0.119851	4.17541e-11
0.00323924	0.9144	0.001716685	0.579081524	107.3302264	107.3302264	273.15	0.143262	1.09197e-06
0.003976992	0.9144	0.000891653	0.534989663	136.7828277	136.7828277	273.15	0.167551	1.43807e-05
0.00397702	0.9144	0.000891621	0.534988189	136.78395	136.78395	273.15	0.167552	1.43812e-05
0.003977053	0.9144	0.000891589	0.534987126	136.7847482	136.7847482	273.15	0.167552	1.4382e-05
0.004832085	0.9144	3.40596E-05	0.507872109	160.4272596	160.4272596	273.15	0.190853	4.16022e-05
0.004832085	0.9144	3.40596E-05	0.507872109	160.4272597	160.4272597	273.15	0.190853	4.16022e-05
0.0057918	0.9144	-0.00083605	0.472926445	178.3490909	178.3490909	273.15	0.217952	7.86326e-05
0.006861847	0.9144	-0.001717655	0.434035999	189.386432	189.386432	273.15	0.2475	0.000125243
0.006861847	0.9144	-0.001717655	0.434035998	189.3864322	189.3864322	273.15	0.2475	0.000125243
0.008016136	0.9144	-0.002588783	0.404767456	194.7017718	194.7017718	273.15	0.274452	0.000178487
0.008016136	0.9144	-0.002588783	0.404767455	194.7017721	194.7017721	273.15	0.274452	0.000178487
0.009201801	0.9144	-0.0034167	0.377666563	197.8521678	197.8521678	273.15	0.30476	0.000240937
0.009201801	0.9144	-0.0034167	0.377666562	197.8521678	197.8521678	273.15	0.30476	0.000240937
0.009254117	0.9144	-0.003450743	0.376468962	197.9693976	197.9693976	273.15	0.306355	0.000244108
0.010413886	0.9144	-0.004205431	0.349920111	200.5681932	200.5681932	273.15	0.341725	0.000314396
0.010413886	0.9144	-0.004205431	0.34992011	200.5681934	200.5681934	273.15	0.341725	0.000314396
0.010416761	0.9144	-0.004207185	0.349867235	200.5738887	200.5738887	273.15	0.341818	0.000314586
0.011648305	0.9144	-0.004958623	0.32721296	203.0140311	203.0140311	273.15	0.381541	0.000396149
0.011648353	0.9144	-0.004958651	0.327212289	203.014111	203.014111	273.15	0.381543	0.000396152
0.012894996	0.914399999	-0.005676528	0.307674905	206.0839083	206.0839083	273.15	0.430273	0.000493979
0.01290154	0.914399999	-0.005680296	0.307572355	206.1000214	206.1000214	273.15	0.430529	0.000494492
0.013865699	0.9144	-0.006206933	0.290997783	209.2094147	209.2094147	273.15	0.480501	0.000588844
0.014170672	0.9144	-0.006373514	0.285755068	210.192949	210.192949	273.15	0.496308	0.000618688
0.014170672	0.9144	-0.006373514	0.285755067	210.1929493	210.1929493	273.15	0.496308	0.000618688
0.015453791	0.9144	-0.007040488	0.266949635	214.2347535	214.2347535	273.15	0.578097	0.000772554
0.016749218	0.914400001	-0.007683105	0.248005306	217.5911663	217.5911663	273.15	0.683592	0.00096758
0.016749268	0.914400001	-0.007683129	0.248004531	217.5913127	217.5913127	273.15	0.683597	0.000967588
0.018055449	0.9144	-0.008303724	0.231829306	220.9943029	220.9943029	273.0832297	0.815152	0.00120871
0.018055449	0.9144	-0.008303724	0.231829303	220.9943034	220.9943034	273.0832297	0.815152	0.00120871
0.019371063	0.914400002	-0.008904065	0.220087049	225.0654219	225.0654219	272.7360592	0.952743	0.00147192
0.019371064	0.914400002	-0.008904065	0.220087041	225.0654242	225.0654242	272.736059	0.952743	0.00147192
0.019371064	0.914400002	-0.008904066	0.220087035	225.0654271	225.0654271	272.7360587	0.952743	0.00147192
0.020695126	0.914400001	-0.009485536	0.210415048	229.254474	229.254474	272.3263023	0.995971	0.00162694
0.022026898	0.914400001	-0.010049123	0.201703234	232.8376091	232.8376091	272.0597703	1	0.00170256
0.022026899	0.914400001	-0.010049123	0.201703229	232.8376109	232.8376109	272.0597701	1	0.00170256
0.023365563	0.914400001	-0.010596137	0.189203148	235.8412433	235.8412433	271.7820672	1	0.00176053
0.023365563	0.914400001	-0.010596137	0.189203145	235.8412442	235.8412442	271.7820671	1	0.00176053
0.02471045	0.914400002	-0.01112767	0.178889043	238.7351582	238.7351582	271.5497928	1	0.0018144
0.024710451	0.914400002	-0.011127671	0.178889038	238.73516	238.73516	271.5497926	1	0.0018144
0.025974201	0.9144	-0.011611604	0.173567548	241.5881927	241.5881927	271.4025052	1	0.001862
0.026060933	0.9144	-0.011644817	0.173202327	241.784	241.784	271.3923966	1	0.00186526
0.026340148	0.9144	-0.011748507	0.17116424	242.3686426	242.3686426	271.351277	1	0.00187417
0.027416589	0.9144	-0.012148255	0.163306902	244.6225874	244.6225874	271.1927502	1	0.0019085
0.028776964	0.914400002	-0.012638632	0.156496549	246.8923299	246.8923299	271.0439092	1	0.00195392
0.028777016	0.914400002	-0.012638651	0.156496252	246.8924195	246.8924195	271.0439032	1	0.00195393
0.028777069	0.914400002	-0.012638669	0.156495907	246.8924884	246.8924884	271.0438988	1	0.00195392
0.030141841	0.9144	-0.013116673	0.149263198	248.7011613	248.7011613	270.9413818	1	0.00193259
0.031510657	0.914400001	-0.013582962	0.141481745	250.17047	250.17047	270.852415	1	0.00188542
0.03151071	0.914400001	-0.01358298	0.141481525	250.1705342	250.1705342	270.8524119	1	0.00188541
0.032883282	0.9144	-0.014038281	0.135690731	251.4969481	251.4969481	270.7866649	1	0.0018408
0.032883282	0.9144	-0.014038281	0.13569073	251.4969482	251.4969482	270.7866649	1	0.0018408
0.034259303	0.914400001	-0.014483044	0.128022436	252.8671854	252.8671854	270.714945	1	0.00176682
0.034259304	0.914400001	-0.014483044	0.128022434	252.8671858	252.8671858	270.7149449	1	0.00176682
0.035638495	0.914399998	-0.014917694	0.1241788	254.2603203	254.2603203	270.6631238	1	0.0017411
0.035638547	0.914399998	-0.014917711	0.124178646	254.2603726	254.2603726	270.6631218	1	0.0017411
0.037007526	0.914399999	-0.015338583	0.118084182	255.6215614	255.6215614	270.6015736	1	0.00167956
0.037020814	0.914399999	-0.015342668	0.118025025	255.6347741	255.6347741	270.6009762	1	0.00167896
0.037020815	0.914399999	-0.015342668	0.118025023	255.6347746	255.6347746	270.6009761	1	0.00167896
0.037034102	0.914399999	-0.015346655	0.117970581	255.6473251	255.6473251	270.6004274	1	0.0016784
0.038405867	0.914399999	-0.015758258	0.112350091	256.9430203	256.9430203	270.543779	1	0.0016209
0.038405919	0.914399999	-0.015758274	0.112349895	256.9430695	256.9430695	270.5437769	1	0.0016209
0.039793603	0.9144	-0.016165003	0.108816505	258.103461	258.103461	270.4993751	1	0.00159041
0.039793656	0.9144	-0.016165018	0.108816341	258.1035055	258.1035055	270.4993733	1	0.0015904
0.039793709	0.9144	-0.016165034	0.108816186	258.1035447	258.1035447	270.4993715	1	0.0015904
0.041183851	0.9144	-0.016563273	0.105120515	259.1287774	259.1287774	270.456056	1	0.0015556
0.042576305	0.914400001	-0.01695335	0.102081485	260.0456902	260.0456902	270.4180904	1	0.00152841
0.042576359	0.914400001	-0.016953365	0.102081364	260.0457255	260.0457255	270.418089	1	0.00152841
0.043971002	0.914400002	-0.01733554	0.097124718	260.7790717	260.7790717	270.370587	1	0.00147019
0.043971056	0.914400002	-0.017335555	0.097124532	260.7791002	260.7791002	270.3705852	1	0.00147019
0.045367771	0.914400001	-0.017710086	0.091533201	261.2886564	261.2886564	270.3212361	1	0.00139991
0.045367825	0.914400001	-0.0177101	0.091532996	261.288676	261.288676	270.3212343	1	0.00139991
0.045367879	0.914400001	-0.017710114	0.09153285	261.2886877	261.2886877	270.3212329	1	0.00139991
0.046766565	0.9144	-0.018077217	0.088916423	261.6333807	261.6333807	270.2913961	1	0.00137331
0.046766618	0.9144	-0.018077231	0.08891635	261.6333931	261.6333931	270.2913951	1	0.00137331
0.048167157	0.9144	-0.018437206	0.085843368	261.9209595	261.9209595	270.2583923	1	0.00133765
0.049569441	0.9144	-0.018790317	0.079616855	262.1879781	262.1879781	270.2057237	1	0.00125145
0.049569494	0.9144	-0.01879033	0.079616594	262.1879896	262.1879896	270.2057214	1	0.00125145
0.050973422	0.9144	-0.019136858	0.077797761	262.4173984	262.4173984	270.1822452	1	0.00123329
0.050973475	0.9144	-0.019136871	0.077797707	262.4174059	262.4174059	270.1822445	1	0.00123329
0.052378986	0.9144	-0.019476905	0.076199761	262.6024777	262.6024777	270.1610303	1	0.00121721
0.05237904	0.9144	-0.019476918	0.076199698	262.6024848	262.6024848	270.1610295	1	0.00121721
0.053786047	0.9144	-0.019810721	0.072170703	262.7522424	262.7522424	270.1229534	1	0.00116157
0.0537861	0.9144	-0.019810734	0.072170555	262.7522475	262.7522475	270.122952	1	0.00116156
0.053786154	0.9144	-0.019810746	0.072170497	262.7522522	262.7522522	270.1229512	1	0.00116156
0.055194596	0.914399999	-0.020138434	0.070725895	262.8588189	262.8588189	270.1035737	1	0.00114663
0.056581935	0.914399998	-0.020455076	0.06687239	262.9249653	262.9249653	270.0639345	1	0.00109103
0.056604454	0.914399998	-0.020460216	0.066809841	262.926039	262.926039	270.0632911	1	0.00109013
0.056626912	0.914399998	-0.020465245	0.066767827	262.9267444	262.9267444	270.0631368	0.999625	0.00108914
0.058015615	0.9144	-0.02077626	0.064169884	262.970364	262.970364	270.0535932	0.976426	0.00102833
0.059427962	0.9144	-0.021086693	0.062641722	262.9926546	262.9926546	270.0952577	0.878538	0.000911797
0.059428016	0.9144	-0.021086705	0.062641674	262.9926554	262.9926554	270.0952594	0.878534	0.000911793
0.060840577	0.9144	-0.021391542	0.058829928	263.0109427	263.0109427	270.0711692	0.851756	0.000833124
0.060841587	0.9144	-0.02139176	0.058827204	263.0109558	263.0109558	270.071152	0.851737	0.000833068
0.060841587	0.9144	-0.02139176	0.058827204	263.0109558	263.0109558	270.071152	0.851737	0.000833068
0.0608426	0.9144	-0.021391975	0.058826503	263.0109721	263.0109721	270.071141	0.851736	0.00083306
0.062256236	0.9144	-0.021691536	0.057849273	263.0336973	263.0336973	270.0558797	0.850479	0.000822664
0.06225629	0.9144	-0.021691548	0.057849223	263.0336982	263.0336982	270.055879	0.850479	0.000822663
0.063672023	0.9144	-0.021986153	0.055136889	263.0271134	263.0271134	270.0242317	0.847533	0.000785586
0.063672076	0.9144	-0.021986164	0.055136786	263.0271132	263.0271132	270.0242305	0.847533	0.000785585
0.065088851	0.9144	-0.022275711	0.055400919	262.9637543	262.9637543	270.0224817	0.847666	0.000793516
0.065088905	0.9144	-0.022275722	0.055400926	262.9637519	262.9637519	270.0224816	0.847666	0.000793516
0.066506672	0.9144	-0.022560355	0.051292422	262.8697817	262.8697817	269.9755663	0.842599	0.000734067
0.066506727	0.9144	-0.022560366	0.051292272	262.8697781	262.8697781	269.9755645	0.842599	0.000734065
0.067925451	0.9144	-0.022840203	0.048955177	262.7627571	262.7627571	269.9467145	0.839428	0.000701354
0.067925505	0.9144	-0.022840213	0.048955073	262.762753	262.762753	269.9467132	0.839428	0.000701352
0.069345144	0.9144	-0.023115375	0.046301331	262.637873	262.637873	269.9144153	0.835705	0.000663257
0.069345198	0.9144	-0.023115386	0.046301246	262.6378683	262.6378683	269.9144143	0.835704	0.000663256
0.070765715	0.9144	-0.023385985	0.046517182	262.4950989	262.4950989	269.9136387	0.835909	0.000669448
0.070765769	0.9144	-0.023385995	0.046517168	262.4950943	262.4950943	269.9136384	0.835909	0.000669448
0.070765823	0.9144	-0.023386006	0.04651718	262.4950876	262.4950876	269.9136384	0.835909	0.000669448
0.072187182	0.9144	-0.023652145	0.045303956	262.3412374	262.3412374	269.895772	0.833504	0.000653071
0.073609352	0.9144	-0.023913925	0.04254518	262.1744551	262.1744551	269.8595667	0.82828	0.000612304
0.073609406	0.9144	-0.023913935	0.042545042	262.1744488	262.1744488	269.8595649	0.82828	0.000612302
0.07360946	0.9144	-0.023913945	0.042544894	262.1744407	262.1744407	269.8595632	0.828279	0.0006123
0.075032405	0.9144	-0.024171452	0.040576845	261.9687737	261.9687737	269.8351426	0.825308	0.000583605
0.076456107	0.9144	-0.024424767	0.039191383	261.7275957	261.7275957	269.8156418	0.822408	0.000563837
0.076456162	0.9144	-0.024424776	0.039191387	261.7275853	261.7275853	269.8156418	0.822408	0.000563837
0.077880584	0.9144	-0.024673987	0.038946418	261.4782662	261.4782662	269.810387	0.821746	0.000561892
0.077880639	0.9144	-0.024673997	0.038946408	261.4782579	261.4782579	269.8103868	0.821746	0.000561892
0.079305764	0.9144	-0.024919185	0.037350195	261.2035288	261.2035288	269.7883306	0.818248	0.000538309
0.079305818	0.9144	-0.024919194	0.037350145	261.2035183	261.2035183	269.78833	0.818248	0.000538308
0.080731615	0.9144	-0.025160418	0.036481854	260.8952788	260.8952788	269.7753726	0.816167	0.000526262
0.08073167	0.9144	-0.025160427	0.036481825	260.8952659	260.8952659	269.7753721	0.816167	0.000526261
0.082158109	0.9144	-0.025397818	0.035131872	260.5742739	260.5742739	269.7545682	0.811905	0.000506195
0.082158163	0.9144	-0.025397827	0.035131793	260.5742612	260.5742612	269.7545671	0.811904	0.000506194
0.083585232	0.9144	-0.02563143	0.03211948	260.2532828	260.2532828	269.7132755	0.804388	0.000459363
0.083585287	0.9144	-0.025631439	0.032119369	260.2532722	260.2532722	269.7132739	0.804388	0.000459361
0.085012949	0.9144	-0.025861373	0.030902543	259.8904727	259.8904727	269.6944394	0.800286	0.000441097
0.085013004	0.9144	-0.025861382	0.030902509	259.8904589	259.8904589	269.6944388	0.800286	0.000441096
0.085013058	0.9144	-0.02586139	0.030902498	259.8904391	259.8904391	269.6944386	0.800286	0.000441096
0.086441308	0.9144	-0.026087664	0.030332531	259.3720602	259.3720602	269.68519	0.798124	0.000433248
0.087870121	0.9144	-0.026310286	0.029874348	258.8250942	258.8250942	269.6784852	0.796959	0.000427067
0.087870176	0.9144	-0.026310294	0.029874296	258.8250718	258.8250718	269.6784844	0.796959	0.000427066
0.089371002	0.9144	-0.026540374	0.028546538	258.4429622	258.4429622	269.6578628	0.792196	0.000406706
0.089371059	0.9144	-0.026540383	0.028546505	258.4429476	258.4429476	269.6578622	0.792196	0.000406706
0.089371119	0.9144	-0.026540392	0.028546484	258.4429344	258.4429344	269.6578619	0.792196	0.000406705
0.090947616	0.9144	-0.02677785	0.027440256	258.0563321	258.0563321	269.6401627	0.78792	0.000389808
0.090947679	0.9144	-0.026777859	0.027440201	258.0563117	258.0563117	269.6401618	0.78792	0.000389807
0.092603662	0.9144	-0.027022754	0.026080004	257.5231459	257.5231459	269.6180374	0.781744	0.000368715
0.094343139	0.9144	-0.027275142	0.025079729	256.9805369	256.9805369	269.6012729	0.776749	0.000353396
0.094343206	0.9144	-0.027275152	0.025079678	256.9805163	256.9805163	269.601272	0.776749	0.000353395
0.094343275	0.9144	-0.027275162	0.025079626	256.9804983	256.9804983	269.6012712	0.776749	0.000353394
0.096170456	0.9144	-0.027535083	0.024083751	256.5099047	256.5099047	269.5845807	0.772023	0.000338091
0.098089779	0.9144	-0.02780245	0.023106085	255.9783121	255.9783121	269.5672619	0.765999	0.000322939
0.098089852	0.9144	-0.027802461	0.023106061	255.9782919	255.9782919	269.5672614	0.765999	0.000322939
0.098089929	0.9144	-0.027802471	0.023105989	255.978268	255.978268	269.5672602	0.765998	0.000322938
0.10010605	0.9144	-0.028077123	0.021134881	255.3534987	255.3534987	269.5330241	0.753846	0.000291367
0.100106131	0.9144	-0.028077134	0.021134877	255.3534755	255.3534755	269.533024	0.753846	0.000291367
0.10222392	0.9144	-0.028359182	0.020916443	254.7457174	254.7457174	269.5290093	0.752514	0.00028867
0.102224005	0.9144	-0.028359193	0.020916389	254.7456966	254.7456966	269.5290083	0.752513	0.000288669
0.104448603	0.9144	-0.028648342	0.019781659	254.108953	254.108953	269.5073323	0.742032	0.000270638
0.104448692	0.9144	-0.028648353	0.019781584	254.1089268	254.1089268	269.5073309	0.742032	0.000270637
0.106785476	0.9144	-0.028944433	0.017968505	253.4509726	253.4509726	269.4741268	0.728053	0.000241276
0.106785569	0.9144	-0.028944445	0.017968475	253.450946	253.450946	269.4741263	0.728052	0.000241275
0.109240207	0.9144	-0.029247331	0.016936694	252.8177931	252.8177931	269.4541181	0.717878	0.000224754
0.109240305	0.9144	-0.029247342	0.016936671	252.8177686	252.8177686	269.4541177	0.717878	0.000224753
0.111818708	0.9144	-0.029556781	0.016010196	252.0511369	252.0511369	269.4361172	0.707839	0.000209953
0.111818805	0.9144	-0.029556792	0.01601014	252.0510961	252.0510961	269.436116	0.707838	0.000209952
0.114375637	0.9144	-0.029855021	0.014903466	251.1028545	251.1028545	269.4142195	0.693514	0.000192042
0.116933414	0.9144	-0.030145003	0.013999721	250.1423639	250.1423639	269.3963343	0.68097	0.000177462
0.116933512	0.9144	-0.030145014	0.013999683	250.1423224	250.1423224	269.3963336	0.680969	0.000177461
0.119492197	0.9144	-0.030426957	0.013203447	249.2442396	249.2442396	269.379771	0.666398	0.000164548
0.119492295	0.9144	-0.030426967	0.013203424	249.2442102	249.2442102	269.3797705	0.666397	0.000164548
0.119492392	0.9144	-0.030426978	0.013203381	249.2441771	249.2441771	269.3797696	0.666397	0.000164547
0.122051925	0.9144	-0.030701084	0.012100285	248.3763174	248.3763174	269.3565264	0.646343	0.000146383
0.122052023	0.9144	-0.030701095	0.01210026	248.3762855	248.3762855	269.3565258	0.646342	0.000146383
0.124612355	0.9144	-0.030967599	0.011403341	247.5412717	247.5412717	269.3416895	0.631475	0.000135002
0.124612453	0.9144	-0.030967609	0.011403313	247.5412416	247.5412416	269.3416889	0.631475	0.000135002
0.127173548	0.9144	-0.031226676	0.010835171	246.7533027	246.7533027	269.32928	0.616497	0.000125737
0.12973537	0.9144	-0.031478474	0.009631674	245.9686494	245.9686494	269.3013902	0.577447	0.000105599
0.129735468	0.9144	-0.031478484	0.009631635	245.9686195	245.9686195	269.3013893	0.577446	0.000105598
0.13229798	0.9144	-0.031723091	0.009069092	245.1339464	245.1339464	269.2893137	0.564049	9.63471e-05
0.132298078	0.9144	-0.0317231	0.009069071	245.1339145	245.1339145	269.2893133	0.564048	9.63468e-05
0.132298176	0.9144	-0.031723109	0.009069049	245.1338821	245.1338821	269.2893128	0.564047	9.63464e-05
0.134861354	0.9144	-0.031960752	0.008653859	244.2832676	244.2832676	269.2801394	0.547793	8.95588e-05
0.134861452	0.9144	-0.031960761	0.008653832	244.2832403	244.2832403	269.2801387	0.547792	8.95584e-05
0.137425236	0.9144	-0.032191637	0.007969663	243.4636372	243.4636372	269.2640716	0.517392	7.81382e-05
0.137425334	0.9144	-0.032191645	0.007969642	243.4636038	243.4636038	269.2640711	0.517391	7.81379e-05
0.139989711	0.9144	-0.032415939	0.007161618	242.6910825	242.6910825	269.2442194	0.470324	6.45446e-05
0.142554646	0.9144	-0.032633789	0.006616842	241.9158588	241.9158588	269.2311832	0.438848	5.54403e-05
0.142554743	0.9144	-0.032633797	0.006616813	241.9158252	241.9158252	269.2311825	0.438846	5.54398e-05
0.145120211	0.9144	-0.032845198	0.006345195	241.0475247	241.0475247	269.2253069	0.421284	5.10181e-05
0.145120309	0.9144	-0.032845206	0.006345189	241.0474955	241.0474955	269.2253068	0.421283	5.1018e-05
0.145120407	0.9144	-0.032845214	0.006345178	241.047461	241.047461	269.2253066	0.421282	5.10178e-05
0.147686383	0.9144	-0.033050396	0.006066521	240.1414236	240.1414236	269.2190097	0.392514	4.64606e-05
0.147686481	0.9144	-0.033050404	0.006066489	240.1413921	240.1413921	269.2190089	0.392511	4.646e-05
0.150252929	0.9144	-0.033249554	0.005246356	239.3171794	239.3171794	269.1978892	0.309867	3.25635e-05
0.152819826	0.9144	-0.033442825	0.004971659	238.5052037	238.5052037	269.1917301	0.292716	2.80334e-05
0.152819923	0.9144	-0.033442832	0.004971645	238.5051727	238.5051727	269.1917298	0.292715	2.80332e-05
0.152820021	0.9144	-0.033442839	0.00497164	238.5051383	238.5051383	269.1917297	0.292714	2.80331e-05
0.155387366	0.9144	-0.033630154	0.004708811	237.6033156	237.6033156	269.1858404	0.264219	2.37158e-05
0.155387464	0.9144	-0.033630161	0.004708796	237.6032825	237.6032825	269.18584	0.264217	2.37155e-05
0.157955208	0.9144	-0.033811823	0.00432057	236.7366706	236.7366706	269.1839802	0.195107	1.7497e-05
0.16052334	0.9144	-0.033987968	0.003829227	235.9295149	235.9295149	269.1793806	0.108608	9.4887e-06
0.160523438	0.9144	-0.033987975	0.003829208	235.9294885	235.9294885	269.1793813	0.108605	9.48842e-06
0.160523536	0.9144	-0.033987982	0.003829196	235.9294508	235.9294508	269.1793806	0.108603	9.48821e-06
0.163092044	0.9144	-0.034158544	0.00359706	235.0557082	235.0557082	269.1629551	0.0727991	5.27853e-06
0.165660902	0.9144	-0.034323762	0.003452991	234.2069044	234.2069044	269.2003451	0.0609559	4.38232e-06
0.165661	0.9144	-0.034323768	0.003452981	234.2068677	234.2068677	269.2003468	0.0609546	4.38222e-06
0.165661098	0.9144	-0.034323774	0.003452958	234.2068387	234.2068387	269.2003549	0.0609534	4.38214e-06
0.168230284	0.9144	-0.03448383	0.002740114	233.4159584	233.4159584	269.4072495	0.0024516	1.55348e-07
0.170799796	0.9144	-0.034638605	0.002524454	232.5822754	232.5822754	269.499769	8.01594e-08	5.07938e-12
0.170799894	0.9144	-0.034638611	0.002524451	232.5822422	232.5822422	269.4997702	0	0
0.170799992	0.9144	-0.034638616	0.002524447	232.5822156	232.5822156	269.4997716	0	0
0.173369796	0.9144	-0.034788405	0.0025295	231.7702993	231.7702993	269.4947934	0	0
0.173369894	0.9144	-0.03478841	0.002529494	231.770269	231.770269	269.4947962	0	0
0.175939975	0.9144	-0.034933272	0.002248024	230.9766914	230.9766914	269.62367	0	0
0.178510336	0.9144	-0.035073175	0.002185277	230.1467534	230.1467534	269.6505114	0	0
0.178510434	0.9144	-0.03507318	0.002185271	230.1467217	230.1467217	269.6505142	0	0
0.178510532	0.9144	-0.035073185	0.002185263	230.146691	230.146691	269.6505177	0	0
0.181081147	0.9144	-0.035208422	0.002045957	229.3415494	229.3415494	269.7137762	0	0
0.181081245	0.9144	-0.035208427	0.002045949	229.3415192	229.3415192	269.71378	0	0
0.183652102	0.9144	-0.035338904	0.001698686	228.5505727	228.5505727	269.8751377	0	0
0.186223177	0.9144	-0.035464839	0.0014267	227.7657024	227.7657024	270.0018952	0	0
0.186223275	0.9144	-0.035464844	0.001426687	227.7656725	227.7656725	270.0019014	0	0
0.186223373	0.9144	-0.035464849	0.001426684	227.765643	227.765643	270.0019029	0	0
0.188794678	0.9144	-0.035586285	0.00140904	226.9913924	226.9913924	270.00867	0	0
0.191366189	0.9144	-0.035703255	0.001439197	226.2250828	226.2250828	269.9930099	0	0
0.191366287	0.9144	-0.035703259	0.001439202	226.2250536	226.2250536	269.9930077	0	0
0.191366385	0.9144	-0.035703263	0.001439195	226.2250245	226.2250245	269.9930107	0	0
0.193938077	0.9144	-0.035815973	0.001254145	225.4626567	225.4626567	270.0797243	0	0
0.193938176	0.9144	-0.035815977	0.00125413	225.4626274	225.4626274	270.0797314	0	0
0.196510062	0.9144	-0.035924306	0.000907004	224.6938816	224.6938816	270.2440166	0	0
0.199082118	0.9144	-0.036028581	0.00081674	223.9334905	223.9334905	270.2861472	0	0
0.199082216	0.9144	-0.036028585	0.000816737	223.9334615	223.9334615	270.2861485	0	0
0.199082314	0.9144	-0.036028588	0.000816735	223.9334324	223.9334324	270.2861519	1.27154e-05	7.84388e-11
0.201654527	0.9144	-0.036128621	0.00075815	223.1701355	223.1701355	270.372525	0.333333	2.0653e-06
0.201654626	0.9144	-0.036128624	0.000758144	223.1701063	223.1701063	270.3725267	0.333327	2.06526e-06
0.204226996	0.9144	-0.036224748	0.000608689	222.4033593	222.4033593	270.4134481	0.166667	1.01067e-06
0.206799513	0.9144	-0.03631679	0.000634761	221.6342185	221.6342185	270.4533341	0.333327	2.85218e-06
0.206799611	0.9144	-0.036316794	0.000634762	221.6341892	221.6341892	270.4533357	0.333333	2.85225e-06
0.206799709	0.9144	-0.036316797	0.00063476	221.6341598	221.6341598	270.4533369	0.33334	2.85226e-06
0.20937237	0.9144	-0.036405042	0.000570514	220.8642731	220.8642731	270.4894535	0.5	3.04188e-06
0.209372468	0.9144	-0.036405046	0.000570507	220.8642437	220.8642437	270.4894563	0.500006	3.04185e-06
0.211945251	0.9144	-0.03648937	0.000374074	220.0944638	220.0944638	270.5610911	0.666667	2.23164e-06
0.214518155	0.9144	-0.036570012	0.00043326	219.3258469	219.3258469	270.5283687	0.666667	2.09875e-06
0.214518253	0.9144	-0.036570015	0.000433262	219.3258176	219.3258176	270.5283671	0.666667	2.09873e-06
0.214518351	0.9144	-0.036570018	0.000433264	219.3257886	219.3257886	270.5283687	0.666667	2.09881e-06
0.217091352	0.9144	-0.036646903	0.000499484	218.5659248	218.5659248	270.5555076	0.666667	4.14662e-06
0.219664473	0.9144	-0.036720224	0.000365204	217.8083141	217.8083141	270.5757406	0.666667	2.5865e-06
0.219664572	0.9144	-0.036720227	0.000365198	217.8082852	217.8082852	270.5757415	0.666667	2.58644e-06
0.22223779	0.9144	-0.036789897	0.00029928	217.050861	217.050861	270.6396209	0.833327	3.67849e-06
0.222237888	0.9144	-0.036789899	0.000299279	217.0508321	217.0508321	270.639623	0.833333	3.67853e-06
0.222237987	0.9144	-0.036789902	0.000299281	217.0508034	217.0508034	270.639621	0.833327	3.67849e-06
0.224811302	0.9144	-0.036856147	0.000348825	216.2969259	216.2969259	270.5818412	0.666667	2.5146e-06
0.2248114	0.9144	-0.03685615	0.000348816	216.2968972	216.2968972	270.5818451	0.666679	2.51459e-06
0.227384813	0.9144	-0.036918843	0.000128621	215.5452457	215.5452457	270.6871865	1	2.42296e-06
0.227384911	0.9144	-0.036918846	0.00012862	215.5452172	215.5452172	270.6871865	1	2.42295e-06
0.229958396	0.9144	-0.036978242	0.000124811	214.7980533	214.7980533	270.6872789	1	2.34949e-06
0.232531953	0.9144	-0.037034202	0.00011814	214.065695	214.065695	270.687197	1	2.22231e-06
0.232532052	0.9144	-0.037034204	0.000118139	214.0656671	214.0656671	270.6871969	0.999987	2.22229e-06
0.23253215	0.9144	-0.037034206	0.000118138	214.0656395	214.0656395	270.6871969	0.999975	2.22228e-06
0.235105756	0.9144	-0.037087002	8.67004E-05	213.3422564	213.3422564	270.6855992	0.333333	1.62991e-06
0.237679459	0.9144	-0.037136434	6.00234E-05	212.6150655	212.6150655	270.6843093	1.27154e-05	1.12692e-06
0.237679557	0.9144	-0.037136435	6.00231E-05	212.6150377	212.6150377	270.6843093	2.54307e-05	1.12692e-06
0.237679655	0.9144	-0.037136437	6.00229E-05	212.6150103	212.6150103	270.6843093	0	1.12691e-06
0.240253407	0.9144	-0.037182802	7.00272E-05	211.8960537	211.8960537	270.6852719	0	1.31462e-06
0.240253505	0.9144	-0.037182804	7.00266E-05	211.8960267	211.8960267	270.6852719	0	1.3146e-06
0.242827305	0.9144	-0.037225944	5.43061E-05	211.1862081	211.1862081	270.6846674	0	1.01786e-06
0.242827403	0.9144	-0.037225945	5.4307E-05	211.1861813	211.1861813	270.6846675	0	1.01788e-06
0.245401252	0.9144	-0.037266088	7.57439E-05	210.4825423	210.4825423	270.686358	0	1.41956e-06
0.24540135	0.9144	-0.037266089	7.57408E-05	210.4825157	210.4825157	270.6863579	-3.81E-05	1.4195e-06
0.247975247	0.9144	-0.037303143	0	209.7847833	209.7847833	270.6820238	-1	0
0.250549192	0.9144	-0.037337261	0	209.0960499	209.0960499	270.6823992	-1	0
0.25054929	0.9144	-0.037337262	0	209.0960236	209.0960236	270.6823992	-1	0
0.250549388	0.9144	-0.037337263	1.199E-09	209.0959975	209.0959975	270.6823993	-0.999987	2.2397e-11
0.253123358	0.9144	-0.037368428	1.199E-09	208.41244	208.41244	270.6827812	-0.999987	2.2397e-11
0.255697376	0.9144	-0.037396699	6.19267E-05	207.7313628	207.7313628	270.6870532	0.333295	1.15609e-06
0.255697474	0.9144	-0.0373967	6.19285E-05	207.7313368	207.7313368	270.6870533	0.333333	1.15612e-06
0.255697572	0.9144	-0.037396701	6.19274E-05	207.731311	207.731311	270.6870532	0.333321	1.1561e-06
0.258271614	0.9144	-0.037422153	3.66816E-05	207.0535516	207.0535516	270.6858695	0	6.84495e-07
0.258271712	0.9144	-0.037422153	3.66797E-05	207.053526	207.053526	270.6858694	-3.81E-05	6.8446e-07
0.260845779	0.9144	-0.037444759	0	206.382387	206.382387	270.6839678	-1	0
0.260845877	0.9144	-0.03744476	0	206.3823616	206.3823616	270.6839678	-1	0
0.263419968	0.9144	-0.037464671	0	205.7169969	205.7169969	270.6843762	-1	0
0.263420066	0.9144	-0.037464671	0	205.7169717	205.7169717	270.6843762	-1	0
0.265994156	0.9144	-0.037481781	0	205.0547858	205.0547858	270.6847908	-1	0
0.265994255	0.9144	-0.037481782	0	205.054761	205.054761	270.6847908	-1	0
0.268568394	0.9144	-0.037496306	0	204.4035492	204.4035492	270.6852114	-1	0
0.268568492	0.9144	-0.037496307	0	204.4035244	204.4035244	270.6852115	-1	0
0.271142631	0.9144	-0.0375081	0	203.7524499	203.7524499	270.6856383	-1	0
0.271142729	0.9144	-0.0375081	0	203.7524253	203.7524253	270.6856383	-1	0
0.273716868	0.9144	-0.037517368	0	203.1064894	203.1064894	270.6860709	-1	0
0.273716966	0.9144	-0.037517369	0	203.1064649	203.1064649	270.6860709	-1	0
0.27629113	0.9144	-0.037524015	0	202.4653253	202.4653253	270.686509	-1	0
0.276291228	0.9144	-0.037524015	0	202.4653008	202.4653008	270.686509	-1	0
0.278865391	0.914400254	-0.037528172	0	201.824958	201.824958	270.6869522	-1	0
0.278865649	0.914400254	-0.037528172	0	201.8248942	201.8248942	270.6869522	-1	0
0.281439653	0.9144	-0.037529825	0	201.1872491	201.1872491	270.6874002	-1	0
0.281439751	0.9144	-0.037529825	0	201.1872249	201.1872249	270.6874002	-1	0
0.284013914	0.9144	-0.037529026	0	200.5521613	200.5521613	270.6878528	-1	0
0.284014012	0.9144	-0.037529026	0	200.5521372	200.5521372	270.6878528	-1	0
0.286588176	0.9144	-0.037525819	0	199.9182977	199.9182977	270.68831	-1	0
0.286588274	0.9144	-0.037525819	0	199.9182735	199.9182735	270.68831	-1	0
0.289162437	0.9144	-0.03752019	0	199.2842746	199.2842746	270.6887716	-1	0
0.289162535	0.9144	-0.03752019	0	199.2842505	199.2842505	270.6887717	-1	0
0.291736699	0.9144	-0.037512254	0	198.6515791	198.6515791	270.6892373	-1	0
0.291736797	0.9144	-0.037512254	0	198.6515551	198.6515551	270.6892374	-1	0
0.294310936	0.9144	-0.037501929	0	198.021854	198.021854	270.6897067	-1	0
0.294311034	0.9144	-0.037501929	0	198.02183	198.02183	270.6897067	-1	0
0.296885173	0.9144	-0.037489387	0	197.3939701	197.3939701	270.6901802	-1	0
0.296885271	0.9144	-0.037489387	0	197.393946	197.393946	270.6901802	-1	0
0.299459386	0.9144	-0.037474493	0	196.7624342	196.7624342	270.6906582	-1	0
0.299459484	0.9144	-0.037474492	0	196.7624103	196.7624103	270.6906582	-1	0
0.302033599	0.9144	-0.037457449	0	196.1343435	196.1343435	270.6911407	-1	0
0.302033697	0.9144	-0.037457448	0	196.1343196	196.1343196	270.6911407	-1	0
0.304607788	0.9144	-0.037438116	0	195.5072615	195.5072615	270.6916276	-1	0
0.304607886	0.9144	-0.037438115	0	195.5072376	195.5072376	270.6916276	-1	0
0.307181952	0.9144	-0.037416672	0	194.8806	194.8806	270.6921188	-1	0
0.307182051	0.9144	-0.037416671	0	194.8805761	194.8805761	270.6921188	-1	0
0.309756117	0.9144	-0.037393012	0	194.255132	194.255132	270.6926142	-1	0
0.309756215	0.9144	-0.037393011	0	194.2551083	194.2551083	270.6926142	-1	0
0.312330257	0.9144	-0.037367278	0	193.6314341	193.6314341	270.6931138	-1	0
0.312330356	0.9144	-0.037367277	0	193.6314105	193.6314105	270.6931138	-1	0
0.314904349	0.9144	-0.037339397	0	193.0110762	193.0110762	270.6936172	-1	0
0.314904448	0.9144	-0.037339395	0	193.0110525	193.0110525	270.6936172	-1	0
0.317478441	0.9144	-0.037309481	0	192.391215	192.391215	270.6941245	-1	0
0.317478539	0.9144	-0.03730948	0	192.3911915	192.3911915	270.6941245	-1	0
0.320052509	0.9144	-0.037277467	0	191.774487	191.774487	270.6946355	-1	0
0.320052607	0.9144	-0.037277465	0	191.7744636	191.7744636	270.6946355	-1	0
0.322626552	0.9144	-0.037243469	0	191.1602512	191.1602512	270.6951501	-1	0
0.322626651	0.9144	-0.037243468	0	191.1602278	191.1602278	270.6951501	-1	0
0.325200572	0.9144	-0.037207413	0	190.547109	190.547109	270.6956683	-1	0
0.32520067	0.9144	-0.037207411	0	190.5470856	190.5470856	270.6956683	-1	0
0.327774542	0.9144	-0.037169422	0	189.9352146	189.9352146	270.69619	-1	0
0.327774641	0.9144	-0.03716942	0	189.9351913	189.9351913	270.69619	-1	0
0.330348513	0.9144	-0.037129405	0	189.3268992	189.3268992	270.6967156	-1	0
0.330348611	0.9144	-0.037129403	0	189.3268761	189.3268761	270.6967156	-1	0
0.332922436	0.9144	-0.037087507	0	188.721266	188.721266	270.6972453	-1	0
0.332922534	0.9144	-0.037087506	0	188.7212428	188.7212428	270.6972454	-1	0
0.335496309	0.9144	-0.037043615	0	188.1133474	188.1133474	270.6977796	-1	0
0.335496408	0.9144	-0.037043613	0	188.1133243	188.1133243	270.6977796	-1	0
0.338070159	0.9144	-0.036997872	0	187.5086534	187.5086534	270.6983186	-1	0
0.338070257	0.9144	-0.03699787	0	187.5086304	187.5086304	270.6983186	-1	0
0.340643985	0.9144	-0.036950194	0	186.9053226	186.9053226	270.6988623	-1	0
0.340644083	0.9144	-0.036950192	0	186.9052995	186.9052995	270.6988623	-1	0
0.343217786	0.9144	-0.036900676	0	186.2994537	186.2994537	270.6994105	-1	0
0.343217884	0.9144	-0.036900674	0	186.2994307	186.2994307	270.6994105	-1	0
0.345791539	0.9144	-0.036849286	0	185.6948327	185.6948327	270.6999631	-1	0
0.345791637	0.9144	-0.036849284	0	185.6948105	185.6948105	270.6999631	-1	0
0.348365243	0.9144	-0.036796061	0	185.1135593	185.1135593	270.7005205	-1	0
0.348365341	0.9144	-0.036796059	0	185.1135368	185.1135368	270.7005205	-1	0
0.350938923	0.9144	-0.036741038	0	184.5236291	184.5236291	270.7010847	-1	0
0.350939021	0.9144	-0.036741036	0	184.5236044	184.5236044	270.7010847	-1	0
0.353512555	0.9144	-0.036684095	0	183.8777635	183.8777635	270.7016565	-1	0
0.353512653	0.9144	-0.036684093	0	183.8777404	183.8777404	270.7016565	-1	0
0.356086138	0.9144	-0.03662542	0	183.2701162	183.2701162	270.7022321	-1	0
0.356086236	0.9144	-0.036625418	0	183.2700954	183.2700954	270.7022321	-1	0
0.358659697	0.9144	-0.036565059	0	182.7258962	182.7258962	270.702809	-1	0
0.358659795	0.9144	-0.036565056	0	182.7258732	182.7258732	270.702809	-1	0
0.361233208	0.9144	-0.036502859	0	182.1228095	182.1228095	270.7033915	-1	0
0.361233306	0.9144	-0.036502857	0	182.1227854	182.1227854	270.7033915	-1	0
0.363806694	0.9144	-0.036438861	0	181.4893256	181.4893256	270.7039815	-1	0
0.363806792	0.9144	-0.036438859	0	181.4893038	181.4893038	270.7039816	-1	0
0.366380107	0.9144	-0.036373219	0	180.9180823	180.9180823	270.7045763	-1	0
0.366380206	0.9144	-0.036373216	0	180.9180598	180.9180598	270.7045763	-1	0
0.368953497	0.9144	-0.036305821	0	180.3273434	180.3273434	270.7051764	-1	0
0.368953595	0.9144	-0.036305818	0	180.3273193	180.3273193	270.7051764	-1	0
0.371526838	0.9144	-0.036236621	0	179.6955176	179.6955176	270.7057839	-1	0
0.371526936	0.9144	-0.036236618	0	179.6954953	179.6954953	270.7057839	-1	0
0.374100106	0.9144	-0.036165816	0	179.109119	179.109119	270.7063972	-1	0
0.374100204	0.9144	-0.036165813	0	179.1090962	179.1090962	270.7063972	-1	0
0.37667335	0.9144	-0.036093288	0	178.5117221	178.5117221	270.7070162	-1	0
0.376673448	0.9144	-0.036093285	0	178.5116983	178.5116983	270.7070162	-1	0
0.379246546	0.9144	-0.036018995	0	177.8859321	177.8859321	270.707643	-1	0
0.379246644	0.9144	-0.036018992	0	177.8859093	177.8859093	270.707643	-1	0
0.381819693	0.9144	-0.035943134	0	177.2881317	177.2881317	270.7082769	-1	0
0.381819791	0.9144	-0.035943131	0	177.2881079	177.2881079	270.708277	-1	0
0.384392792	0.914400254	-0.035865519	0	176.6642337	176.6642337	270.7089179	-1	0
0.384393049	0.914400254	-0.035865511	0	176.664172	176.664172	270.708918	-1	0
0.386965842	0.9144	-0.035786233	0	176.0471531	176.0471531	270.7095664	-1	0
0.38696594	0.9144	-0.03578623	0	176.0471304	176.0471304	270.7095665	-1	0
0.38953882	0.9144	-0.035705403	0	175.4523638	175.4523638	270.7102225	-1	0
0.389538918	0.9144	-0.0357054	0	175.4523391	175.4523391	270.7102226	-1	0
0.392111773	0.9144	-0.035622744	0	174.8071645	174.8071645	270.7108881	-1	0
0.392111871	0.9144	-0.035622741	0	174.8071402	174.8071402	270.7108882	-1	0
0.394684654	0.9144	-0.035538541	0	174.1701084	174.1701084	270.7115631	-1	0
0.394684752	0.9144	-0.035538537	0	174.1700845	174.1700845	270.7115631	-1	0
0.397257486	0.9144	-0.035452699	0	173.5439962	173.5439962	270.7122456	-1	0
0.397257584	0.9144	-0.035452696	0	173.543972	173.543972	270.7122457	-1	0
0.399830246	0.9144	-0.035365156	0	172.9106734	172.9106734	270.7129363	-1	0
