#+++++++++++++++++++++++++++++++++++++++++++++++++++++++++++++++++++++++++++++++++++++++++++++++++++++++++++++++++++++++++++++++++
#
#   IPW-3 Cut/Slice DATA SUBMITTAL FORM for Test Case NACA0012_AE3932, May 18th 2026
#
#       NOMENCLATURE:
#                  X [m]:  X-coordinate of the surface (clean for reference)
#                  Y [m]:  Y-coordinate of the surface (clean for reference)
#                  Z [m]:  Z-coordinate of the surface (clean for reference)
#            HTC [W/m2K]:  Convective Heat Transfer Coefficient (on the rough surface)
#               Beta [-]:  Collection efficiency
#                 Ts [K]:  Surface temperature
#                 FF [-]:  Freezing fraction
#                  k [m]:  Surface roughness height if variable (OPTIONAL)
#         RhoIce [kg/m3]:  Ice density (OPTIONAL)
#      HTC_CLEAN [W/m2K]:  Convective Heat Transfer Coefficient on the surface without roughness (OPTIONAL)
#
#                XXmm:  Roughness height used for the case, in mm.
#                       In the zone name, use the format KS_XXmm.
#                       For example, if k_s = 1.5 mm, use KS_1p5mm. 
#                       For Variable roughness, use KS_VAR
#
#    FLOW CONDITIONS:
#                                   AOA: 4.0 deg
#                           Mach Number: 0.3151 [-]
#       Mean aerodynamic chord (M.A.C.): 0.5334 [m]
#                       Reynolds Number: 3.9795 million (based on MAC)
#                       Freestream Temp: 267.55 [K]
#                        Reference area: 0.97548 [m2]
#               Moment Reference Center: 0.13335, 0, 0 [m] (X, Y, Z)
#
#    ICING CONDITIONS:
#                           Icing Time: 420 [s]
#                                  LWC: 0.55 [g/m3]
#                                  MVD: 20 [μm]
#
#              NOTES: 1. Please use at least 5 decimal places in the numerical values
#                     2. If data are NOT provided, please fill data fields with a numerical value of "-999" 
#
#++++++++++++++++++++++++++++++++++++++++++++++++++++++++++++++++++++++++++++++++++++++++++++++++++++++++++++++++++++

                                                    <- Optional ->                 
VARIABLES = "X" "Y" "Z" "Beta" "HTC_CLEAN" "HTC" "Ts" "FF" "k"

ZONE T="SLICE_Y_0p9144_BINS15_KS_VAR_CUTDATA"

0.399422519	0.9144	-0.00158598	0	149.2701433	149.2701433	267.1007435	-1	0
0.396882873	0.9144	-0.001142424	0	150.3559478	150.3559478	267.0989678	-1	0
0.396882776	0.9144	-0.001142407	0	150.3559892	150.3559892	267.0989678	-1	0
0.394342839	0.9144	-0.000700386	0	151.4474731	151.4474731	267.0971983	-1	0
0.394342742	0.9144	-0.000700369	0	151.4475148	151.4475148	267.0971982	-1	0
0.391802538	0.9144	-0.000259971	0	152.5384732	152.5384732	267.0954348	-1	0
0.391802441	0.9144	-0.000259954	0	152.5385149	152.5385149	267.0954348	-1	0
0.391802344	0.9144	-0.000259937	0	152.5385559	152.5385559	267.0954347	-1	0
0.389261826	0.9144	0.000178747	0	153.6130473	153.6130473	267.0936772	-1	0
0.389261729	0.9144	0.000178764	0	153.6130886	153.6130886	267.0936772	-1	0
0.386720969	0.9144	0.000615925	0	154.6949124	154.6949124	267.0919255	-1	0
0.384179893	0.9144	0.001051331	0	155.7407862	155.7407862	267.0901783	-1	0
0.384179796	0.9144	0.001051347	0	155.7408261	155.7408261	267.0901782	-1	0
0.381638454	0.9144	0.001485123	0	156.8077918	156.8077918	267.0884339	-1	0
0.381638357	0.9144	0.00148514	0	156.8078325	156.8078325	267.0884338	-1	0
0.379096749	0.9144	0.001917362	0	157.8930047	157.8930047	267.0866939	-1	0
0.379096652	0.9144	0.001917378	0	157.8930461	157.8930461	267.0866938	-1	0
0.376554729	0.9144	0.002347737	0	158.9021205	158.9021205	267.0849576	-1	0
0.376554632	0.9144	0.002347753	0	158.902159	158.902159	267.0849575	-1	0
0.374012418	0.9144	0.00277652	0	159.9521847	159.9521847	267.0832216	-1	0
0.374012321	0.9144	0.002776536	0	159.9522248	159.9522248	267.0832216	-1	0
0.371469865	0.9144	0.003203719	0	161.0411216	161.0411216	267.0814874	-1	0
0.371469768	0.9144	0.003203735	0	161.0411632	161.0411632	267.0814874	-1	0
0.368926972	0.9144	0.00362901	0	162.0403129	162.0403129	267.0797554	-1	0
0.368926875	0.9144	0.003629026	0	162.0403511	162.0403511	267.0797554	-1	0
0.368926778	0.9144	0.003629042	0	162.0403907	162.0403907	267.0797553	-1	0
0.366383717	0.9144	0.0040527	0	163.0798001	163.0798001	267.0780224	-1	0
0.36638362	0.9144	0.004052717	0	163.0798417	163.0798417	267.0780224	-1	0
0.363840316	0.9144	0.00447475	0	164.1705102	164.1705102	267.0762897	-1	0
0.361296673	0.9144	0.004894861	0	165.1680697	165.1680697	267.0745583	-1	0
0.361296576	0.9144	0.004894877	0	165.1681078	165.1681078	267.0745582	-1	0
0.358752642	0.9144	0.005313304	0	166.1787911	166.1787911	267.0728235	-1	0
0.358752545	0.9144	0.00531332	0	166.1788336	166.1788336	267.0728235	-1	0
0.356208345	0.9144	0.005730111	0	167.2624834	167.2624834	267.071084	-1	0
0.356208248	0.9144	0.005730127	0	167.262521	167.262521	267.0710839	-1	0
0.356208151	0.9144	0.005730143	0	167.2625573	167.2625573	267.0710838	-1	0
0.35366366	0.9144	0.006145045	0	168.3191441	168.3191441	267.0693434	-1	0
0.353663563	0.9144	0.00614506	0	168.319187	168.319187	267.0693433	-1	0
0.351118781	0.9144	0.006558206	0	169.3484328	169.3484328	267.0676026	-1	0
0.348573685	0.9144	0.006969486	0	170.3879354	170.3879354	267.0658597	-1	0
0.348573588	0.9144	0.006969502	0	170.3879751	170.3879751	267.0658596	-1	0
0.346028225	0.9144	0.007379012	0	171.4388807	171.4388807	267.0641129	-1	0
0.346028128	0.9144	0.007379027	0	171.4389209	171.4389209	267.0641128	-1	0
0.346028031	0.9144	0.007379043	0	171.438961	171.438961	267.0641127	-1	0
0.343482353	0.9144	0.007786675	0	172.492135	172.492135	267.0623622	-1	0
0.343482256	0.9144	0.00778669	0	172.4921752	172.4921752	267.0623621	-1	0
0.340936287	0.9144	0.008192492	0	173.5464444	173.5464444	267.0606075	-1	0
0.338390028	0.9144	0.008596406	0	174.6017189	174.6017189	267.0588485	-1	0
0.338389931	0.9144	0.008596421	0	174.6017592	174.6017592	267.0588484	-1	0
0.335843357	0.9144	0.008998441	0	175.6604533	175.6604533	267.057085	-1	0
0.33584326	0.9144	0.008998457	0	175.6604937	175.6604937	267.0570849	-1	0
0.333296396	0.9144	0.009398584	0	176.7246604	176.7246604	267.0553166	-1	0
0.333296298	0.9144	0.009398599	0	176.724701	176.724701	267.0553165	-1	0
0.330749143	0.9144	0.009796769	0	177.7911208	177.7911208	267.0535433	-1	0
0.330749046	0.9144	0.009796784	0	177.7911615	177.7911615	267.0535432	-1	0
0.328201576	0.9144	0.010193035	0	178.8611585	178.8611585	267.0517648	-1	0
0.328201479	0.9144	0.010193051	0	178.8611993	178.8611993	267.0517647	-1	0
0.328201381	0.9144	0.010193066	0	178.8612403	178.8612403	267.0517646	-1	0
0.325653596	0.9144	0.010587306	0	179.9352722	179.9352722	267.049981	-1	0
0.323105521	0.9144	0.010979594	0	181.0113742	181.0113742	267.0481911	-1	0
0.323105423	0.9144	0.010979609	0	181.0114153	181.0114153	267.048191	-1	0
0.323105326	0.9144	0.010979623	0	181.0114565	181.0114565	267.048191	-1	0
0.320556911	0.9144	0.011369846	0	182.0923225	182.0923225	267.0463955	-1	0
0.318008206	0.9144	0.011758081	0	183.1773268	183.1773268	267.0445937	-1	0
0.318008109	0.9144	0.011758096	0	183.1773682	183.1773682	267.0445937	-1	0
0.315459088	0.9144	0.012144209	0	184.2659192	184.2659192	267.0427873	-1	0
0.315458991	0.9144	0.012144224	0	184.2659608	184.2659608	267.0427872	-1	0
0.315458894	0.9144	0.012144238	0	184.2660063	184.2660063	267.0427871	-1	0
0.312909558	0.9144	0.012528325	0	185.3576293	185.3576293	267.0409782	-1	0
0.310359908	0.9144	0.012910239	0	186.4438339	186.4438339	267.0391658	-1	0
0.310359811	0.9144	0.012910254	0	186.4438714	186.4438714	267.0391657	-1	0
0.310359714	0.9144	0.012910268	0	186.4439088	186.4439088	267.0391657	-1	0
0.307809748	0.9144	0.013290092	0	187.5275552	187.5275552	267.0373482	-1	0
0.305259444	0.9144	0.013667705	0	188.6126883	188.6126883	267.0355227	-1	0
0.305259347	0.9144	0.013667719	0	188.6127376	188.6127376	267.0355227	-1	0
0.302708728	0.9144	0.014043175	0	189.7012225	189.7012225	267.033689	-1	0
0.302708631	0.9144	0.01404319	0	189.7012601	189.7012601	267.0336889	-1	0
0.302708533	0.9144	0.014043204	0	189.7012978	189.7012978	267.0336889	-1	0
0.300157575	0.9144	0.014416403	0	190.7925478	190.7925478	267.0318462	-1	0
0.300157478	0.9144	0.014416417	0	190.7925936	190.7925936	267.0318461	-1	0
0.297606205	0.9144	0.014787392	0	191.889996	191.889996	267.0299914	-1	0
0.295054617	0.9144	0.015156072	0	192.9974587	192.9974587	267.0281224	-1	0
0.295054519	0.9144	0.015156086	0	192.997501	192.997501	267.0281223	-1	0
0.292502568	0.9144	0.015522455	0	194.1189063	194.1189063	267.0262401	-1	0
0.292502471	0.9144	0.015522469	0	194.1189532	194.1189532	267.02624	-1	0
0.289950204	0.9144	0.015886503	0	195.2504052	195.2504052	267.0243469	-1	0
0.289950107	0.9144	0.015886517	0	195.25045	195.25045	267.0243469	-1	0
0.287397502	0.9144	0.01624815	0	196.3867304	196.3867304	267.0224438	-1	0
0.287397404	0.9144	0.016248163	0	196.386768	196.386768	267.0224437	-1	0
0.284844436	0.9144	0.016607421	0	197.5280581	197.5280581	267.0205303	-1	0
0.284844338	0.9144	0.016607435	0	197.5281058	197.5281058	267.0205303	-1	0
0.282291055	0.9144	0.016964205	0	198.680604	198.680604	267.0186063	-1	0
0.282290957	0.9144	0.016964219	0	198.6806437	198.6806437	267.0186062	-1	0
0.28229086	0.9144	0.016964232	0	198.6806838	198.6806838	267.0186062	-1	0
0.279737213	0.9144	0.017318589	0	199.8413994	199.8413994	267.0166722	-1	0
0.279737116	0.9144	0.017318603	0	199.8414479	199.8414479	267.0166722	-1	0
0.27718313	0.9144	0.017670359	0	201.0028907	201.0028907	267.0147284	-1	0
0.274628804	0.9144	0.018019647	0	202.1724747	202.1724747	267.0127745	-1	0
0.274628707	0.9144	0.018019661	0	202.1725193	202.1725193	267.0127745	-1	0
0.272073994	0.9144	0.018366273	0	203.3445513	203.3445513	267.0108108	-1	0
0.272073897	0.9144	0.018366286	0	203.3446003	203.3446003	267.0108107	-1	0
0.269518869	0.9144	0.018710338	0	204.5226695	204.5226695	267.0088362	-1	0
0.269518772	0.9144	0.018710351	0	204.5227102	204.5227102	267.0088361	-1	0
0.269518674	0.9144	0.018710364	0	204.5227512	204.5227512	267.008836	-1	0
0.266963259	0.9144	0.0190517	0	205.7098126	205.7098126	267.00685	-1	0
0.264407505	0.9144	0.019390364	0	206.905327	206.905327	267.0048499	-1	0
0.264407407	0.9144	0.019390377	0	206.905377	206.905377	267.0048499	-1	0
0.261851266	0.9144	0.019726275	0	208.114422	208.114422	267.0028337	-1	0
0.261851168	0.9144	0.019726288	0	208.1144726	208.1144726	267.0028336	-1	0
0.259294687	0.9144	0.020059388	0	209.3410561	209.3410561	267.0008002	-1	0
0.25929459	0.9144	0.020059401	0	209.3411047	209.3411047	267.0008001	-1	0
0.256737721	0.9144	0.020389681	0	210.5858522	210.5858522	266.9987514	-1	0
0.256737624	0.9144	0.020389694	0	210.5858935	210.5858935	266.9987514	-1	0
0.254180392	0.9144	0.020717055	0	211.8484711	211.8484711	266.9966886	-1	0
0.254180294	0.9144	0.020717068	0	211.8485239	211.8485239	266.9966885	-1	0
0.251622699	0.9144	0.021041563	0	213.1264327	213.1264327	266.994612	-1	0
0.251622602	0.9144	0.021041575	0	213.1264767	213.1264767	266.9946119	-1	0
0.251622504	0.9144	0.021041588	0	213.1265214	213.1265214	266.9946118	-1	0
0.249064521	0.9144	0.021363031	0	214.4199511	214.4199511	266.9925223	-1	0
0.249064424	0.9144	0.021363043	0	214.4200057	214.4200057	266.9925222	-1	0
0.246506053	0.9144	0.02168156	0	215.7291463	215.7291463	266.9904194	-1	0
0.24394732	0.9144	0.021996894	0	217.0459432	217.0459432	266.988303	-1	0
0.243947222	0.9144	0.021996906	0	217.0459934	217.0459934	266.9883029	-1	0
0.241388101	0.9144	0.022309223	0	218.3767363	218.3767363	266.986173	-1	0
0.241388003	0.9144	0.022309235	0	218.376787	218.376787	266.9861729	-1	0
0.238828495	0.9144	0.022618269	0	219.7175596	219.7175596	266.9840286	-1	0
0.238828397	0.9144	0.022618281	0	219.7176107	219.7176107	266.9840285	-1	0
0.236268501	0.9144	0.022924184	0	221.0735618	221.0735618	266.9818689	-1	0
0.236268403	0.9144	0.022924196	0	221.0736135	221.0736135	266.9818688	-1	0
0.233708119	0.9144	0.023226737	0	222.4481678	222.4481678	266.979693	-1	0
0.233708022	0.9144	0.023226748	0	222.4482202	222.4482202	266.9796929	-1	0
0.23114735	0.9144	0.023526028	0	223.8389346	223.8389346	266.9775	-1	0
0.231147252	0.9144	0.023526039	0	223.8389876	223.8389876	266.9774999	-1	0
0.228586169	0.9144	0.023821859	0	225.2485815	225.2485815	266.9752884	-1	0
0.228586072	0.9144	0.02382187	0	225.2486353	225.2486353	266.9752883	-1	0
0.228585974	0.9144	0.023821881	0	225.248695	225.248695	266.9752882	-1	0
0.226024503	0.9144	0.024114308	0	226.6791638	226.6791638	266.9730582	-1	0
0.223462645	0.9144	0.024403163	0	228.1293682	228.1293682	266.9708094	-1	0
0.223462547	0.9144	0.024403174	0	228.1294183	228.1294183	266.9708094	-1	0
0.223462449	0.9144	0.024403185	0	228.129469	228.129469	266.9708093	-1	0
0.220900179	0.9144	0.024688518	0	229.5995278	229.5995278	266.9685452	-1	0
0.218337497	0.9144	0.024970172	0	231.087698	231.087698	266.9662646	-1	0
0.2183374	0.9144	0.024970183	0	231.0877601	231.0877601	266.9662645	-1	0
0.21577433	0.9144	0.025248188	0	232.5896356	232.5896356	266.9639661	-1	0
0.215774232	0.9144	0.025248198	0	232.589693	232.589693	266.963966	-1	0
0.215774135	0.9144	0.025248209	0	232.5897566	232.5897566	266.9639659	-1	0
0.213210653	0.9144	0.025522391	0	234.1124798	234.1124798	266.9616492	-1	0
0.210646785	0.9144	0.025792813	0	235.6535452	235.6535452	266.9593125	-1	0
0.210646687	0.9144	0.025792824	0	235.6535984	235.6535984	266.9593124	-1	0
0.210646589	0.9144	0.025792834	0	235.6536522	235.6536522	266.9593123	-1	0
0.208082284	0.9144	0.026059262	0	237.2131003	237.2131003	266.9569573	-1	0
0.205517592	0.9144	0.026321818	0	238.7862926	238.7862926	266.9545848	-1	0
0.205517494	0.9144	0.026321828	0	238.7863641	238.7863641	266.9545847	-1	0
0.202952366	0.9144	0.026580223	0	240.3772	240.3772	266.9521978	-1	0
0.202952268	0.9144	0.026580233	0	240.3772549	240.3772549	266.9521977	-1	0
0.20295217	0.9144	0.026580243	0	240.3773104	240.3773104	266.9521976	-1	0
0.200386654	0.9144	0.02683466	0	241.9837995	241.9837995	266.9497962	-1	0
0.197820715	0.9144	0.027084729	0	243.5785365	243.5785365	266.9473763	-1	0
0.197820617	0.9144	0.027084738	0	243.5786032	243.5786032	266.9473762	-1	0
0.195254265	0.9144	0.027330644	0	245.1859603	245.1859603	266.9449367	-1	0
0.195254167	0.9144	0.027330654	0	245.1860217	245.1860217	266.9449366	-1	0
0.192687392	0.9144	0.027572133	0	246.8140147	246.8140147	266.9424733	-1	0
0.192687294	0.9144	0.027572142	0	246.8140768	246.8140768	266.9424732	-1	0
0.190120119	0.9144	0.027809216	0	248.4624752	248.4624752	266.9399759	-1	0
0.190120021	0.9144	0.027809225	0	248.462538	248.462538	266.9399758	-1	0
0.187552422	0.9144	0.02804179	0	250.1399372	250.1399372	266.9374366	-1	0
0.187552324	0.9144	0.028041799	0	250.1400074	250.1400074	266.9374365	-1	0
0.184984325	0.9144	0.028269708	0	251.8788869	251.8788869	266.9348602	-1	0
0.184984227	0.9144	0.028269716	0	251.8789468	251.8789468	266.9348601	-1	0
0.184984129	0.9144	0.028269725	0	251.8790087	251.8790087	266.93486	-1	0
0.182415707	0.9144	0.028493043	0	253.6669315	253.6669315	266.9322567	-1	0
0.182415609	0.9144	0.028493052	0	253.6670053	253.6670053	266.9322566	-1	0
0.179846774	0.9144	0.028711432	0	255.4328902	255.4328902	266.9296304	-1	0
0.177277528	0.9144	0.028925004	0	257.2437562	257.2437562	266.9269857	-1	0
0.17727743	0.9144	0.028925012	0	257.2438253	257.2438253	266.9269856	-1	0
0.174707784	0.9144	0.029133624	0	259.0780381	259.0780381	266.9243253	-1	0
0.174707686	0.9144	0.029133632	0	259.0781081	259.0781081	266.9243251	-1	0
0.172137629	0.9144	0.029337067	0	260.8908306	260.8908306	266.9216432	-1	0
0.172137531	0.9144	0.029337075	0	260.8909065	260.8909065	266.9216431	-1	0
0.169567061	0.9144	0.029535435	0	262.7736031	262.7736031	266.9189352	-1	0
0.169566963	0.9144	0.029535443	0	262.7736682	262.7736682	266.9189351	-1	0
0.169566865	0.9144	0.02953545	0	262.7737406	262.7737406	266.918935	-1	0
0.166995996	0.9144	0.029728466	0	264.6740146	264.6740146	266.9162033	-1	0
0.164424727	0.9144	0.029916045	0	266.5771165	266.5771165	266.9134444	-1	0
0.164424629	0.9144	0.029916052	0	266.5771989	266.5771989	266.9134443	-1	0
0.164424531	0.9144	0.029916059	0	266.5772655	266.5772655	266.9134442	-1	0
0.161852875	0.9144	0.030098193	0	268.5784133	268.5784133	266.9106578	-1	0
0.159280819	0.9144	0.030274681	0	270.5871189	270.5871189	266.9078458	-1	0
0.159280721	0.9144	0.030274687	0	270.5871956	270.5871956	266.9078457	-1	0
0.159280623	0.9144	0.030274694	0	270.5872708	270.5872708	266.9078455	-1	0
0.156708167	0.9144	0.03044535	0	272.5583971	272.5583971	266.905005	-1	0
0.156708069	0.9144	0.030445356	0	272.5584767	272.5584767	266.9050048	-1	0
0.15413525	0.9144	0.030610226	0	274.6447619	274.6447619	266.9021262	-1	0
0.151562044	0.9144	0.03076914	0	276.8245222	276.8245222	266.8992107	-1	0
0.151561946	0.9144	0.030769146	0	276.8246054	276.8246054	266.8992106	-1	0
0.148988376	0.9144	0.030921817	0	278.9591777	278.9591777	266.8962629	-1	0
0.148988278	0.9144	0.030921823	0	278.9592591	278.9592591	266.8962628	-1	0
0.146414332	0.9144	0.031068229	0	281.1081979	281.1081979	266.8932767	-1	0
0.146414234	0.9144	0.031068234	0	281.1082799	281.1082799	266.8932766	-1	0
0.146414136	0.9144	0.03106824	0	281.1083663	281.1083663	266.8932765	-1	0
0.143839839	0.9144	0.031208273	0	283.3751119	283.3751119	266.8902462	-1	0
0.141265192	0.9144	0.031341796	0	285.7324812	285.7324812	266.8871737	-1	0
0.141265093	0.9144	0.031341801	0	285.7325712	285.7325712	266.8871735	-1	0
0.141264995	0.9144	0.031341805	0	285.7326614	285.7326614	266.8871734	-1	0
0.138690008	0.9144	0.031468582	0	288.0989991	288.0989991	266.8840678	-1	0
0.136114695	0.9144	0.031588447	0	290.4654079	290.4654079	266.8809288	-1	0
0.136114596	0.9144	0.031588452	0	290.4654983	290.4654983	266.8809287	-1	0
0.133538968	0.9144	0.031701298	0	292.8799569	292.8799569	266.8777517	-1	0
0.133538869	0.9144	0.031701302	0	292.8800491	292.8800491	266.8777515	-1	0
0.133538771	0.9144	0.031701306	0	292.8801303	292.8801303	266.8777514	-1	0
0.130962827	0.9144	0.031806961	0	295.3428863	295.3428863	266.8745328	-1	0
0.130962729	0.9144	0.031806965	0	295.3429854	295.3429854	266.8745327	-1	0
0.128386507	0.9144	0.031905259	0	297.8482507	297.8482507	266.8712688	-1	0
0.125810006	0.9144	0.031996024	0	300.4004198	300.4004198	266.8679568	-1	0
0.125809908	0.9144	0.031996027	0	300.4005263	300.4005263	266.8679566	-1	0
0.123233141	0.9144	0.032079034	0	302.9911224	302.9911224	266.8645939	-1	0
0.123233042	0.9144	0.032079038	0	302.9912212	302.9912212	266.8645937	-1	0
0.120656033	0.9144	0.032154097	0	305.6593526	305.6593526	266.8611752	-1	0
0.120655935	0.9144	0.0321541	0	305.6594544	305.6594544	266.8611751	-1	0
0.118078695	0.9144	0.032220999	0	308.4584606	308.4584606	266.8577014	-1	0
0.118078597	0.9144	0.032221001	0	308.4585778	308.4585778	266.8577013	-1	0
0.115501151	0.9144	0.032279523	0	311.3095196	311.3095196	266.8541757	-1	0
0.115501053	0.9144	0.032279525	0	311.3096323	311.3096323	266.8541756	-1	0
0.112919163	0.9144	0.032329517	0	314.0737854	314.0737854	266.8506346	-1	0
0.112919064	0.9144	0.032329519	0	314.0738763	314.0738763	266.8506345	-1	0
0.11045997	0.9144	0.032368941	0	316.7088432	316.7088432	266.8471623	-1	0
0.110459876	0.9144	0.032368942	0	316.7089438	316.7089438	266.8471621	-1	0
0.108117775	0.9144	0.032398739	0	319.2584579	319.2584579	266.8438105	-1	0
0.108117686	0.9144	0.03239874	0	319.2585421	319.2585421	266.8438104	-1	0
0.108117601	0.9144	0.032398741	0	319.2586542	319.2586542	266.8438102	-1	0
0.105886948	0.9144	0.03241996	0	321.8529732	321.8529732	266.8405742	-1	0
0.103762461	0.9144	0.032433645	0	324.4376186	324.4376186	266.8374438	-1	0
0.10376238	0.9144	0.032433646	0	324.4377301	324.4377301	266.8374436	-1	0
0.101739034	0.9144	0.032440359	0	326.8925823	326.8925823	266.8344193	-1	0
0.101738957	0.9144	0.032440359	0	326.892663	326.892663	266.8344192	-1	0
0.09981195	0.9144	0.032441167	0	329.3409237	329.3409237	266.8314978	-1	0
0.099811876	0.9144	0.032441167	0	329.3410171	329.3410171	266.8314977	-1	0
0.09797663	0.9144	0.032436565	0	331.7289637	331.7289637	266.8286783	-1	0
0.09797656	0.9144	0.032436565	0	331.7290548	331.7290548	266.8286782	-1	0
0.096228732	0.9144	0.032427206	0	333.9458248	333.9458248	266.8259598	-1	0
0.096228665	0.9144	0.032427206	0	333.9459094	333.9459094	266.8259597	-1	0
0.094564095	0.9144	0.032413768	0	336.0727271	336.0727271	266.8233285	-1	0
0.094564032	0.9144	0.032413768	0	336.0728082	336.0728082	266.8233284	-1	0
0.092978766	0.9144	0.032396742	0	338.206699	338.206699	266.8207729	-1	0
0.092978706	0.9144	0.032396742	0	338.2067804	338.2067804	266.8207728	-1	0
0.091468978	0.9144	0.032376716	0	340.3655319	340.3655319	266.8183041	-1	0
0.09146892	0.9144	0.032376715	0	340.3656143	340.3656143	266.818304	-1	0
0.090031133	0.9144	0.032353904	0	342.4862406	342.4862406	266.8159082	-1	0
0.090031078	0.9144	0.032353903	0	342.4863215	342.4863215	266.8159081	-1	0
0.090031023	0.9144	0.032353902	0	342.4863914	342.4863914	266.815908	-1	0
0.088592273	0.9144	0.032327499	0	344.8170079	344.8170079	266.8132861	-1	0
0.088592218	0.9144	0.032327498	0	344.8170925	344.8170925	266.813286	-1	0
0.087153534	0.9144	0.03229739	0	347.0249327	347.0249327	266.8107604	-1	0
0.085714936	0.9144	0.032263557	0	348.7593859	348.7593859	266.8086206	-1	0
0.085714881	0.9144	0.032263556	0	348.7594707	348.7594707	266.8086205	-1	0
0.084276379	0.9144	0.032225835	0	350.7974111	350.7974111	266.8061106	-1	0
0.084276324	0.9144	0.032225834	0	350.7974888	350.7974888	266.8061105	-1	0
0.082837925	0.9144	0.032184392	0	353.0459043	353.0459043	266.8035526	-1	0
0.08283787	0.9144	0.032184391	0	353.0459901	353.0459901	266.8035525	-1	0
0.081399598	0.9144	0.032138889	0	355.3312083	355.3312083	266.8009633	-1	0
0.081399543	0.9144	0.032138887	0	355.3312955	355.3312955	266.8009632	-1	0
0.079961399	0.9144	0.03208931	0	357.5559489	357.5559489	266.7983519	-1	0
0.079961344	0.9144	0.032089308	0	357.5560337	357.5560337	266.7983518	-1	0
0.078523351	0.9144	0.032035553	0	359.8183376	359.8183376	266.7957126	-1	0
0.078523296	0.9144	0.032035551	0	359.8184239	359.8184239	266.7957125	-1	0
0.077085472	0.9144	0.031977559	0	362.1307577	362.1307577	266.7930363	-1	0
0.077085417	0.9144	0.031977557	0	362.1308459	362.1308459	266.7930362	-1	0
0.075647769	0.9144	0.031915242	0	364.4959799	364.4959799	266.7903151	-1	0
0.075647714	0.9144	0.031915239	0	364.4960701	364.4960701	266.790315	-1	0
0.074210266	0.9144	0.031848516	0	366.9320428	366.9320428	266.7875445	-1	0
0.074210211	0.9144	0.031848513	0	366.9321358	366.9321358	266.7875444	-1	0
0.072772981	0.9144	0.031777272	0	369.4577759	369.4577759	266.7847233	-1	0
0.072772926	0.9144	0.031777269	0	369.4578723	369.4578723	266.7847232	-1	0
0.071335926	0.9144	0.031701408	0	372.0728611	372.0728611	266.7818525	-1	0
0.071335871	0.9144	0.031701405	0	372.0729608	372.0729608	266.7818524	-1	0
0.069899137	0.9144	0.03162079	0	374.7234945	374.7234945	266.7789338	-1	0
0.069899083	0.9144	0.031620787	0	374.7235956	374.7235956	266.7789337	-1	0
0.068462627	0.9144	0.031535306	0	377.4128173	377.4128173	266.7759705	-1	0
0.068462573	0.9144	0.031535303	0	377.4129199	377.4129199	266.7759704	-1	0
0.067026426	0.9144	0.03144482	0	380.1622046	380.1622046	266.7729657	-1	0
0.067026371	0.9144	0.031444816	0	380.1623096	380.1623096	266.7729656	-1	0
0.065590552	0.9144	0.031349195	6.61049E-05	382.9303043	382.9303043	266.772526	-3.81E-05	1.36432e-06
0.065590497	0.9144	0.031349192	6.6107E-05	382.9304099	382.9304099	266.772526	0	1.36436e-06
0.064155041	0.9144	0.031248333	5.40627E-05	385.748065	385.748065	266.768937	0.333321	1.11641e-06
0.064154987	0.9144	0.031248329	5.40629E-05	385.7481725	385.7481725	266.7689369	0.333346	1.11641e-06
0.062719918	0.9144	0.031142117	7.19949E-05	388.7144832	388.7144832	266.7664262	0.333346	1.49752e-06
0.062719864	0.9144	0.031142113	7.19956E-05	388.7145964	388.7145964	266.7664261	0.333346	1.49754e-06
0.061285207	0.9144	0.031030423	0.000122845	391.8345233	391.8345233	266.7651391	0.999987	2.56163e-06
0.061285152	0.9144	0.031030419	0.000122847	391.8346424	391.8346424	266.7651391	1	2.56167e-06
0.059850956	0.9144	0.030912995	0.000171422	395.0399203	395.0399203	266.7636558	1	3.59114e-06
0.059850901	0.9144	0.03091299	0.000171422	395.0400426	395.0400426	266.7636557	1	3.59115e-06
0.058417189	0.9144	0.030789741	0.000195642	398.2554588	398.2554588	266.7611639	1	4.11322e-06
0.058417134	0.9144	0.030789736	0.000195645	398.2555815	398.2555815	266.7611639	1	4.11327e-06
0.056983961	0.9144	0.03066044	0.000242614	401.464891	401.464891	266.7594594	1	5.12195e-06
0.056983907	0.9144	0.030660435	0.000242615	401.4650134	401.4650134	266.7594594	1	5.12199e-06
0.055551303	0.9144	0.030524913	0.000259878	404.7676489	404.7676489	266.7565417	1	5.50948e-06
0.055551248	0.9144	0.030524908	0.000259878	404.7677749	404.7677749	266.7565415	1	5.50949e-06
0.054119268	0.9144	0.030383026	0.000317687	408.1712096	408.1712096	266.7550397	1	6.76672e-06
0.054119214	0.9144	0.03038302	0.000317689	408.1713394	408.1713394	266.7550396	1	6.76677e-06
0.0526879	0.9144	0.030234516	0.000370248	411.6343895	411.6343895	266.7532373	1	7.91776e-06
0.052687845	0.9144	0.03023451	0.000370249	411.6345216	411.6345216	266.7532372	1	7.91779e-06
0.051257246	0.9144	0.030079259	0.000552588	415.2623807	415.2623807	266.7560032	1	1.18794e-05
0.051257191	0.9144	0.030079254	0.000552595	415.2625191	415.2625191	266.7560012	0.999994	1.18794e-05
0.049827376	0.9144	0.029916988	0.000624191	419.1224623	419.1224623	266.6984393	0.833333	9.89559e-06
0.049827321	0.9144	0.029916981	0.000624196	419.1226096	419.1226096	266.6984393	0.833333	9.89569e-06
0.048398351	0.9144	0.029747406	0.000805985	423.0831858	423.0831858	266.5597668	0.500013	4.69818e-06
0.048398296	0.9144	0.0297474	0.000805992	423.0833369	423.0833369	266.5597645	0.500006	4.69817e-06
0.046970249	0.9144	0.029570216	0.001074301	426.9151473	426.9151473	266.4525024	0.166686	3.15879e-06
0.046970195	0.9144	0.029570209	0.00107431	426.9152935	426.9152935	266.4524971	0.166673	3.15863e-06
0.045543144	0.9144	0.029385199	0.001217665	430.6904282	430.6904282	266.3597008	1.27154e-05	2.31182e-10
0.04554309	0.9144	0.029385192	0.001217672	430.6905722	430.6905722	266.3596952	0	0
0.044117111	0.9144	0.029192075	0.001392125	434.6719504	434.6719504	266.3070224	0	0
0.044117056	0.9144	0.029192068	0.00139213	434.6721023	434.6721023	266.307021	0	0
0.042692237	0.9144	0.028990571	0.001592751	438.9316071	438.9316071	266.2474212	0	0
0.042692183	0.9144	0.028990563	0.001592759	438.9317696	438.9317696	266.2474186	0	0
0.041268626	0.9144	0.028780328	0.001826906	443.5254257	443.5254257	266.1793212	0	0
0.041268572	0.9144	0.02878032	0.001826914	443.5256009	443.5256009	266.1793186	0	0
0.039846396	0.9144	0.02856095	0.00206562	448.402168	448.402168	266.1111439	0	0
0.039846341	0.9144	0.028560941	0.002065626	448.402354	448.402354	266.1111422	0	0
0.038425679	0.9144	0.02833197	0.00238979	453.1899148	453.1899148	266.0198004	0	0
0.038425625	0.9144	0.028331961	0.002389806	453.1900974	453.1900974	266.019796	0	0
0.037006616	0.9144	0.028092944	0.003037741	457.8297045	457.8297045	265.8389079	0	0
0.037006562	0.9144	0.028092935	0.00303777	457.8298815	457.8298815	265.8388998	0	0
0.035589352	0.9144	0.027843498	0.003677616	462.786527	462.786527	265.6637478	0	0
0.035589298	0.9144	0.027843489	0.003677636	462.7867161	462.7867161	265.6637424	0	0
0.034174034	0.9144	0.027583213	0.004420682	468.3638247	468.3638247	265.4756275	0.00553039	7.16596e-07
0.03417398	0.9144	0.027583203	0.004420704	468.3640375	468.3640375	265.4756221	0.00553061	7.16625e-07
0.032760872	0.9144	0.027311482	0.005245282	474.517435	474.517435	265.3131401	0.0319369	4.49097e-06
0.032760818	0.9144	0.027311472	0.005245322	474.5176698	474.5176698	265.3131315	0.0319378	4.4911e-06
0.031350096	0.9144	0.02702761	0.00615	480.9952567	480.9952567	265.2270376	0.0953002	1.4875e-05
0.031350043	0.9144	0.027027599	0.00615003	480.9955038	480.9955038	265.2270334	0.0953019	1.48752e-05
0.029941964	0.9144	0.026730911	0.00724588	487.4277197	487.4277197	265.1869775	0.18196	3.21787e-05
0.02994191	0.9144	0.026730899	0.007245922	487.4279651	487.4279651	265.1869771	0.181964	3.21795e-05
0.028536753	0.9144	0.026420668	0.008498851	493.8041121	493.8041121	265.1935557	0.272114	5.60297e-05
0.0285367	0.9144	0.026420656	0.008498901	493.8043553	493.8043553	265.193556	0.272118	5.60307e-05
0.027134762	0.9144	0.026096185	0.01006435	500.597787	500.597787	265.2026764	0.359094	8.62828e-05
0.027134708	0.9144	0.026096172	0.010064412	500.5980463	500.5980463	265.2026768	0.359097	8.6284e-05
0.02573634	0.9144	0.025756653	0.01154253	508.1379366	508.1379366	265.2086141	0.417581	0.000114813
0.025736286	0.9144	0.02575664	0.011542592	508.1382244	508.1382244	265.2086144	0.417584	0.000114814
0.024341933	0.9144	0.025400995	0.013987788	516.1477114	516.1477114	265.2219817	0.475086	0.000163246
0.02434188	0.9144	0.025400981	0.01398788	516.1480171	516.1480171	265.2219823	0.475088	0.000163248
0.022952089	0.9144	0.025027899	0.016536579	524.0318715	524.0318715	265.2360284	0.537655	0.000214082
0.022952036	0.9144	0.025027884	0.016536668	524.0321724	524.0321724	265.2360288	0.537657	0.000214084
0.021567382	0.9144	0.024636163	0.019691585	531.9874895	531.9874895	265.249936	0.576237	0.000277944
0.021567329	0.9144	0.024636148	0.019691721	531.9877931	531.9877931	265.2499367	0.576239	0.000277947
0.020188458	0.9144	0.024224538	0.023656569	541.133576	541.133576	265.267939	0.619895	0.000358524
0.020188406	0.9144	0.024224522	0.023656702	541.1339247	541.1339247	265.2679395	0.619897	0.000358527
0.018816059	0.9144	0.023791651	0.027150915	551.930429	551.930429	265.2754745	0.641888	0.000429622
0.018816007	0.9144	0.023791635	0.02715105	551.9308404	551.9308404	265.2754748	0.641889	0.000429624
0.017451272	0.9144	0.023335342	0.032035907	563.274314	563.274314	265.2881547	0.666179	0.000529827
0.017451219	0.9144	0.023335325	0.0320361	563.2747464	563.2747464	265.2881552	0.66618	0.000529831
0.016095327	0.9144	0.022853385	0.038153892	574.0832184	574.0832184	265.302911	0.687845	0.000656399
0.016095275	0.9144	0.022853367	0.038154118	574.0836319	574.0836319	265.3029115	0.687846	0.000656403
0.014749674	0.9144	0.022343402	0.046567107	585.1859972	585.1859972	265.3215272	0.708669	0.000831321
0.014749622	0.9144	0.022343382	0.046567411	585.1864218	585.1864218	265.3215279	0.70867	0.000831327
0.013415849	0.9144	0.021803236	0.055863444	598.3006266	598.3006266	265.3356818	0.724809	0.00102458
0.013415798	0.9144	0.021803216	0.055863807	598.3011272	598.3011272	265.3356824	0.724809	0.00102459
0.012096269	0.9144	0.021229149	0.065649918	613.6881691	613.6881691	265.3427452	0.734816	0.00122728
0.012096218	0.9144	0.021229128	0.065650312	613.6887547	613.6887547	265.3427455	0.734817	0.00122729
0.010793955	0.9144	0.020616903	0.078789721	630.7187381	630.7187381	265.3513699	0.743586	0.00149763
0.010793905	0.9144	0.02061688	0.078790196	630.7193876	630.7193876	265.3513702	0.743586	0.00149764
0.009512486	0.9144	0.019962148	0.09503885	650.0795006	650.0795006	265.3611576	0.751281	0.0018279
0.009512437	0.9144	0.019962123	0.095039485	650.080241	650.080241	265.361158	0.751282	0.00182792
0.008256122	0.9144	0.019260426	0.117317597	670.2704225	670.2704225	265.3741492	0.758146	0.00227585
0.008256074	0.9144	0.019260399	0.117318451	670.2711929	670.2711929	265.3741497	0.758146	0.00227587
0.007086195	0.9144	0.018539504	0.140549433	685.6716737	685.6716737	265.3926759	0.764478	0.00273491
0.00708615	0.9144	0.018539477	0.140550367	685.6722616	685.6722616	265.3926766	0.764478	0.00273493
0.006029007	0.914399999	0.017817184	0.167703891	696.4575525	696.4575525	265.4200449	0.770565	0.00325528
0.006028967	0.914399999	0.017817157	0.167704913	696.4579604	696.4579604	265.4200459	0.770565	0.0032553
0.005073985	0.9144	0.017091958	0.200722991	709.4242306	709.4242306	265.4709446	0.780043	0.00375127
0.005073948	0.9144	0.01709193	0.20072422	709.4247234	709.4247234	265.4709464	0.780044	0.00375129
0.004234838	0.914400001	0.016379446	0.237563003	725.4050108	725.4050108	265.5698124	0.79617	0.00398812
0.004234805	0.914400001	0.016379419	0.237564489	725.4056262	725.4056262	265.5698165	0.79617	0.00398813
0.00349681	0.9144	0.015673774	0.278259352	739.5928745	739.5928745	265.7204998	0.818288	0.004
0.003496782	0.9144	0.015673747	0.278260859	739.5934178	739.5934178	265.7205054	0.818289	0.004
0.002843562	0.9144	0.014965108	0.317011043	750.8704856	750.8704856	265.8774666	0.833919	0.004
0.002843537	0.9144	0.014965081	0.317012498	750.8709175	750.8709175	265.8774725	0.83392	0.004
0.002275158	0.914399999	0.014259408	0.359029435	762.3107572	762.3107572	266.0515985	0.847381	0.004
0.002275136	0.914399999	0.014259381	0.359030989	762.3111913	762.3111913	266.051605	0.847382	0.004
0.001785947	0.9144	0.013555351	0.405844139	774.0638549	774.0638549	266.246215	0.859155	0.004
0.001785928	0.9144	0.013555324	0.405845986	774.0643042	774.0643042	266.2462226	0.859156	0.004
0.001373996	0.9144	0.012854914	0.459227307	779.352988	779.352988	266.4766651	0.870473	0.004
0.00137398	0.9144	0.012854887	0.459229333	779.3531903	779.3531903	266.4766738	0.870474	0.004
0.001035639	0.9144	0.0121579	0.520760857	768.7981926	768.7981926	266.7686545	0.882138	0.004
0.001035626	0.9144	0.012157874	0.520763208	768.7977906	768.7977906	266.7686656	0.882138	0.004
0.000762964	0.9144	0.011452971	0.563695831	739.1347162	739.1347162	267.0581256	0.891704	0.004
0.000762954	0.9144	0.011452944	0.563697489	739.1335857	739.1335857	267.0581367	0.891704	0.004
0.000552772	0.9144	0.01073634	0.596992706	696.6682401	696.6682401	267.3718401	0.899157	0.004
0.000552772	0.9144	0.01073634	0.596992711	696.6682332	696.6682332	267.3718401	0.899157	0.004
0.000406718	0.9144	0.010017233	0.638879908	654.4462424	654.4462424	267.7210786	0.942081	0.004
0.000406718	0.9144	0.010017232	0.638879915	654.4462343	654.4462343	267.7210786	0.942081	0.004
0.000324829	0.9144	0.009302052	0.674145828	585.0087549	585.0087549	268.2275418	0.999998	0.00397882
0.000324826	0.9144	0.009302025	0.674146953	585.0066554	585.0066554	268.227557	1	0.00397882
0.000324825	0.9144	0.009301997	0.674147983	585.0039207	585.0039207	268.2275898	1	0.0039788
0.000306439	0.9144	0.008578844	0.69743882	495.8725622	495.8725622	269.3082964	1	0.00338738
0.000351713	0.9144	0.007842461	0.710602022	417.8337749	417.8337749	271.1549063	0.966368	0.00238699
0.000351713	0.9144	0.007842461	0.710602022	417.8337741	417.8337741	271.1549063	0.966368	0.00238699
0.000371481	0.9144	0.00770869	0.711388022	401.5686512	401.5686512	271.4759317	0.915064	0.00215423
0.000461379	0.9144	0.007100368	0.714962345	327.6032393	327.6032393	272.9357899	0.68176	0.00109573
0.000538284	0.9144	0.006773158	0.712583237	289.7208179	289.7208179	273.0306013	0.556675	0.000751232
0.000635132	0.9144	0.006361093	0.709587158	242.0143823	242.0143823	273.15	0.399152	0.00031739
0.00087491	0.9144	0.005622697	0.695066826	163.3722766	163.3722766	273.15	0.286139	6.43452e-05
0.00087491	0.9144	0.005622697	0.695066826	163.3722763	163.3722763	273.15	0.286139	6.43452e-05
0.000940744	0.9144	0.005464203	0.692267536	148.4617492	148.4617492	273.15	0.272846	5.10146e-05
0.001187646	0.9144	0.00486979	0.681769157	92.54171456	92.54171456	273.15	0.222996	1.01963e-06
0.001187646	0.9144	0.00486979	0.681769156	92.54171397	92.54171397	273.15	0.222996	1.01963e-06
0.001187768	0.9144	0.00486955	0.681762806	92.52612434	92.52612434	273.15	0.222985	1.01931e-06
0.001577214	0.9144	0.004101576	0.661390279	42.50903045	42.50903045	273.15	0.185394	3.88891e-11
0.001577229	0.9144	0.004101547	0.6613895	42.50712439	42.50712439	273.15	0.185393	0
0.002048011	0.9144	0.003317084	0.633400021	38.17212145	38.17212145	273.15	0.18561	0
0.002048029	0.9144	0.003317054	0.633398988	38.17195614	38.17195614	273.15	0.18561	0
0.00204805	0.9144	0.003317024	0.633398009	38.17319806	38.17319806	273.15	0.185612	0
0.002600302	0.9144	0.002522365	0.604648318	70.74906515	70.74906515	273.15	0.218789	0
0.002600326	0.9144	0.002522334	0.60464697	70.75045609	70.75045609	273.15	0.218791	5.96406e-10
0.00323924	0.9144	0.001716685	0.573801177	107.3302264	107.3302264	273.15	0.261765	1.56968e-05
0.003976992	0.9144	0.000891653	0.542024083	136.7828287	136.7828287	273.15	0.310379	8.03762e-05
0.00397702	0.9144	0.000891621	0.542022918	136.78395	136.78395	273.15	0.31038	8.03786e-05
0.003977053	0.9144	0.000891589	0.542021773	136.7847475	136.7847475	273.15	0.310382	8.03821e-05
0.004832085	0.9144	3.40596E-05	0.505718368	160.4272596	160.4272596	273.15	0.372592	0.000187037
0.004832085	0.9144	3.40595E-05	0.505718368	160.4272598	160.4272598	273.15	0.372592	0.000187037
0.0057918	0.9144	-0.00083605	0.472657034	178.3490909	178.3490909	273.15	0.444986	0.000326105
0.006861847	0.9144	-0.001717655	0.438039976	189.3864318	189.3864318	273.15	0.532224	0.000491918
0.006861847	0.9144	-0.001717655	0.438039975	189.3864323	189.3864323	273.15	0.532224	0.000491918
0.008016136	0.9144	-0.002588783	0.401476945	194.7017715	194.7017715	273.15	0.633644	0.000680357
0.008016136	0.9144	-0.002588783	0.401476941	194.7017721	194.7017721	273.15	0.633644	0.000680357
0.009201801	0.9144	-0.0034167	0.377045123	197.8521677	197.8521677	273.15	0.739552	0.00089739
0.009201801	0.9144	-0.0034167	0.377045123	197.8521678	197.8521678	273.15	0.739552	0.00089739
0.009251336	0.9144	-0.003448933	0.376110941	197.9631651	197.9631651	273.1471969	0.744834	0.000907245
0.010413886	0.914399999	-0.004205431	0.354186343	200.5681932	200.5681932	273.0814089	0.868795	0.00113853
0.010413887	0.914399999	-0.004205431	0.354186338	200.5681937	200.5681937	273.0814088	0.868795	0.00113853
0.010420723	0.914399999	-0.004209602	0.354043838	200.5817393	200.5817393	273.077795	0.869372	0.00113961
0.011648306	0.9144	-0.004958623	0.328455932	203.0140312	203.0140312	272.4288971	0.972909	0.0013323
0.011648353	0.9144	-0.004958651	0.328455195	203.014111	203.014111	272.4288731	0.972912	0.00133231
0.012885706	0.914399999	-0.005671178	0.304425353	206.0610309	206.0610309	271.7245851	0.999658	0.00140423
0.01290154	0.914399999	-0.005680296	0.304117851	206.1000214	206.1000214	271.7155726	1	0.00140515
0.013875498	0.9144	-0.006212285	0.288431726	209.2410161	209.2410161	271.3388213	1	0.0014192
0.014170672	0.9144	-0.006373514	0.283677774	210.192949	210.192949	271.2246402	1	0.00142345
0.014170673	0.9144	-0.006373514	0.283677771	210.1929497	210.1929497	271.2246402	1	0.00142345
0.015453791	0.914400001	-0.007040488	0.268182153	214.2347535	214.2347535	270.8285392	1	0.00144158
0.016749218	0.914400002	-0.007683104	0.248900815	217.5911651	217.5911651	270.4574732	1	0.00142021
0.016749268	0.914400002	-0.007683129	0.248899926	217.5913128	217.5913128	270.4574565	1	0.00142021
0.018055449	0.914400001	-0.008303724	0.232862271	220.9943024	220.9943024	270.1420733	1	0.00140073
0.018055449	0.914400001	-0.008303724	0.232862267	220.9943034	220.9943034	270.1420732	1	0.00140073
0.019371062	0.914400003	-0.008904065	0.22313556	225.06542	225.06542	269.8906809	1	0.00140481
0.019371064	0.914400003	-0.008904065	0.223135549	225.0654239	225.0654239	269.8906806	1	0.00140481
0.019371065	0.914400003	-0.008904066	0.223135538	225.0654289	225.0654289	269.8906803	1	0.00140481
0.020695126	0.914400002	-0.009485536	0.21055224	229.2544739	229.2544739	269.6345273	1	0.00138094
0.022026898	0.914400002	-0.010049123	0.197764515	232.8376082	232.8376082	269.401975	1	0.00134525
0.022026899	0.914400002	-0.010049123	0.197764504	232.8376109	232.8376109	269.4019748	1	0.00134525
0.023365562	0.914400001	-0.010596137	0.188356218	235.8412429	235.8412429	269.2191576	1	0.00132503
0.023365563	0.914400001	-0.010596137	0.188356214	235.8412442	235.8412442	269.2191575	1	0.00132503
0.02471045	0.914400002	-0.01112767	0.181892978	238.7351574	238.7351574	269.0714352	1	0.00131735
0.024710451	0.914400002	-0.011127671	0.18189297	238.73516	238.73516	269.0714351	1	0.00131735
0.025976679	0.9144	-0.011612553	0.172898502	241.5937865	241.5937865	268.9148428	1	0.00128428
0.026060933	0.9144	-0.011644817	0.172300009	241.784	241.784	268.9044231	1	0.00128208
0.02634603	0.9144	-0.011750691	0.170550367	242.3809605	242.3809605	268.873349	1	0.00127568
0.027416589	0.914400001	-0.012148255	0.163980345	244.6225874	244.6225874	268.7566637	1	0.00125164
0.028776964	0.914400002	-0.012638632	0.156426272	246.8923295	246.8923295	268.6264814	1	0.0012214
0.028777016	0.914400002	-0.012638651	0.156425905	246.8924195	246.8924195	268.6264757	1	0.0012214
0.02877707	0.914400002	-0.012638669	0.156425605	246.8924887	246.8924887	268.6264731	0.999999	0.0012214
0.030141841	0.9144	-0.013116673	0.146911642	248.7011613	248.7011613	268.5415022	0.96158	0.00112784
0.031510657	0.914400001	-0.013582962	0.140037883	250.1704703	250.1704703	268.485492	0.922654	0.00105067
0.03151071	0.914400001	-0.01358298	0.140037542	250.1705341	250.1705341	268.4854888	0.922653	0.00105066
0.032883282	0.9144	-0.014038281	0.134325727	251.4969482	251.4969482	268.3896397	0.921401	0.00102479
0.032883282	0.9144	-0.014038281	0.134325727	251.4969482	251.4969482	268.3896397	0.921401	0.00102479
0.034259303	0.9144	-0.014483044	0.12867723	252.8671856	252.8671856	268.2957662	0.920056	0.000996491
0.034259304	0.9144	-0.014483044	0.128677229	252.8671858	252.8671858	268.2957662	0.920056	0.000996491
0.035638494	0.914399999	-0.014917694	0.123742084	254.2603198	254.2603198	268.211023	0.918792	0.000972131
0.035638547	0.914399999	-0.014917711	0.123741908	254.2603726	254.2603726	268.2110199	0.918792	0.00097213
0.03701522	0.9144	-0.015340948	0.118830643	255.6292113	255.6292113	268.1279232	0.917429	0.000945469
0.037020814	0.9144	-0.015342668	0.118810685	255.6347741	255.6347741	268.1275855	0.917424	0.000945361
0.037020815	0.9144	-0.015342668	0.118810684	255.6347743	255.6347743	268.1275855	0.917424	0.000945361
0.037026414	0.9144	-0.015344348	0.118792287	255.6400628	255.6400628	268.1272717	0.917419	0.00094526
0.038405867	0.914399999	-0.015758258	0.114259909	256.9430199	256.9430199	268.0499553	0.916106	0.000920494
0.038405919	0.914399999	-0.015758274	0.114259743	256.9430695	256.9430695	268.0499525	0.916106	0.000920493
0.039793603	0.9144	-0.016165003	0.11047509	258.1034611	258.1034611	267.9824015	0.91486	0.000900175
0.039793656	0.9144	-0.016165018	0.110474963	258.1035055	258.1035055	267.9823991	0.91486	0.000900175
0.039793709	0.9144	-0.016165034	0.110474707	258.1035446	258.1035446	267.9823954	0.91486	0.000900173
0.041183851	0.9144	-0.016563273	0.104469618	259.1287774	259.1287774	267.8919342	0.913064	0.000859943
0.042576306	0.9144	-0.01695335	0.098995274	260.0456904	260.0456904	267.8085076	0.911301	0.000822808
0.042576359	0.9144	-0.016953365	0.098995053	260.0457255	260.0457255	267.8085043	0.911301	0.000822807
0.043971003	0.914400001	-0.01733554	0.096713879	260.7790721	260.7790721	267.7621787	0.910247	0.000811795
0.043971056	0.914400001	-0.017335555	0.096713802	260.7791002	260.7791002	267.7621771	0.910247	0.000811794
0.045367771	0.9144	-0.017710086	0.093327049	261.2886565	261.2886565	267.7073514	0.908988	0.000790102
0.045367825	0.9144	-0.0177101	0.093326907	261.288676	261.288676	267.7073491	0.908988	0.000790101
0.045367878	0.9144	-0.017710114	0.093326767	261.2886877	261.2886877	267.707347	0.908988	0.0007901
0.046766565	0.9144	-0.018077217	0.089567813	261.6333807	261.6333807	267.6492278	0.907576	0.000764332
0.046766618	0.9144	-0.018077231	0.089567661	261.6333931	261.6333931	267.6492254	0.907575	0.000764331
0.048167157	0.9144	-0.018437206	0.085297331	261.9209595	261.9209595	267.5832448	0.905757	0.000732947
0.049569441	0.9144	-0.018790317	0.081764708	262.1879781	262.1879781	267.5280308	0.90425	0.000707483
0.049569494	0.9144	-0.01879033	0.081764598	262.1879896	262.1879896	267.5280289	0.90425	0.000707482
0.050973422	0.9144	-0.019136858	0.079103046	262.4173984	262.4173984	267.4818452	0.902792	0.000688907
0.050973475	0.9144	-0.019136871	0.079102907	262.4174059	262.4174059	267.481843	0.902792	0.000688906
0.052378986	0.9144	-0.019476905	0.074322919	262.6024778	262.6024778	267.4098183	0.900522	0.000650695
0.05237904	0.9144	-0.019476918	0.074322746	262.6024848	262.6024848	267.4098157	0.900522	0.000650693
0.053786047	0.9144	-0.019810721	0.071466736	262.7522424	262.7522424	267.3620756	0.898879	0.000629133
0.0537861	0.9144	-0.019810734	0.071466669	262.7522475	262.7522475	267.3620744	0.898879	0.000629132
0.053786154	0.9144	-0.019810746	0.071466566	262.7522521	262.7522521	267.3620726	0.898879	0.000629131
0.055194596	0.9144	-0.020138434	0.069966051	262.8588189	262.8588189	267.3332361	0.897881	0.000619649
0.056598012	0.9144	-0.020458745	0.067674216	262.9257318	262.9257318	267.2934037	0.896355	0.000602235
0.056604454	0.9144	-0.020460216	0.067663695	262.926039	262.926039	267.2932208	0.896348	0.000602155
0.056610898	0.9144	-0.020461659	0.067647026	262.9262414	262.9262414	267.2929507	0.896337	0.000602016
0.058015615	0.9144	-0.02077626	0.064013272	262.970364	262.970364	267.2340623	0.893975	0.000571791
0.059427962	0.9144	-0.021086693	0.062163316	262.9926546	262.9926546	267.2004829	0.892554	0.00055776
0.059428016	0.9144	-0.021086705	0.06216323	262.9926554	262.9926554	267.2004814	0.892554	0.000557759
0.060840507	0.9144	-0.021391527	0.060118887	263.0109418	263.0109418	267.1640115	0.89094	0.000541572
0.060841587	0.9144	-0.02139176	0.060117324	263.0109558	263.0109558	267.1639836	0.890939	0.00054156
0.060841587	0.9144	-0.02139176	0.060117324	263.0109558	263.0109558	267.1639836	0.890939	0.00054156
0.06084267	0.9144	-0.021391989	0.060116027	263.0109732	263.0109732	267.1639594	0.890938	0.00054155
0.062256236	0.9144	-0.021691536	0.058423087	263.0336973	263.0336973	267.1324136	0.889453	0.000528345
0.06225629	0.9144	-0.021691548	0.058423003	263.0336982	263.0336982	267.1324121	0.889453	0.000528345
0.063672023	0.9144	-0.021986153	0.055363485	263.0271134	263.0271134	267.078863	0.886663	0.000501819
0.063672076	0.9144	-0.021986164	0.055363373	263.0271132	263.0271132	267.0788611	0.886663	0.000501818
0.065088851	0.9144	-0.022275711	0.052402934	262.9637543	262.9637543	267.026976	0.88385	0.000475885
0.065088905	0.9144	-0.022275722	0.052402829	262.9637519	262.9637519	267.0269742	0.88385	0.000475884
0.066506672	0.9144	-0.022560355	0.052024305	262.8697817	262.8697817	267.0168464	0.883355	0.000474546
0.066506727	0.9144	-0.022560366	0.05202428	262.8697781	262.8697781	267.0168458	0.883355	0.000474546
0.067925451	0.9144	-0.022840203	0.050188621	262.7627571	262.7627571	266.981956	0.881159	0.00045881
0.067925505	0.9144	-0.022840213	0.050188561	262.762753	262.762753	266.9819548	0.881159	0.000458809
0.069345144	0.9144	-0.023115375	0.047146774	262.637873	262.637873	266.9275699	0.877782	0.000431224
0.069345198	0.9144	-0.023115386	0.04714666	262.6378683	262.6378683	266.9275678	0.877782	0.000431223
0.070765715	0.9144	-0.023385985	0.045264303	262.4950989	262.4950989	266.8917691	0.875352	0.000414613
0.070765769	0.9144	-0.023385995	0.04526424	262.4950943	262.4950943	266.8917679	0.875351	0.000414612
0.070765823	0.9144	-0.023386006	0.045264185	262.4950876	262.4950876	266.8917668	0.875351	0.000414612
0.072187182	0.9144	-0.023652145	0.044474728	262.3412374	262.3412374	266.8750128	0.874209	0.000408545
0.073609352	0.9144	-0.023913925	0.042812835	262.1744551	262.1744551	266.8422848	0.871689	0.000393704
0.073609406	0.9144	-0.023913935	0.042812774	262.1744488	262.1744488	266.8422836	0.871689	0.000393704
0.07360946	0.9144	-0.023913945	0.042812714	262.1744407	262.1744407	266.8422824	0.871689	0.000393703
0.075032405	0.9144	-0.024171452	0.041679393	261.9687737	261.9687737	266.8195718	0.86999	0.000384005
0.076456107	0.9144	-0.024424767	0.040113857	261.7275957	261.7275957	266.7881203	0.867248	0.000369788
0.076456162	0.9144	-0.024424776	0.040113794	261.7275853	261.7275853	266.788119	0.867248	0.000369788
0.077880584	0.9144	-0.024673987	0.038013136	261.4782662	261.4782662	266.7467299	0.863584	0.000350132
0.077880639	0.9144	-0.024673997	0.038013088	261.4782579	261.4782579	266.7467289	0.863584	0.000350132
0.079305764	0.9144	-0.024919185	0.037492347	261.2035288	261.2035288	266.7352558	0.862592	0.000346119
0.079305818	0.9144	-0.024919194	0.037492325	261.2035183	261.2035183	266.7352553	0.862592	0.000346119
0.080731615	0.9144	-0.025160418	0.036547091	260.8952788	260.8952788	266.714838	0.860362	0.000337728
0.08073167	0.9144	-0.025160427	0.036547027	260.8952659	260.8952659	266.7148367	0.860362	0.000337728
0.082158109	0.9144	-0.025397818	0.03375298	260.5742739	260.5742739	266.6571787	0.853818	0.000310612
0.082158163	0.9144	-0.025397827	0.033752898	260.5742612	260.5742612	266.657177	0.853817	0.000310611
0.083585232	0.9144	-0.02563143	0.032706627	260.2532828	260.2532828	266.6362651	0.85203	0.000301026
0.083585287	0.9144	-0.025631439	0.032706579	260.2532722	260.2532722	266.6362641	0.85203	0.000301026
0.085012949	0.9144	-0.025861373	0.031583074	259.8904727	259.8904727	266.6114261	0.84861	0.000290497
0.085013004	0.9144	-0.025861382	0.031583044	259.8904589	259.8904589	266.6114255	0.84861	0.000290496
0.085013058	0.9144	-0.02586139	0.031582991	259.8904391	259.8904391	266.6114243	0.84861	0.000290496
0.086441308	0.9144	-0.026087664	0.030471002	259.3720602	259.3720602	266.5872914	0.845206	0.000280082
0.087870121	0.9144	-0.026310286	0.029621089	258.8250942	258.8250942	266.5693783	0.84291	0.000272204
0.087870176	0.9144	-0.026310294	0.029621057	258.8250718	258.8250718	266.5693777	0.84291	0.000272204
0.089371002	0.9144	-0.026540374	0.029024509	258.4429622	258.4429622	266.556531	0.841433	0.000266896
0.089371059	0.9144	-0.026540383	0.02902448	258.4429476	258.4429476	266.5565304	0.841433	0.000266895
0.089371119	0.9144	-0.026540392	0.02902442	258.4429344	258.4429344	266.556529	0.841433	0.000266895
0.090947616	0.9144	-0.02677785	0.028112245	258.0563321	258.0563321	266.5352999	0.837799	0.000258261
0.090947679	0.9144	-0.026777859	0.028112182	258.0563117	258.0563117	266.5352985	0.837799	0.00025826
0.092603662	0.9144	-0.027022754	0.025633585	257.5231459	257.5231459	266.4806995	0.829432	0.000233554
0.094343139	0.9144	-0.027275142	0.025199758	256.9805369	256.9805369	266.4710508	0.828	0.000229774
0.094343206	0.9144	-0.027275152	0.02519974	256.9805163	256.9805163	266.4710504	0.827999	0.000229774
0.094343275	0.9144	-0.027275162	0.025199704	256.9804983	256.9804983	266.4710496	0.827999	0.000229774
0.096170456	0.9144	-0.027535083	0.024351974	256.5099047	256.5099047	266.4510186	0.824178	0.000221655
0.098089779	0.9144	-0.02780245	0.023038484	255.9783121	255.9783121	266.4200975	0.818005	0.000208704
0.098089852	0.9144	-0.027802461	0.023038443	255.9782919	255.9782919	266.4200965	0.818005	0.000208703
0.098089929	0.9144	-0.027802471	0.023038381	255.978268	255.978268	266.420095	0.818004	0.000208703
0.10010605	0.9144	-0.028077123	0.021577881	255.3534987	255.3534987	266.3844506	0.809129	0.000194125
0.100106131	0.9144	-0.028077134	0.021577818	255.3534755	255.3534755	266.3844491	0.809128	0.000194124
0.10222392	0.9144	-0.028359182	0.020112077	254.7457174	254.7457174	266.349379	0.801443	0.000179442
0.102224005	0.9144	-0.028359193	0.020112057	254.7456966	254.7456966	266.3493785	0.801443	0.000179442
0.104448603	0.9144	-0.028648342	0.019222937	254.108953	254.108953	266.3273627	0.79554	0.000170689
0.104448692	0.9144	-0.028648353	0.019222899	254.1089268	254.1089268	266.3273617	0.79554	0.000170689
0.106785476	0.9144	-0.028944433	0.018262104	253.4509726	253.4509726	266.3032004	0.788416	0.000161131
0.106785569	0.9144	-0.028944445	0.01826206	253.450946	253.450946	266.3031993	0.788416	0.000161131
0.109240207	0.9144	-0.029247331	0.017239824	252.8177931	252.8177931	266.2769296	0.77981	0.000150861
0.109240305	0.9144	-0.029247342	0.017239784	252.8177686	252.8177686	266.2769286	0.77981	0.000150861
0.111818708	0.9144	-0.029556781	0.016123426	252.0511369	252.0511369	266.2481633	0.769487	0.000139558
0.111818805	0.9144	-0.029556792	0.016123378	252.0510961	252.0510961	266.2481621	0.769486	0.000139558
0.114375637	0.9144	-0.029855021	0.01501175	251.1028545	251.1028545	266.2192732	0.757257	0.000128246
0.116933414	0.9144	-0.030145003	0.013749229	250.1423639	250.1423639	266.1858647	0.741622	0.000115268
0.116933512	0.9144	-0.030145014	0.013749194	250.1423224	250.1423224	266.1858638	0.741622	0.000115268
0.119492197	0.9144	-0.030426957	0.013141606	249.2442396	249.2442396	266.1699848	0.733135	0.000109158
0.119492295	0.9144	-0.030426967	0.013141575	249.2442102	249.2442102	266.169984	0.733134	0.000109157
0.119492392	0.9144	-0.030426978	0.013141534	249.2441771	249.2441771	266.1699828	0.733133	0.000109157
0.122051925	0.9144	-0.030701084	0.012378977	248.3763174	248.3763174	266.1493865	0.720855	0.000101345
0.122052023	0.9144	-0.030701095	0.01237895	248.3762855	248.3762855	266.1493858	0.720855	0.000101345
0.124612355	0.9144	-0.030967599	0.011603202	247.5412717	247.5412717	266.1281776	0.707422	9.3353e-05
0.124612453	0.9144	-0.030967609	0.011603164	247.5412416	247.5412416	266.1281765	0.707421	9.33526e-05
0.127173548	0.9144	-0.031226676	0.010520709	246.7533027	246.7533027	266.0972777	0.68311	8.20343e-05
0.12973537	0.9144	-0.031478474	0.009819156	245.9686494	245.9686494	266.0775446	0.667408	7.47527e-05
0.129735468	0.9144	-0.031478484	0.009819131	245.9686195	245.9686195	266.0775439	0.667408	7.47525e-05
0.13229798	0.9144	-0.031723091	0.009293294	245.1339464	245.1339464	266.0625511	0.650263	6.93108e-05
0.132298078	0.9144	-0.0317231	0.009293278	245.1339145	245.1339145	266.0625506	0.650263	6.93107e-05
0.132298176	0.9144	-0.031723109	0.009293239	245.1338821	245.1338821	266.0625495	0.650261	6.93103e-05
0.134861354	0.9144	-0.031960752	0.008181612	244.2832676	244.2832676	266.0298114	0.614459	5.75743e-05
0.134861452	0.9144	-0.031960761	0.008181599	244.2832403	244.2832403	266.0298111	0.614458	5.75742e-05
0.137425236	0.9144	-0.032191637	0.007640546	243.4636372	243.4636372	266.0139261	0.589288	5.19226e-05
0.137425334	0.9144	-0.032191645	0.007640532	243.4636038	243.4636038	266.0139256	0.589287	5.19225e-05
0.139989711	0.9144	-0.032415939	0.007505369	242.6910825	242.6910825	266.0106711	0.582924	5.0616e-05
0.142554646	0.9144	-0.032633789	0.007244172	241.9158588	241.9158588	266.0035554	0.574058	4.79383e-05
0.142554743	0.9144	-0.032633797	0.007244143	241.9158252	241.9158252	266.0035546	0.574057	4.7938e-05
0.145120211	0.9144	-0.032845198	0.006320765	241.0475247	241.0475247	265.9753708	0.523756	3.81292e-05
0.145120309	0.9144	-0.032845206	0.00632074	241.0474955	241.0474955	265.9753701	0.523754	3.81289e-05
0.145120407	0.9144	-0.032845214	0.006320727	241.047461	241.047461	265.9753697	0.523754	3.81288e-05
0.147686383	0.9144	-0.033050396	0.005871421	240.1414236	240.1414236	265.962177	0.494549	3.3418e-05
0.147686481	0.9144	-0.033050404	0.005871404	240.1413921	240.1413921	265.9621764	0.494547	3.34178e-05
0.150252929	0.9144	-0.033249554	0.005516523	239.3171794	239.3171794	265.9516204	0.46217	2.97011e-05
0.152819826	0.9144	-0.033442825	0.00480607	238.5052037	238.5052037	265.9293385	0.39874	2.21373e-05
0.152819923	0.9144	-0.033442832	0.004806049	238.5051727	238.5051727	265.9293379	0.398738	2.21371e-05
0.152820021	0.9144	-0.033442839	0.004806033	238.5051383	238.5051383	265.9293374	0.398736	2.21369e-05
0.155387366	0.9144	-0.033630154	0.004414886	237.6033156	237.6033156	265.9174764	0.344403	1.80223e-05
0.155387464	0.9144	-0.033630161	0.004414882	237.6032825	237.6032825	265.9174762	0.344402	1.80223e-05
0.157955208	0.9144	-0.033811823	0.004303197	236.7366706	236.7366706	265.914957	0.324232	1.69228e-05
0.16052334	0.9144	-0.033987968	0.004112607	235.9295149	235.9295149	265.9097602	0.308873	1.49579e-05
0.160523438	0.9144	-0.033987975	0.004112599	235.9294885	235.9294885	265.9097599	0.308872	1.49578e-05
0.160523536	0.9144	-0.033987982	0.004112588	235.9294508	235.9294508	265.9097596	0.30887	1.49577e-05
0.163092044	0.9144	-0.034158544	0.003682643	235.0557082	235.0557082	265.8963861	0.234106	1.04065e-05
0.165660902	0.9144	-0.034323762	0.003323374	234.2069044	234.2069044	265.9159352	0.153535	7.28587e-06
0.165661	0.9144	-0.034323768	0.003323356	234.2068677	234.2068677	265.9159361	0.153531	7.2857e-06
0.165661098	0.9144	-0.034323774	0.003323331	234.2068387	234.2068387	265.9159356	0.153526	7.28545e-06
0.168230284	0.9144	-0.03448383	0.002754763	233.4159584	233.4159584	265.8974475	0.0341583	1.21355e-06
0.170799796	0.9144	-0.034638605	0.002650825	232.5822754	232.5822754	265.8944246	0.00517454	1.66096e-07
0.170799894	0.9144	-0.034638611	0.002650827	232.5822422	232.5822422	265.8944234	0.0051746	1.66098e-07
0.170799992	0.9144	-0.034638616	0.00265082	232.5822156	232.5822156	265.8944266	0.00517438	1.6609e-07
0.173369796	0.9144	-0.034788405	0.002385183	231.7702993	231.7702993	266.0175567	0.00691691	2.24375e-07
0.173369894	0.9144	-0.03478841	0.00238517	231.770269	231.770269	266.0175614	0.00691617	2.2435e-07
0.175939975	0.9144	-0.034933272	0.002223816	230.9766914	230.9766914	266.0813291	0.00126718	3.94124e-08
0.178510336	0.9144	-0.035073175	0.002170234	230.1467534	230.1467534	266.1039428	0.00126718	3.94124e-08
0.178510434	0.9144	-0.03507318	0.00217023	230.1467217	230.1467217	266.1039444	0.00126714	3.94109e-08
0.178510532	0.9144	-0.035073185	0.002170228	230.146691	230.146691	266.1039453	0.00126714	3.94109e-08
0.181081147	0.9144	-0.035208422	0.002024841	229.3415494	229.3415494	266.1676662	0	0
0.181081245	0.9144	-0.035208427	0.00202483	229.3415192	229.3415192	266.1676714	0	0
0.183652102	0.9144	-0.035338904	0.001766714	228.5505727	228.5505727	266.2867746	0	0
0.186223177	0.9144	-0.035464839	0.001479392	227.7657024	227.7657024	266.4200082	0	0
0.186223275	0.9144	-0.035464844	0.001479382	227.7656725	227.7656725	266.420013	0	0
0.186223373	0.9144	-0.035464849	0.00147938	227.765643	227.765643	266.4200137	0	0
0.188794678	0.9144	-0.035586285	0.001452125	226.9913924	226.9913924	266.4313494	0	0
0.191366189	0.9144	-0.035703255	0.001377498	226.2250828	226.2250828	266.4652828	0	0
0.191366287	0.9144	-0.035703259	0.001377496	226.2250536	226.2250536	266.4652839	0	0
0.191366385	0.9144	-0.035703263	0.001377488	226.2250245	226.2250245	266.4652873	0	0
0.193938077	0.9144	-0.035815973	0.001223214	225.4626567	225.4626567	266.5370608	0	0
0.193938176	0.9144	-0.035815977	0.001223213	225.4626274	225.4626274	266.5370615	0	0
0.196510062	0.9144	-0.035924306	0.001106595	224.6938816	224.6938816	266.5913885	0	0
0.199082118	0.9144	-0.036028581	0.000803897	223.9334905	223.9334905	266.7346662	0	0
0.199082216	0.9144	-0.036028585	0.000803884	223.9334615	223.9334615	266.7346721	0	0
0.199082314	0.9144	-0.036028588	0.000803879	223.9334324	223.9334324	266.7346746	0	0
0.201654527	0.9144	-0.036128621	0.000734704	223.1701355	223.1701355	266.7670474	0	0
0.201654626	0.9144	-0.036128624	0.000734703	223.1701063	223.1701063	266.767048	0	0
0.204226996	0.9144	-0.036224748	0.000664035	222.4033593	222.4033593	266.8476392	0.16666	1.00969e-06
0.206799513	0.9144	-0.03631679	0.000625994	221.6342185	221.6342185	266.9058679	0.333321	1.86764e-06
0.206799611	0.9144	-0.036316794	0.000625993	221.6341892	221.6341892	266.9058719	0.333333	1.86772e-06
0.206799709	0.9144	-0.036316797	0.000625989	221.6341598	221.6341598	266.9058758	0.333346	1.86776e-06
0.20937237	0.9144	-0.036405042	0.000518513	220.8642731	220.8642731	267.0086335	0.666667	2.95305e-06
0.209372468	0.9144	-0.036405046	0.000518512	220.8642437	220.8642437	267.0086323	0.66666	2.95302e-06
0.211945251	0.9144	-0.03648937	0.000497589	220.0944638	220.0944638	266.9780378	0.5	2.09733e-06
0.214518155	0.9144	-0.036570012	0.000485679	219.3258469	219.3258469	266.9759253	0.5	1.92351e-06
0.214518253	0.9144	-0.036570015	0.000485679	219.3258176	219.3258176	266.9759252	0.5	1.9235e-06
0.214518351	0.9144	-0.036570018	0.000485675	219.3257886	219.3257886	266.9759316	0.500019	1.9236e-06
0.217091352	0.9144	-0.036646903	0.000395584	218.5659248	218.5659248	267.1435812	1	4.53608e-06
0.219664473	0.9144	-0.036720224	0.000387984	217.8083141	217.8083141	267.143438	1	4.44648e-06
0.219664572	0.9144	-0.036720227	0.000387983	217.8082852	217.8082852	267.143438	1	4.44647e-06
0.22223779	0.9144	-0.036789897	0.000343296	217.050861	217.050861	267.141112	1	3.9318e-06
0.222237888	0.9144	-0.036789899	0.000343295	217.0508321	217.0508321	267.1411119	1	3.93178e-06
0.222237987	0.9144	-0.036789902	0.000343291	217.0508034	217.0508034	267.1411117	1	3.93173e-06
0.224811302	0.9144	-0.036856147	0.000240218	216.2969259	216.2969259	267.1352947	1	2.74985e-06
0.2248114	0.9144	-0.03685615	0.000240217	216.2968972	216.2968972	267.1352946	1	2.74984e-06
0.227384813	0.9144	-0.036918843	0.000208188	215.5452457	215.5452457	267.1337359	1	2.38071e-06
0.227384911	0.9144	-0.036918846	0.000208189	215.5452172	215.5452172	267.133736	1	2.38072e-06
0.229958396	0.9144	-0.036978242	0.00021469	214.7980533	214.7980533	267.1344403	1	2.45428e-06
0.232531953	0.9144	-0.037034202	0.000108704	214.065695	214.065695	267.1284381	1	1.24155e-06
0.232532052	0.9144	-0.037034204	0.0001087	214.0656671	214.0656671	267.1284378	1	1.2415e-06
0.23253215	0.9144	-0.037034206	0.000108698	214.0656395	214.0656395	267.1284378	1	1.24149e-06
0.235105756	0.9144	-0.037087002	9.8975E-05	213.3422564	213.3422564	267.1281864	1	1.12969e-06
0.237679459	0.9144	-0.037136434	7.48101E-05	212.6150655	212.6150655	267.1270742	1	8.53137e-07
0.237679557	0.9144	-0.037136435	7.481E-05	212.6150377	212.6150377	267.1270742	1	8.53135e-07
0.237679655	0.9144	-0.037136437	7.48099E-05	212.6150103	212.6150103	267.1270742	1	8.53135e-07
0.240253407	0.9144	-0.037182802	6.96489E-05	211.8960537	211.8960537	267.127111	1	7.93641e-07
0.240253505	0.9144	-0.037182804	6.96488E-05	211.8960267	211.8960267	267.127111	1	7.93639e-07
0.242827305	0.9144	-0.037225944	6.46366E-05	211.1862081	211.1862081	267.1271634	1	7.35927e-07
0.242827403	0.9144	-0.037225945	6.46357E-05	211.1861813	211.1861813	267.1271634	0.999962	7.35916e-07
0.245401252	0.9144	-0.037266088	4.22684E-05	210.4825423	210.4825423	267.1261655	0	4.80999e-07
0.24540135	0.9144	-0.037266089	4.2268E-05	210.4825157	210.4825157	267.1261655	0	4.80994e-07
0.247975247	0.9144	-0.037303143	3.77046E-05	209.7847833	209.7847833	267.1262604	0	4.28396e-07
0.250549192	0.9144	-0.037337261	3.93499E-05	209.0960499	209.0960499	267.1267306	0	4.47057e-07
0.25054929	0.9144	-0.037337262	3.935E-05	209.0960236	209.0960236	267.1267306	0	4.47057e-07
0.250549388	0.9144	-0.037337263	3.93486E-05	209.0959975	209.0959975	267.1267305	-3.81E-05	4.47042e-07
0.253123358	0.9144	-0.037368428	0	208.41244	208.41244	267.1247078	-1	0
0.255697376	0.9144	-0.037396699	0	207.7313628	207.7313628	267.1250905	-1	0
0.255697474	0.9144	-0.0373967	0	207.7313368	207.7313368	267.1250906	-1	0
0.255697572	0.9144	-0.037396701	0	207.731311	207.731311	267.1250906	-1	0
0.258271614	0.9144	-0.037422153	0	207.0535516	207.0535516	267.1254799	-1	0
0.258271712	0.9144	-0.037422153	0	207.053526	207.053526	267.1254799	-1	0
0.260845779	0.9144	-0.037444759	0	206.382387	206.382387	267.1258757	-1	0
0.260845877	0.9144	-0.03744476	0	206.3823616	206.3823616	267.1258758	-1	0
0.263419968	0.9144	-0.037464671	0	205.7169969	205.7169969	267.1262776	-1	0
0.263420066	0.9144	-0.037464671	0	205.7169717	205.7169717	267.1262777	-1	0
0.265994156	0.9144	-0.037481781	0	205.0547858	205.0547858	267.1266857	-1	0
0.265994255	0.9144	-0.037481782	0	205.054761	205.054761	267.1266857	-1	0
0.268568394	0.9144	-0.037496306	0	204.4035492	204.4035492	267.1270997	-1	0
0.268568492	0.9144	-0.037496307	0	204.4035244	204.4035244	267.1270997	-1	0
0.271142631	0.9144	-0.0375081	0	203.7524499	203.7524499	267.1275198	-1	0
0.271142729	0.9144	-0.0375081	0	203.7524253	203.7524253	267.1275198	-1	0
0.273716868	0.9144	-0.037517368	0	203.1064894	203.1064894	267.1279456	-1	0
0.273716966	0.9144	-0.037517369	0	203.1064649	203.1064649	267.1279456	-1	0
0.27629113	0.9144	-0.037524015	0	202.4653253	202.4653253	267.1283768	-1	0
0.276291228	0.9144	-0.037524015	0	202.4653008	202.4653008	267.1283768	-1	0
0.278865391	0.914400254	-0.037528172	0	201.824958	201.824958	267.128813	-1	0
0.278865649	0.914400254	-0.037528172	0	201.8248942	201.8248942	267.128813	-1	0
0.281439653	0.9144	-0.037529825	0	201.1872491	201.1872491	267.1292539	-1	0
0.281439751	0.9144	-0.037529825	0	201.1872249	201.1872249	267.1292539	-1	0
0.284013914	0.9144	-0.037529026	0	200.5521613	200.5521613	267.1296993	-1	0
0.284014012	0.9144	-0.037529026	0	200.5521372	200.5521372	267.1296993	-1	0
0.286588176	0.9144	-0.037525819	0	199.9182977	199.9182977	267.1301493	-1	0
0.286588274	0.9144	-0.037525819	0	199.9182735	199.9182735	267.1301493	-1	0
0.289162437	0.9144	-0.03752019	0	199.2842746	199.2842746	267.1306036	-1	0
0.289162535	0.9144	-0.03752019	0	199.2842505	199.2842505	267.1306037	-1	0
0.291736699	0.9144	-0.037512254	0	198.6515791	198.6515791	267.131062	-1	0
0.291736797	0.9144	-0.037512254	0	198.6515551	198.6515551	267.131062	-1	0
0.294310936	0.9144	-0.037501929	0	198.021854	198.021854	267.1315239	-1	0
0.294311034	0.9144	-0.037501929	0	198.02183	198.02183	267.1315239	-1	0
0.296885173	0.9144	-0.037489387	0	197.3939701	197.3939701	267.1319899	-1	0
0.296885271	0.9144	-0.037489387	0	197.393946	197.393946	267.1319899	-1	0
0.299459386	0.9144	-0.037474493	0	196.7624342	196.7624342	267.1324604	-1	0
0.299459484	0.9144	-0.037474492	0	196.7624103	196.7624103	267.1324604	-1	0
0.302033599	0.9144	-0.037457449	0	196.1343435	196.1343435	267.1329352	-1	0
0.302033697	0.9144	-0.037457448	0	196.1343196	196.1343196	267.1329352	-1	0
0.304607788	0.9144	-0.037438116	0	195.5072615	195.5072615	267.1334144	-1	0
0.304607886	0.9144	-0.037438115	0	195.5072376	195.5072376	267.1334144	-1	0
0.307181952	0.9144	-0.037416672	0	194.8806	194.8806	267.1338979	-1	0
0.307182051	0.9144	-0.037416671	0	194.8805761	194.8805761	267.1338979	-1	0
0.309756117	0.9144	-0.037393012	0	194.255132	194.255132	267.1343854	-1	0
0.309756215	0.9144	-0.037393011	0	194.2551083	194.2551083	267.1343855	-1	0
0.312330257	0.9144	-0.037367278	0	193.6314341	193.6314341	267.1348771	-1	0
0.312330356	0.9144	-0.037367277	0	193.6314105	193.6314105	267.1348771	-1	0
0.314904349	0.9144	-0.037339397	0	193.0110762	193.0110762	267.1353726	-1	0
0.314904448	0.9144	-0.037339395	0	193.0110525	193.0110525	267.1353726	-1	0
0.317478441	0.9144	-0.037309481	0	192.391215	192.391215	267.1358718	-1	0
0.317478539	0.9144	-0.03730948	0	192.3911915	192.3911915	267.1358718	-1	0
0.320052509	0.9144	-0.037277467	0	191.774487	191.774487	267.1363748	-1	0
0.320052607	0.9144	-0.037277465	0	191.7744636	191.7744636	267.1363748	-1	0
0.322626552	0.9144	-0.037243469	0	191.1602512	191.1602512	267.1368812	-1	0
0.322626651	0.9144	-0.037243468	0	191.1602278	191.1602278	267.1368813	-1	0
0.325200572	0.9144	-0.037207413	0	190.547109	190.547109	267.1373912	-1	0
0.32520067	0.9144	-0.037207411	0	190.5470856	190.5470856	267.1373912	-1	0
0.327774542	0.9144	-0.037169422	0	189.9352146	189.9352146	267.1379047	-1	0
0.327774641	0.9144	-0.03716942	0	189.9351913	189.9351913	267.1379047	-1	0
0.330348513	0.9144	-0.037129405	0	189.3268992	189.3268992	267.1384219	-1	0
0.330348611	0.9144	-0.037129403	0	189.3268761	189.3268761	267.138422	-1	0
0.332922436	0.9144	-0.037087507	0	188.721266	188.721266	267.1389433	-1	0
0.332922534	0.9144	-0.037087506	0	188.7212428	188.7212428	267.1389434	-1	0
0.335496309	0.9144	-0.037043615	0	188.1133474	188.1133474	267.1394692	-1	0
0.335496408	0.9144	-0.037043613	0	188.1133243	188.1133243	267.1394692	-1	0
0.338070159	0.9144	-0.036997872	0	187.5086534	187.5086534	267.1399996	-1	0
0.338070257	0.9144	-0.03699787	0	187.5086304	187.5086304	267.1399996	-1	0
0.340643985	0.9144	-0.036950194	0	186.9053226	186.9053226	267.1405347	-1	0
0.340644083	0.9144	-0.036950192	0	186.9052995	186.9052995	267.1405347	-1	0
0.343217786	0.9144	-0.036900676	0	186.2994537	186.2994537	267.1410742	-1	0
0.343217884	0.9144	-0.036900674	0	186.2994307	186.2994307	267.1410742	-1	0
0.345791539	0.9144	-0.036849286	0	185.6948327	185.6948327	267.1416181	-1	0
0.345791637	0.9144	-0.036849284	0	185.6948105	185.6948105	267.1416181	-1	0
0.348365243	0.9144	-0.036796061	0	185.1135593	185.1135593	267.1421667	-1	0
0.348365341	0.9144	-0.036796059	0	185.1135368	185.1135368	267.1421667	-1	0
0.350938923	0.9144	-0.036741038	0	184.5236291	184.5236291	267.1427219	-1	0
0.350939021	0.9144	-0.036741036	0	184.5236044	184.5236044	267.142722	-1	0
0.353512555	0.9144	-0.036684095	0	183.8777635	183.8777635	267.1432847	-1	0
0.353512653	0.9144	-0.036684093	0	183.8777404	183.8777404	267.1432847	-1	0
0.356086138	0.9144	-0.03662542	0	183.2701162	183.2701162	267.1438512	-1	0
0.356086236	0.9144	-0.036625418	0	183.2700954	183.2700954	267.1438512	-1	0
0.358659697	0.9144	-0.036565059	0	182.7258962	182.7258962	267.144419	-1	0
0.358659795	0.9144	-0.036565056	0	182.7258732	182.7258732	267.144419	-1	0
0.361233208	0.9144	-0.036502859	0	182.1228095	182.1228095	267.1449922	-1	0
0.361233306	0.9144	-0.036502857	0	182.1227854	182.1227854	267.1449923	-1	0
0.363806694	0.9144	-0.036438861	0	181.4893256	181.4893256	267.145573	-1	0
0.363806792	0.9144	-0.036438859	0	181.4893038	181.4893038	267.145573	-1	0
0.366380107	0.9144	-0.036373219	0	180.9180823	180.9180823	267.1461583	-1	0
0.366380206	0.9144	-0.036373216	0	180.9180598	180.9180598	267.1461584	-1	0
0.368953497	0.9144	-0.036305821	0	180.3273434	180.3273434	267.1467489	-1	0
0.368953595	0.9144	-0.036305818	0	180.3273193	180.3273193	267.1467489	-1	0
0.371526838	0.9144	-0.036236621	0	179.6955176	179.6955176	267.1473468	-1	0
0.371526936	0.9144	-0.036236618	0	179.6954953	179.6954953	267.1473468	-1	0
0.374100106	0.9144	-0.036165816	0	179.109119	179.109119	267.1479504	-1	0
0.374100204	0.9144	-0.036165813	0	179.1090962	179.1090962	267.1479504	-1	0
0.37667335	0.9144	-0.036093288	0	178.5117221	178.5117221	267.1485596	-1	0
0.376673448	0.9144	-0.036093285	0	178.5116983	178.5116983	267.1485596	-1	0
0.379246546	0.9144	-0.036018995	0	177.8859321	177.8859321	267.1491765	-1	0
0.379246644	0.9144	-0.036018992	0	177.8859093	177.8859093	267.1491765	-1	0
0.381819693	0.9144	-0.035943134	0	177.2881317	177.2881317	267.1498004	-1	0
0.381819791	0.9144	-0.035943131	0	177.2881079	177.2881079	267.1498004	-1	0
0.384392792	0.914400254	-0.035865519	0	176.6642337	176.6642337	267.1504313	-1	0
0.384393049	0.914400254	-0.035865511	0	176.664172	176.664172	267.1504313	-1	0
0.386965842	0.9144	-0.035786233	0	176.0471531	176.0471531	267.1510695	-1	0
0.38696594	0.9144	-0.03578623	0	176.0471304	176.0471304	267.1510695	-1	0
0.38953882	0.9144	-0.035705403	0	175.4523638	175.4523638	267.1517152	-1	0
0.389538918	0.9144	-0.0357054	0	175.4523391	175.4523391	267.1517153	-1	0
0.392111773	0.9144	-0.035622744	0	174.8071645	174.8071645	267.1523703	-1	0
0.392111871	0.9144	-0.035622741	0	174.8071402	174.8071402	267.1523703	-1	0
0.394684654	0.9144	-0.035538541	0	174.1701084	174.1701084	267.1530346	-1	0
0.394684752	0.9144	-0.035538537	0	174.1700845	174.1700845	267.1530346	-1	0
0.397257486	0.9144	-0.035452699	0	173.5439962	173.5439962	267.1537063	-1	0
0.397257584	0.9144	-0.035452696	0	173.543972	173.543972	267.1537063	-1	0
0.399830246	0.9144	-0.035365156	0	172.9106734	172.9106734	267.1543861	-1	0
