#+++++++++++++++++++++++++++++++++++++++++++++++++++++++++++++++++++++++++++++++++++++++++++++++++++++++++++++++++++++++++++++++++
#
#   IPW-3 Cut/Slice DATA SUBMITTAL FORM for Test Case NACA0012_AE3933, May 18th 2026
#
#       NOMENCLATURE:
#                  X [m]:  X-coordinate of the surface (clean for reference)
#                  Y [m]:  Y-coordinate of the surface (clean for reference)
#                  Z [m]:  Z-coordinate of the surface (clean for reference)
#            HTC [W/m2K]:  Convective Heat Transfer Coefficient (on the rough surface)
#               Beta [-]:  Collection efficiency
#                 Ts [K]:  Surface temperature
#                 FF [-]:  Freezing fraction
#                  k [m]:  Surface roughness height if variable (OPTIONAL)
#         RhoIce [kg/m3]:  Ice density (OPTIONAL)
#      HTC_CLEAN [W/m2K]:  Convective Heat Transfer Coefficient on the surface without roughness (OPTIONAL)
#
#                XXmm:  Roughness height used for the case, in mm.
#                       In the zone name, use the format KS_XXmm.
#                       For example, if k_s = 1.5 mm, use KS_1p5mm. 
#                       For Variable roughness, use KS_VAR
#
#    FLOW CONDITIONS:
#                                   AOA: 4.0 deg
#                           Mach Number: 0.3127 [-]
#       Mean aerodynamic chord (M.A.C.): 0.5334 [m]
#                       Reynolds Number: 3.8947 million (based on MAC)
#                       Freestream Temp: 270.95 [K]
#                        Reference area: 0.97548 [m2]
#               Moment Reference Center: 0.13335, 0, 0 [m] (X, Y, Z)
#
#    ICING CONDITIONS:
#                           Icing Time: 420 [s]
#                                  LWC: 0.55 [g/m3]
#                                  MVD: 20 [μm]
#
#              NOTES: 1. Please use at least 5 decimal places in the numerical values
#                     2. If data are NOT provided, please fill data fields with a numerical value of "-999" 
#
#++++++++++++++++++++++++++++++++++++++++++++++++++++++++++++++++++++++++++++++++++++++++++++++++++++++++++++++++++++

                                                    <- Optional ->                 
VARIABLES = "X" "Y" "Z" "Beta" "HTC_CLEAN" "HTC" "Ts" "FF" "k"

ZONE T="SLICE_Y_0p9144_BINS15_KS_VAR_CUTDATA"

0.399422519	0.9144	-0.00158598	0	149.2701433	149.2701433	270.6584301	-1	0
0.396882873	0.9144	-0.001142424	0	150.3559478	150.3559478	270.6566258	-1	0
0.396882776	0.9144	-0.001142407	0	150.3559892	150.3559892	270.6566258	-1	0
0.394342839	0.9144	-0.000700386	0	151.4474731	151.4474731	270.6548278	-1	0
0.394342742	0.9144	-0.000700369	0	151.4475148	151.4475148	270.6548277	-1	0
0.391802538	0.9144	-0.000259971	0	152.5384732	152.5384732	270.653036	-1	0
0.391802441	0.9144	-0.000259954	0	152.5385149	152.5385149	270.6530359	-1	0
0.391802344	0.9144	-0.000259937	0	152.5385559	152.5385559	270.6530359	-1	0
0.389261826	0.9144	0.000178747	0	153.6130473	153.6130473	270.6512501	-1	0
0.389261729	0.9144	0.000178764	0	153.6130886	153.6130886	270.65125	-1	0
0.386720969	0.9144	0.000615925	0	154.6949124	154.6949124	270.6494702	-1	0
0.384179893	0.9144	0.001051331	0	155.7407862	155.7407862	270.6476948	-1	0
0.384179796	0.9144	0.001051347	0	155.7408261	155.7408261	270.6476948	-1	0
0.381638454	0.9144	0.001485123	0	156.8077918	156.8077918	270.6459224	-1	0
0.381638357	0.9144	0.00148514	0	156.8078325	156.8078325	270.6459223	-1	0
0.379096749	0.9144	0.001917362	0	157.8930047	157.8930047	270.6441544	-1	0
0.379096652	0.9144	0.001917378	0	157.8930461	157.8930461	270.6441543	-1	0
0.376554729	0.9144	0.002347737	0	158.9021205	158.9021205	270.6423901	-1	0
0.376554632	0.9144	0.002347753	0	158.902159	158.902159	270.6423901	-1	0
0.374012418	0.9144	0.00277652	0	159.9521847	159.9521847	270.6406263	-1	0
0.374012321	0.9144	0.002776536	0	159.9522248	159.9522248	270.6406262	-1	0
0.371469865	0.9144	0.003203719	0	161.0411216	161.0411216	270.6388642	-1	0
0.371469768	0.9144	0.003203735	0	161.0411632	161.0411632	270.6388641	-1	0
0.368926972	0.9144	0.00362901	0	162.0403129	162.0403129	270.6371043	-1	0
0.368926875	0.9144	0.003629026	0	162.0403511	162.0403511	270.6371043	-1	0
0.368926778	0.9144	0.003629042	0	162.0403907	162.0403907	270.6371042	-1	0
0.366383717	0.9144	0.0040527	0	163.0798001	163.0798001	270.6353434	-1	0
0.36638362	0.9144	0.004052717	0	163.0798417	163.0798417	270.6353433	-1	0
0.363840316	0.9144	0.00447475	0	164.1705102	164.1705102	270.6335828	-1	0
0.361296673	0.9144	0.004894861	0	165.1680697	165.1680697	270.6318236	-1	0
0.361296576	0.9144	0.004894877	0	165.1681078	165.1681078	270.6318235	-1	0
0.358752642	0.9144	0.005313304	0	166.1787911	166.1787911	270.6300609	-1	0
0.358752545	0.9144	0.00531332	0	166.1788336	166.1788336	270.6300608	-1	0
0.356208345	0.9144	0.005730111	0	167.2624834	167.2624834	270.6282933	-1	0
0.356208248	0.9144	0.005730127	0	167.262521	167.262521	270.6282933	-1	0
0.356208151	0.9144	0.005730143	0	167.2625573	167.2625573	270.6282932	-1	0
0.35366366	0.9144	0.006145045	0	168.3191441	168.3191441	270.6265248	-1	0
0.353663563	0.9144	0.00614506	0	168.319187	168.319187	270.6265247	-1	0
0.351118781	0.9144	0.006558206	0	169.3484328	169.3484328	270.624756	-1	0
0.348573685	0.9144	0.006969486	0	170.3879354	170.3879354	270.622985	-1	0
0.348573588	0.9144	0.006969502	0	170.3879751	170.3879751	270.6229849	-1	0
0.346028225	0.9144	0.007379012	0	171.4388807	171.4388807	270.6212101	-1	0
0.346028128	0.9144	0.007379027	0	171.4389209	171.4389209	270.62121	-1	0
0.346028031	0.9144	0.007379043	0	171.438961	171.438961	270.6212099	-1	0
0.343482353	0.9144	0.007786675	0	172.492135	172.492135	270.6194312	-1	0
0.343482256	0.9144	0.00778669	0	172.4921752	172.4921752	270.6194311	-1	0
0.340936287	0.9144	0.008192492	0	173.5464444	173.5464444	270.6176483	-1	0
0.338390028	0.9144	0.008596406	0	174.6017189	174.6017189	270.615861	-1	0
0.338389931	0.9144	0.008596421	0	174.6017592	174.6017592	270.6158609	-1	0
0.335843357	0.9144	0.008998441	0	175.6604533	175.6604533	270.6140691	-1	0
0.33584326	0.9144	0.008998457	0	175.6604937	175.6604937	270.614069	-1	0
0.333296396	0.9144	0.009398584	0	176.7246604	176.7246604	270.6122723	-1	0
0.333296298	0.9144	0.009398599	0	176.724701	176.724701	270.6122722	-1	0
0.330749143	0.9144	0.009796769	0	177.7911208	177.7911208	270.6104704	-1	0
0.330749046	0.9144	0.009796784	0	177.7911615	177.7911615	270.6104704	-1	0
0.328201576	0.9144	0.010193035	0	178.8611585	178.8611585	270.6086633	-1	0
0.328201479	0.9144	0.010193051	0	178.8611993	178.8611993	270.6086632	-1	0
0.328201381	0.9144	0.010193066	0	178.8612403	178.8612403	270.6086632	-1	0
0.325653596	0.9144	0.010587306	0	179.9352722	179.9352722	270.6068508	-1	0
0.323105521	0.9144	0.010979594	0	181.0113742	181.0113742	270.6050321	-1	0
0.323105423	0.9144	0.010979609	0	181.0114153	181.0114153	270.6050321	-1	0
0.323105326	0.9144	0.010979623	0	181.0114565	181.0114565	270.605032	-1	0
0.320556911	0.9144	0.011369846	0	182.0923225	182.0923225	270.6032076	-1	0
0.318008206	0.9144	0.011758081	0	183.1773268	183.1773268	270.6013769	-1	0
0.318008109	0.9144	0.011758096	0	183.1773682	183.1773682	270.6013768	-1	0
0.315459088	0.9144	0.012144209	0	184.2659192	184.2659192	270.5995414	-1	0
0.315458991	0.9144	0.012144224	0	184.2659608	184.2659608	270.5995413	-1	0
0.315458894	0.9144	0.012144238	0	184.2660063	184.2660063	270.5995412	-1	0
0.312909558	0.9144	0.012528325	0	185.3576293	185.3576293	270.5977032	-1	0
0.310359908	0.9144	0.012910239	0	186.4438339	186.4438339	270.5958616	-1	0
0.310359811	0.9144	0.012910254	0	186.4438714	186.4438714	270.5958616	-1	0
0.310359714	0.9144	0.012910268	0	186.4439088	186.4439088	270.5958615	-1	0
0.307809748	0.9144	0.013290092	0	187.5275552	187.5275552	270.5940148	-1	0
0.305259444	0.9144	0.013667705	0	188.6126883	188.6126883	270.59216	-1	0
0.305259347	0.9144	0.013667719	0	188.6127376	188.6127376	270.5921599	-1	0
0.302708728	0.9144	0.014043175	0	189.7012225	189.7012225	270.5902967	-1	0
0.302708631	0.9144	0.01404319	0	189.7012601	189.7012601	270.5902967	-1	0
0.302708533	0.9144	0.014043204	0	189.7012978	189.7012978	270.5902966	-1	0
0.300157575	0.9144	0.014416403	0	190.7925478	190.7925478	270.5884242	-1	0
0.300157478	0.9144	0.014416417	0	190.7925936	190.7925936	270.5884242	-1	0
0.297606205	0.9144	0.014787392	0	191.889996	191.889996	270.5865397	-1	0
0.295054617	0.9144	0.015156072	0	192.9974587	192.9974587	270.5846406	-1	0
0.295054519	0.9144	0.015156086	0	192.997501	192.997501	270.5846405	-1	0
0.292502568	0.9144	0.015522455	0	194.1189063	194.1189063	270.582728	-1	0
0.292502471	0.9144	0.015522469	0	194.1189532	194.1189532	270.5827279	-1	0
0.289950204	0.9144	0.015886503	0	195.2504052	195.2504052	270.5808044	-1	0
0.289950107	0.9144	0.015886517	0	195.25045	195.25045	270.5808043	-1	0
0.287397502	0.9144	0.01624815	0	196.3867304	196.3867304	270.5788706	-1	0
0.287397404	0.9144	0.016248163	0	196.386768	196.386768	270.5788705	-1	0
0.284844436	0.9144	0.016607421	0	197.5280581	197.5280581	270.5769264	-1	0
0.284844338	0.9144	0.016607435	0	197.5281058	197.5281058	270.5769263	-1	0
0.282291055	0.9144	0.016964205	0	198.680604	198.680604	270.5749714	-1	0
0.282290957	0.9144	0.016964219	0	198.6806437	198.6806437	270.5749713	-1	0
0.28229086	0.9144	0.016964232	0	198.6806838	198.6806838	270.5749713	-1	0
0.279737213	0.9144	0.017318589	0	199.8413994	199.8413994	270.5730062	-1	0
0.279737116	0.9144	0.017318603	0	199.8414479	199.8414479	270.5730062	-1	0
0.27718313	0.9144	0.017670359	0	201.0028907	201.0028907	270.5710311	-1	0
0.274628804	0.9144	0.018019647	0	202.1724747	202.1724747	270.5690458	-1	0
0.274628707	0.9144	0.018019661	0	202.1725193	202.1725193	270.5690457	-1	0
0.272073994	0.9144	0.018366273	0	203.3445513	203.3445513	270.5670505	-1	0
0.272073897	0.9144	0.018366286	0	203.3446003	203.3446003	270.5670504	-1	0
0.269518869	0.9144	0.018710338	0	204.5226695	204.5226695	270.5650441	-1	0
0.269518772	0.9144	0.018710351	0	204.5227102	204.5227102	270.5650441	-1	0
0.269518674	0.9144	0.018710364	0	204.5227512	204.5227512	270.565044	-1	0
0.266963259	0.9144	0.0190517	0	205.7098126	205.7098126	270.563026	-1	0
0.264407505	0.9144	0.019390364	0	206.905327	206.905327	270.5609938	-1	0
0.264407407	0.9144	0.019390377	0	206.905377	206.905377	270.5609937	-1	0
0.261851266	0.9144	0.019726275	0	208.114422	208.114422	270.558945	-1	0
0.261851168	0.9144	0.019726288	0	208.1144726	208.1144726	270.5589449	-1	0
0.259294687	0.9144	0.020059388	0	209.3410561	209.3410561	270.5568789	-1	0
0.25929459	0.9144	0.020059401	0	209.3411047	209.3411047	270.5568788	-1	0
0.256737721	0.9144	0.020389681	0	210.5858522	210.5858522	270.5547972	-1	0
0.256737624	0.9144	0.020389694	0	210.5858935	210.5858935	270.5547971	-1	0
0.254180392	0.9144	0.020717055	0	211.8484711	211.8484711	270.5527011	-1	0
0.254180294	0.9144	0.020717068	0	211.8485239	211.8485239	270.552701	-1	0
0.251622699	0.9144	0.021041563	0	213.1264327	213.1264327	270.5505911	-1	0
0.251622602	0.9144	0.021041575	0	213.1264767	213.1264767	270.550591	-1	0
0.251622504	0.9144	0.021041588	0	213.1265214	213.1265214	270.5505909	-1	0
0.249064521	0.9144	0.021363031	0	214.4199511	214.4199511	270.5484678	-1	0
0.249064424	0.9144	0.021363043	0	214.4200057	214.4200057	270.5484677	-1	0
0.246506053	0.9144	0.02168156	0	215.7291463	215.7291463	270.5463311	-1	0
0.24394732	0.9144	0.021996894	0	217.0459432	217.0459432	270.5441807	-1	0
0.243947222	0.9144	0.021996906	0	217.0459934	217.0459934	270.5441806	-1	0
0.241388101	0.9144	0.022309223	0	218.3767363	218.3767363	270.5420164	-1	0
0.241388003	0.9144	0.022309235	0	218.376787	218.376787	270.5420163	-1	0
0.238828495	0.9144	0.022618269	0	219.7175596	219.7175596	270.5398375	-1	0
0.238828397	0.9144	0.022618281	0	219.7176107	219.7176107	270.5398374	-1	0
0.236268501	0.9144	0.022924184	0	221.0735618	221.0735618	270.537643	-1	0
0.236268403	0.9144	0.022924196	0	221.0736135	221.0736135	270.5376429	-1	0
0.233708119	0.9144	0.023226737	0	222.4481678	222.4481678	270.5354322	-1	0
0.233708022	0.9144	0.023226748	0	222.4482202	222.4482202	270.5354321	-1	0
0.23114735	0.9144	0.023526028	0	223.8389346	223.8389346	270.5332039	-1	0
0.231147252	0.9144	0.023526039	0	223.8389876	223.8389876	270.5332038	-1	0
0.228586169	0.9144	0.023821859	0	225.2485815	225.2485815	270.5309568	-1	0
0.228586072	0.9144	0.02382187	0	225.2486353	225.2486353	270.5309567	-1	0
0.228585974	0.9144	0.023821881	0	225.248695	225.248695	270.5309566	-1	0
0.226024503	0.9144	0.024114308	0	226.6791638	226.6791638	270.5286907	-1	0
0.223462645	0.9144	0.024403163	0	228.1293682	228.1293682	270.5264058	-1	0
0.223462547	0.9144	0.024403174	0	228.1294183	228.1294183	270.5264057	-1	0
0.223462449	0.9144	0.024403185	0	228.129469	228.129469	270.5264056	-1	0
0.220900179	0.9144	0.024688518	0	229.5995278	229.5995278	270.5241051	-1	0
0.218337497	0.9144	0.024970172	0	231.087698	231.087698	270.5217878	-1	0
0.2183374	0.9144	0.024970183	0	231.0877601	231.0877601	270.5217877	-1	0
0.21577433	0.9144	0.025248188	0	232.5896356	232.5896356	270.5194524	-1	0
0.215774232	0.9144	0.025248198	0	232.589693	232.589693	270.5194523	-1	0
0.215774135	0.9144	0.025248209	0	232.5897566	232.5897566	270.5194522	-1	0
0.213210653	0.9144	0.025522391	0	234.1124798	234.1124798	270.5170982	-1	0
0.210646785	0.9144	0.025792813	0	235.6535452	235.6535452	270.5147239	-1	0
0.210646687	0.9144	0.025792824	0	235.6535984	235.6535984	270.5147238	-1	0
0.210646589	0.9144	0.025792834	0	235.6536522	235.6536522	270.5147237	-1	0
0.208082284	0.9144	0.026059262	0	237.2131003	237.2131003	270.5123308	-1	0
0.205517592	0.9144	0.026321818	0	238.7862926	238.7862926	270.5099202	-1	0
0.205517494	0.9144	0.026321828	0	238.7863641	238.7863641	270.5099201	-1	0
0.202952366	0.9144	0.026580223	0	240.3772	240.3772	270.5074948	-1	0
0.202952268	0.9144	0.026580233	0	240.3772549	240.3772549	270.5074947	-1	0
0.20295217	0.9144	0.026580243	0	240.3773104	240.3773104	270.5074946	-1	0
0.200386654	0.9144	0.02683466	0	241.9837995	241.9837995	270.5050546	-1	0
0.197820715	0.9144	0.027084729	0	243.5785365	243.5785365	270.5025958	-1	0
0.197820617	0.9144	0.027084738	0	243.5786032	243.5786032	270.5025957	-1	0
0.195254265	0.9144	0.027330644	0	245.1859603	245.1859603	270.500117	-1	0
0.195254167	0.9144	0.027330654	0	245.1860217	245.1860217	270.5001169	-1	0
0.192687392	0.9144	0.027572133	0	246.8140147	246.8140147	270.4976139	-1	0
0.192687294	0.9144	0.027572142	0	246.8140768	246.8140768	270.4976138	-1	0
0.190120119	0.9144	0.027809216	0	248.4624752	248.4624752	270.4950764	-1	0
0.190120021	0.9144	0.027809225	0	248.462538	248.462538	270.4950763	-1	0
0.187552422	0.9144	0.02804179	0	250.1399372	250.1399372	270.4924962	-1	0
0.187552324	0.9144	0.028041799	0	250.1400074	250.1400074	270.4924961	-1	0
0.184984325	0.9144	0.028269708	0	251.8788869	251.8788869	270.4898784	-1	0
0.184984227	0.9144	0.028269716	0	251.8789468	251.8789468	270.4898784	-1	0
0.184984129	0.9144	0.028269725	0	251.8790087	251.8790087	270.4898783	-1	0
0.182415707	0.9144	0.028493043	0	253.6669315	253.6669315	270.4872331	-1	0
0.182415609	0.9144	0.028493052	0	253.6670053	253.6670053	270.487233	-1	0
0.179846774	0.9144	0.028711432	0	255.4328902	255.4328902	270.4845646	-1	0
0.177277528	0.9144	0.028925004	0	257.2437562	257.2437562	270.4818773	-1	0
0.17727743	0.9144	0.028925012	0	257.2438253	257.2438253	270.4818772	-1	0
0.174707784	0.9144	0.029133624	0	259.0780381	259.0780381	270.4791741	-1	0
0.174707686	0.9144	0.029133632	0	259.0781081	259.0781081	270.479174	-1	0
0.172137629	0.9144	0.029337067	0	260.8908306	260.8908306	270.476449	-1	0
0.172137531	0.9144	0.029337075	0	260.8909065	260.8909065	270.4764488	-1	0
0.169567061	0.9144	0.029535435	0	262.7736031	262.7736031	270.4736975	-1	0
0.169566963	0.9144	0.029535443	0	262.7736682	262.7736682	270.4736974	-1	0
0.169566865	0.9144	0.02953545	0	262.7737406	262.7737406	270.4736973	-1	0
0.166995996	0.9144	0.029728466	0	264.6740146	264.6740146	270.4709216	-1	0
0.164424727	0.9144	0.029916045	0	266.5771165	266.5771165	270.4681184	-1	0
0.164424629	0.9144	0.029916052	0	266.5771989	266.5771989	270.4681183	-1	0
0.164424531	0.9144	0.029916059	0	266.5772655	266.5772655	270.4681182	-1	0
0.161852875	0.9144	0.030098193	0	268.5784133	268.5784133	270.4652869	-1	0
0.159280819	0.9144	0.030274681	0	270.5871189	270.5871189	270.4624297	-1	0
0.159280721	0.9144	0.030274687	0	270.5871956	270.5871956	270.4624296	-1	0
0.159280623	0.9144	0.030274694	0	270.5872708	270.5872708	270.4624295	-1	0
0.156708167	0.9144	0.03044535	0	272.5583971	272.5583971	270.4595432	-1	0
0.156708069	0.9144	0.030445356	0	272.5584767	272.5584767	270.4595431	-1	0
0.15413525	0.9144	0.030610226	0	274.6447619	274.6447619	270.4566182	-1	0
0.151562044	0.9144	0.03076914	0	276.8245222	276.8245222	270.4536559	-1	0
0.151561946	0.9144	0.030769146	0	276.8246054	276.8246054	270.4536558	-1	0
0.148988376	0.9144	0.030921817	0	278.9591777	278.9591777	270.4506607	-1	0
0.148988278	0.9144	0.030921823	0	278.9592591	278.9592591	270.4506606	-1	0
0.146414332	0.9144	0.031068229	0	281.1081979	281.1081979	270.4476265	-1	0
0.146414234	0.9144	0.031068234	0	281.1082799	281.1082799	270.4476264	-1	0
0.146414136	0.9144	0.03106824	0	281.1083663	281.1083663	270.4476263	-1	0
0.143839839	0.9144	0.031208273	0	283.3751119	283.3751119	270.4445473	-1	0
0.141265192	0.9144	0.031341796	0	285.7324812	285.7324812	270.4414254	-1	0
0.141265093	0.9144	0.031341801	0	285.7325712	285.7325712	270.4414253	-1	0
0.141264995	0.9144	0.031341805	0	285.7326614	285.7326614	270.4414251	-1	0
0.138690008	0.9144	0.031468582	0	288.0989991	288.0989991	270.4382696	-1	0
0.136114695	0.9144	0.031588447	0	290.4654079	290.4654079	270.4350802	-1	0
0.136114596	0.9144	0.031588452	0	290.4654983	290.4654983	270.43508	-1	0
0.133538968	0.9144	0.031701298	0	292.8799569	292.8799569	270.431852	-1	0
0.133538869	0.9144	0.031701302	0	292.8800491	292.8800491	270.4318519	-1	0
0.133538771	0.9144	0.031701306	0	292.8801303	292.8801303	270.4318518	-1	0
0.130962827	0.9144	0.031806961	0	295.3428863	295.3428863	270.4285814	-1	0
0.130962729	0.9144	0.031806965	0	295.3429854	295.3429854	270.4285813	-1	0
0.128386507	0.9144	0.031905259	0	297.8482507	297.8482507	270.4252649	-1	0
0.125810006	0.9144	0.031996024	0	300.4004198	300.4004198	270.4218997	-1	0
0.125809908	0.9144	0.031996027	0	300.4005263	300.4005263	270.4218996	-1	0
0.123233141	0.9144	0.032079034	0	302.9911224	302.9911224	270.4184828	-1	0
0.123233042	0.9144	0.032079038	0	302.9912212	302.9912212	270.4184826	-1	0
0.120656033	0.9144	0.032154097	0	305.6593526	305.6593526	270.4150092	-1	0
0.120655935	0.9144	0.0321541	0	305.6594544	305.6594544	270.4150091	-1	0
0.118078695	0.9144	0.032220999	0	308.4584606	308.4584606	270.4114796	-1	0
0.118078597	0.9144	0.032221001	0	308.4585778	308.4585778	270.4114795	-1	0
0.115501151	0.9144	0.032279523	0	311.3095196	311.3095196	270.4078973	-1	0
0.115501053	0.9144	0.032279525	0	311.3096323	311.3096323	270.4078971	-1	0
0.112919163	0.9144	0.032329517	0	314.0737854	314.0737854	270.4042993	-1	0
0.112919064	0.9144	0.032329519	0	314.0738763	314.0738763	270.4042991	-1	0
0.11045997	0.9144	0.032368941	0	316.7088432	316.7088432	270.4007711	-1	0
0.110459876	0.9144	0.032368942	0	316.7089438	316.7089438	270.400771	-1	0
0.108117775	0.9144	0.032398739	0	319.2584579	319.2584579	270.3973655	-1	0
0.108117686	0.9144	0.03239874	0	319.2585421	319.2585421	270.3973654	-1	0
0.108117601	0.9144	0.032398741	0	319.2586542	319.2586542	270.3973653	-1	0
0.105886948	0.9144	0.03241996	0	321.8529732	321.8529732	270.3940773	-1	0
0.103762461	0.9144	0.032433645	0	324.4376186	324.4376186	270.3908965	-1	0
0.10376238	0.9144	0.032433646	0	324.4377301	324.4377301	270.3908964	-1	0
0.101739034	0.9144	0.032440359	0	326.8925823	326.8925823	270.3878235	-1	0
0.101738957	0.9144	0.032440359	0	326.892663	326.892663	270.3878234	-1	0
0.09981195	0.9144	0.032441167	0	329.3409237	329.3409237	270.3848551	-1	0
0.099811876	0.9144	0.032441167	0	329.3410171	329.3410171	270.384855	-1	0
0.09797663	0.9144	0.032436565	0	331.7289637	331.7289637	270.3819903	-1	0
0.09797656	0.9144	0.032436565	0	331.7290548	331.7290548	270.3819902	-1	0
0.096228732	0.9144	0.032427206	0	333.9458248	333.9458248	270.3792282	-1	0
0.096228665	0.9144	0.032427206	0	333.9459094	333.9459094	270.379228	-1	0
0.094564095	0.9144	0.032413768	0	336.0727271	336.0727271	270.3765546	-1	0
0.094564032	0.9144	0.032413768	0	336.0728082	336.0728082	270.3765545	-1	0
0.092978766	0.9144	0.032396742	0	338.206699	338.206699	270.373958	-1	0
0.092978706	0.9144	0.032396742	0	338.2067804	338.2067804	270.3739579	-1	0
0.091468978	0.9144	0.032376716	0	340.3655319	340.3655319	270.3714495	-1	0
0.09146892	0.9144	0.032376715	0	340.3656143	340.3656143	270.3714494	-1	0
0.090031133	0.9144	0.032353904	0	342.4862406	342.4862406	270.3690151	-1	0
0.090031078	0.9144	0.032353903	0	342.4863215	342.4863215	270.369015	-1	0
0.090031023	0.9144	0.032353902	0	342.4863914	342.4863914	270.369015	-1	0
0.088592273	0.9144	0.032327499	0	344.8170079	344.8170079	270.366351	-1	0
0.088592218	0.9144	0.032327498	0	344.8170925	344.8170925	270.3663509	-1	0
0.087153534	0.9144	0.03229739	0	347.0249327	347.0249327	270.3637847	-1	0
0.085714936	0.9144	0.032263557	0	348.7593859	348.7593859	270.3616106	-1	0
0.085714881	0.9144	0.032263556	0	348.7594707	348.7594707	270.3616105	-1	0
0.084276379	0.9144	0.032225835	0	350.7974111	350.7974111	270.3590602	-1	0
0.084276324	0.9144	0.032225834	0	350.7974888	350.7974888	270.3590601	-1	0
0.082837925	0.9144	0.032184392	0	353.0459043	353.0459043	270.3564612	-1	0
0.08283787	0.9144	0.032184391	0	353.0459901	353.0459901	270.3564611	-1	0
0.081399598	0.9144	0.032138889	0	355.3312083	355.3312083	270.3538303	-1	0
0.081399543	0.9144	0.032138887	0	355.3312955	355.3312955	270.3538302	-1	0
0.079961399	0.9144	0.03208931	0	357.5559489	357.5559489	270.3511769	-1	0
0.079961344	0.9144	0.032089308	0	357.5560337	357.5560337	270.3511768	-1	0
0.078523351	0.9144	0.032035553	0	359.8183376	359.8183376	270.3484953	-1	0
0.078523296	0.9144	0.032035551	0	359.8184239	359.8184239	270.3484952	-1	0
0.077085472	0.9144	0.031977559	0	362.1307577	362.1307577	270.345776	-1	0
0.077085417	0.9144	0.031977557	0	362.1308459	362.1308459	270.3457759	-1	0
0.075647769	0.9144	0.031915242	0	364.4959799	364.4959799	270.3430111	-1	0
0.075647714	0.9144	0.031915239	0	364.4960701	364.4960701	270.343011	-1	0
0.074210266	0.9144	0.031848516	0	366.9320428	366.9320428	270.3401961	-1	0
0.074210211	0.9144	0.031848513	0	366.9321358	366.9321358	270.3401959	-1	0
0.072772981	0.9144	0.031777272	0	369.4577759	369.4577759	270.3373296	-1	0
0.072772926	0.9144	0.031777269	0	369.4578723	369.4578723	270.3373295	-1	0
0.071335926	0.9144	0.031701408	0	372.0728611	372.0728611	270.3344127	-1	0
0.071335871	0.9144	0.031701405	0	372.0729608	372.0729608	270.3344126	-1	0
0.069899137	0.9144	0.03162079	0	374.7234945	374.7234945	270.3314472	-1	0
0.069899083	0.9144	0.031620787	0	374.7235956	374.7235956	270.3314471	-1	0
0.068462627	0.9144	0.031535306	0	377.4128173	377.4128173	270.3284364	-1	0
0.068462573	0.9144	0.031535303	0	377.4129199	377.4129199	270.3284363	-1	0
0.067026426	0.9144	0.03144482	0	380.1622046	380.1622046	270.3253833	-1	0
0.067026371	0.9144	0.031444816	0	380.1623096	380.1623096	270.3253832	-1	0
0.065590552	0.9144	0.031349195	6.61049E-05	382.9303043	382.9303043	270.324958	-3.81E-05	2.25988e-06
0.065590497	0.9144	0.031349192	6.6107E-05	382.9304099	382.9304099	270.3249579	0	2.25995e-06
0.064155041	0.9144	0.031248333	5.40627E-05	385.748065	385.748065	270.3213084	0.333321	1.84925e-06
0.064154987	0.9144	0.031248329	5.40629E-05	385.7481725	385.7481725	270.3213083	0.333346	1.84925e-06
0.062719918	0.9144	0.031142117	7.19949E-05	388.7144832	388.7144832	270.3187617	0.333346	2.48066e-06
0.062719864	0.9144	0.031142113	7.19956E-05	388.7145964	388.7145964	270.3187616	0.333346	2.48068e-06
0.061285207	0.9144	0.031030423	0.000122845	391.8345233	391.8345233	270.3174714	0.999987	4.24343e-06
0.061285152	0.9144	0.031030419	0.000122847	391.8346424	391.8346424	270.3174713	1	4.24349e-06
0.059850956	0.9144	0.030912995	0.000171422	395.0399203	395.0399203	270.3159757	1	5.94904e-06
0.059850901	0.9144	0.03091299	0.000171422	395.0400426	395.0400426	270.3159756	1	5.94905e-06
0.058417189	0.9144	0.030789741	0.000195642	398.2554588	398.2554588	270.3134479	1	6.81408e-06
0.058417134	0.9144	0.030789736	0.000195645	398.2555815	398.2555815	270.3134479	1	6.81416e-06
0.056983961	0.9144	0.03066044	0.000242614	401.464891	401.464891	270.3117259	1	8.48541e-06
0.056983907	0.9144	0.030660435	0.000242615	401.4650134	401.4650134	270.3117258	1	8.48548e-06
0.055551303	0.9144	0.030524913	0.000259878	404.7676489	404.7676489	270.3087651	1	9.12769e-06
0.055551248	0.9144	0.030524908	0.000259878	404.7677749	404.7677749	270.308765	1	9.12771e-06
0.054119268	0.9144	0.030383026	0.000317687	408.1712096	408.1712096	270.3072443	1	1.1211e-05
0.054119214	0.9144	0.03038302	0.000317689	408.1713394	408.1713394	270.3072442	1	1.1211e-05
0.0526879	0.9144	0.030234516	0.000370248	411.6343895	411.6343895	270.3054178	1	1.31183e-05
0.052687845	0.9144	0.03023451	0.000370249	411.6345216	411.6345216	270.3054177	1	1.31184e-05
0.051257246	0.9144	0.030079259	0.000552588	415.2623807	415.2623807	270.3082103	1	1.96827e-05
0.051257191	0.9144	0.030079254	0.000552595	415.2625191	415.2625191	270.3082082	0.999994	1.96827e-05
0.049827376	0.9144	0.029916988	0.000624191	419.1224623	419.1224623	270.2504087	0.833333	1.63962e-05
0.049827321	0.9144	0.029916981	0.000624196	419.1226096	419.1226096	270.2504087	0.833333	1.63964e-05
0.048398351	0.9144	0.029747406	0.000805985	423.0831858	423.0831858	270.1112088	0.500013	7.78467e-06
0.048398296	0.9144	0.0297474	0.000805992	423.0833369	423.0833369	270.1112065	0.500006	7.78465e-06
0.046970249	0.9144	0.029570216	0.001074301	426.9151473	426.9151473	270.0035701	0.166686	5.23415e-06
0.046970195	0.9144	0.029570209	0.00107431	426.9152935	426.9152935	270.0035648	0.166673	5.23389e-06
0.045543144	0.9144	0.029385199	0.001217665	430.6904282	430.6904282	269.9103825	1.27154e-05	3.83071e-10
0.04554309	0.9144	0.029385192	0.001217672	430.6905722	430.6905722	269.9103769	0	0
0.044117111	0.9144	0.029192075	0.001392125	434.6719504	434.6719504	269.8574392	0	0
0.044117056	0.9144	0.029192068	0.00139213	434.6721023	434.6721023	269.8574377	0	0
0.042692237	0.9144	0.028990571	0.001592751	438.9316071	438.9316071	269.7975267	0	0
0.042692183	0.9144	0.028990563	0.001592759	438.9317696	438.9317696	269.7975242	0	0
0.041268626	0.9144	0.028780328	0.001826906	443.5254257	443.5254257	269.7290414	0	0
0.041268572	0.9144	0.02878032	0.001826914	443.5256009	443.5256009	269.7290388	0	0
0.039846396	0.9144	0.02856095	0.00206562	448.402168	448.402168	269.6604441	0	0
0.039846341	0.9144	0.028560941	0.002065626	448.402354	448.402354	269.6604424	0	0
0.038425679	0.9144	0.02833197	0.00238979	453.1899148	453.1899148	269.5684881	0	0
0.038425625	0.9144	0.028331961	0.002389806	453.1900974	453.1900974	269.5684837	0	0
0.037006616	0.9144	0.028092944	0.003037741	457.8297045	457.8297045	269.3863166	0	0
0.037006562	0.9144	0.028092935	0.00303777	457.8298815	457.8298815	269.3863084	0	0
0.035589352	0.9144	0.027843498	0.003677616	462.786527	462.786527	269.2096728	0	0
0.035589298	0.9144	0.027843489	0.003677636	462.7867161	462.7867161	269.2096674	0	0
0.034174034	0.9144	0.027583213	0.004420682	468.3638247	468.3638247	269.0089895	0	0
0.03417398	0.9144	0.027583203	0.004420704	468.3640375	468.3640375	269.0089836	0	0
0.032760872	0.9144	0.027311482	0.005245282	474.517435	474.517435	268.7899468	0	0
0.032760818	0.9144	0.027311472	0.005245322	474.5176698	474.5176698	268.7899362	0	0
0.031350096	0.9144	0.02702761	0.00615	480.9952567	480.9952567	268.5762123	0.00832092	2.23679e-06
0.031350043	0.9144	0.027027599	0.00615003	480.9955038	480.9955038	268.5762046	0.00832099	2.23681e-06
0.029941964	0.9144	0.026730911	0.00724588	487.4277197	487.4277197	268.4332017	0.0534274	1.72839e-05
0.02994191	0.9144	0.026730899	0.007245922	487.4279651	487.4279651	268.4331977	0.0534296	1.72846e-05
0.028536753	0.9144	0.026420668	0.008498851	493.8041121	493.8041121	268.4102789	0.140773	4.98109e-05
0.0285367	0.9144	0.026420656	0.008498901	493.8043553	493.8043553	268.4102763	0.140776	4.9812e-05
0.027134762	0.9144	0.026096185	0.01006435	500.597787	500.597787	268.4120483	0.234557	9.42588e-05
0.027134708	0.9144	0.026096172	0.010064412	500.5980463	500.5980463	268.4120484	0.234561	9.42606e-05
0.02573634	0.9144	0.025756653	0.01154253	508.1379366	508.1379366	268.4112226	0.297419	0.000135953
0.025736286	0.9144	0.02575664	0.011542592	508.1382244	508.1382244	268.4112226	0.297422	0.000135955
0.024341933	0.9144	0.025400995	0.013987788	516.1477114	516.1477114	268.4139965	0.358856	0.000206949
0.02434188	0.9144	0.025400981	0.01398788	516.1480171	516.1480171	268.4139967	0.358858	0.000206951
0.022952089	0.9144	0.025027899	0.016536579	524.0318715	524.0318715	268.4171206	0.425549	0.000281354
0.022952036	0.9144	0.025027884	0.016536668	524.0321724	524.0321724	268.4171206	0.425551	0.000281357
0.021567382	0.9144	0.024636163	0.019691585	531.9874895	531.9874895	268.418748	0.466189	0.000374911
0.021567329	0.9144	0.024636148	0.019691721	531.9877931	531.9877931	268.4187482	0.466191	0.000374915
0.020188458	0.9144	0.024224538	0.023656569	541.133576	541.133576	268.421704	0.511797	0.000493699
0.020188406	0.9144	0.024224522	0.023656702	541.1339247	541.1339247	268.421704	0.511799	0.000493703
0.018816059	0.9144	0.023791651	0.027150915	551.930429	551.930429	268.4179891	0.534284	0.000597063
0.018816007	0.9144	0.023791635	0.02715105	551.9308404	551.9308404	268.417989	0.534285	0.000597067
0.017451272	0.9144	0.023335342	0.032035907	563.274314	563.274314	268.4163599	0.559139	0.000742516
0.017451219	0.9144	0.023335325	0.0320361	563.2747464	563.2747464	268.4163599	0.55914	0.000742522
0.016095327	0.9144	0.022853385	0.038153892	574.0832186	574.0832186	268.4153677	0.581125	0.000926184
0.016095275	0.9144	0.022853367	0.038154118	574.0836319	574.0836319	268.4153677	0.581126	0.000926191
0.014749673	0.9144	0.022343402	0.046567107	585.1859974	585.1859974	268.4155806	0.602097	0.0011799
0.014749622	0.9144	0.022343382	0.046567411	585.1864218	585.1864218	268.4155806	0.602098	0.00117991
0.013415849	0.9144	0.021803236	0.055863444	598.3006267	598.3006267	268.4128698	0.617879	0.00145908
0.013415798	0.9144	0.021803216	0.055863807	598.3011272	598.3011272	268.4128697	0.61788	0.00145909
0.012096269	0.9144	0.021229149	0.065649918	613.6881689	613.6881689	268.4064787	0.626957	0.00175038
0.012096218	0.9144	0.021229128	0.065650312	613.6887547	613.6887547	268.4064785	0.626958	0.00175039
0.010793955	0.9144	0.020616903	0.078789721	630.7187381	630.7187381	268.4014599	0.634619	0.00213849
0.010793905	0.9144	0.02061688	0.078790196	630.7193876	630.7193876	268.4014597	0.634619	0.0021385
0.009512486	0.9144	0.019962148	0.09503885	650.0795009	650.0795009	268.3985476	0.641255	0.00260888
0.009512437	0.9144	0.019962123	0.095039485	650.080241	650.080241	268.3985475	0.641255	0.0026089
0.008256122	0.9144	0.019260426	0.117317597	670.2704225	670.2704225	268.3998906	0.647575	0.00323903
0.008256074	0.9144	0.019260399	0.117318451	670.2711929	670.2711929	268.3998907	0.647576	0.00323905
0.007086195	0.9144	0.018539504	0.140549433	685.6716738	685.6716738	268.4158997	0.658315	0.00380582
0.00708615	0.9144	0.018539477	0.140550367	685.6722616	685.6722616	268.4159004	0.658315	0.00380584
0.006029007	0.914399999	0.017817184	0.16770389	696.4575522	696.4575522	268.4867216	0.689893	0.00399999
0.006028967	0.914399999	0.017817157	0.167704913	696.4579604	696.4579604	268.4867243	0.689895	0.004
0.005073985	0.9144	0.017091958	0.200722991	709.4242305	709.4242305	268.5978281	0.729235	0.004
0.005073948	0.9144	0.01709193	0.20072422	709.4247234	709.4247234	268.5978323	0.729237	0.004
0.004234838	0.914400001	0.016379446	0.237563004	725.405011	725.405011	268.7230448	0.759428	0.004
0.004234805	0.914400001	0.016379419	0.237564489	725.4056262	725.4056262	268.7230498	0.75943	0.004
0.00349681	0.9144	0.015673774	0.278259353	739.5928745	739.5928745	268.8690566	0.785882	0.004
0.003496782	0.9144	0.015673747	0.278260859	739.5934178	739.5934178	268.8690621	0.785883	0.004
0.002843562	0.9144	0.014965108	0.317011043	750.8704856	750.8704856	269.020582	0.804223	0.004
0.002843537	0.9144	0.014965081	0.317012498	750.8709175	750.8709175	269.0205877	0.804223	0.004
0.002275158	0.914399999	0.014259408	0.359029435	762.3107572	762.3107572	269.1891595	0.82002	0.004
0.002275136	0.914399999	0.014259381	0.359030989	762.3111913	762.3111913	269.1891658	0.82002	0.004
0.001785947	0.9144	0.013555351	0.405844139	774.0638549	774.0638549	269.3777532	0.833841	0.004
0.001785928	0.9144	0.013555324	0.405845986	774.0643042	774.0643042	269.3777606	0.833841	0.004
0.001373996	0.9144	0.012854914	0.459227307	779.352988	779.352988	269.600455	0.847134	0.004
0.00137398	0.9144	0.012854887	0.459229333	779.3531903	779.3531903	269.6004634	0.847134	0.004
0.001035639	0.9144	0.0121579	0.520760858	768.7981925	768.7981925	269.8808795	0.882594	0.004
0.001035626	0.9144	0.012157874	0.520763208	768.7977906	768.7977906	269.8808902	0.882595	0.004
0.000762964	0.9144	0.011452971	0.563695832	739.1347153	739.1347153	270.1597565	0.97834	0.004
0.000762954	0.9144	0.011452944	0.563697489	739.1335857	739.1335857	270.1597672	0.978344	0.004
0.000552772	0.914400001	0.01073634	0.596992702	696.6682456	696.6682456	270.4610298	1	0.004
0.000552772	0.914400001	0.01073634	0.596992712	696.6682332	696.6682332	270.4610299	1	0.004
0.000406718	0.914400001	0.010017233	0.638879906	654.4462452	654.4462452	270.7930412	1	0.004
0.000406718	0.914400001	0.010017232	0.638879915	654.4462335	654.4462335	270.7930413	1	0.004
0.000324829	0.9144	0.009302052	0.674145828	585.0087545	585.0087545	271.2625986	1	0.004
0.000324826	0.9144	0.009302025	0.674146953	585.0066553	585.0066553	271.262613	1	0.004
0.000324825	0.9144	0.009301997	0.674147983	585.0039213	585.0039213	271.2626324	1	0.004
0.000306439	0.9144	0.008578844	0.69743882	495.872562	495.872562	271.862881	1	0.004
0.000351713	0.9144	0.007842461	0.710602022	417.8337747	417.8337747	272.6525559	0.762624	0.00280922
0.000351713	0.9144	0.007842461	0.710602022	417.8337741	417.8337741	272.6525559	0.762624	0.00280922
0.000373974	0.9144	0.007691823	0.711487127	399.5178151	399.5178151	272.7535325	0.682816	0.00242666
0.000461379	0.9144	0.007100368	0.714962345	327.6032393	327.6032393	273.15	0.369463	0.000924567
0.000538841	0.9144	0.006770784	0.712565978	289.4459935	289.4459935	273.15	0.301692	0.000623992
0.000635132	0.9144	0.006361093	0.709587158	242.0143823	242.0143823	273.15	0.217447	0.000250361
0.00087491	0.9144	0.005622697	0.695066826	163.3722765	163.3722765	273.15	0.158447	4.22441e-05
0.00087491	0.9144	0.005622697	0.695066826	163.3722763	163.3722763	273.15	0.158447	4.22441e-05
0.000941529	0.9144	0.005462311	0.692234134	148.2838308	148.2838308	273.15	0.151169	3.32452e-05
0.001187646	0.9144	0.00486979	0.681769157	92.54171456	92.54171456	273.15	0.124279	0
0.001187646	0.9144	0.00486979	0.681769156	92.5417142	92.5417142	273.15	0.124279	0
0.00118772	0.9144	0.004869644	0.681765283	92.53220384	92.53220384	273.15	0.124275	0
0.001577214	0.9144	0.004101576	0.66139028	42.50903151	42.50903151	273.15	0.102862	0
0.001577229	0.9144	0.004101547	0.6613895	42.50712439	42.50712439	273.15	0.102861	0
0.002048011	0.9144	0.003317084	0.633400022	38.17212149	38.17212149	273.15	0.102585	0
0.002048029	0.9144	0.003317054	0.633398988	38.17195614	38.17195614	273.15	0.102585	0
0.00204805	0.9144	0.003317024	0.633398009	38.17319837	38.17319837	273.15	0.102586	0
0.002600302	0.9144	0.002522365	0.604648318	70.74906515	70.74906515	273.15	0.120837	0
0.002600326	0.9144	0.002522334	0.604646969	70.75045793	70.75045793	273.15	0.120838	1.51537e-10
0.00323924	0.9144	0.001716685	0.573801177	107.3302264	107.3302264	273.15	0.143831	3.98643e-06
0.003976992	0.9144	0.000891653	0.542024084	136.7828278	136.7828278	273.15	0.169349	5.10159e-05
0.00397702	0.9144	0.000891621	0.542022919	136.78395	136.78395	273.15	0.16935	5.10177e-05
0.003977053	0.9144	0.000891589	0.542021772	136.7847482	136.7847482	273.15	0.169351	5.10207e-05
0.004832085	0.9144	3.40596E-05	0.505718368	160.4272596	160.4272596	273.15	0.202186	0.000144647
0.004832085	0.9144	3.40596E-05	0.505718368	160.4272597	160.4272597	273.15	0.202186	0.000144647
0.0057918	0.9144	-0.00083605	0.472657034	178.3490909	178.3490909	273.15	0.240058	0.000266075
0.006861847	0.9144	-0.001717655	0.438039976	189.386432	189.386432	273.15	0.28518	0.000409695
0.006861847	0.9144	-0.001717655	0.438039975	189.3864322	189.3864322	273.15	0.28518	0.000409695
0.008016136	0.9144	-0.002588783	0.401476943	194.7017718	194.7017718	273.15	0.337147	0.000571643
0.008016136	0.9144	-0.002588783	0.401476941	194.7017721	194.7017721	273.15	0.337147	0.000571643
0.009201801	0.9144	-0.0034167	0.377045123	197.8521677	197.8521677	273.15	0.391086	0.000757138
0.009201801	0.9144	-0.0034167	0.377045123	197.8521678	197.8521678	273.15	0.391086	0.000757138
0.009251709	0.9144	-0.003449176	0.376103912	197.9640003	197.9640003	273.15	0.39377	0.000765558
0.010413886	0.9144	-0.004205431	0.354186343	200.5681932	200.5681932	273.15	0.456261	0.000961629
0.010413887	0.9144	-0.004205431	0.35418634	200.5681935	200.5681935	273.15	0.456261	0.000961629
0.010417695	0.9144	-0.004207755	0.35410695	200.5757401	200.5757401	273.15	0.456515	0.000962312
0.011648306	0.9144	-0.004958623	0.328455933	203.0140311	203.0140311	273.15	0.538341	0.00118299
0.011648353	0.9144	-0.004958651	0.328455195	203.014111	203.014111	273.15	0.538343	0.001183
0.012892134	0.914399999	-0.00567488	0.304300509	206.0768609	206.0768609	273.15	0.640825	0.00143001
0.01290154	0.914399999	-0.005680296	0.304117851	206.1000214	206.1000214	273.15	0.6416	0.00143188
0.013856945	0.9144	-0.006202152	0.288730519	209.1811858	209.1811858	273.15	0.734775	0.00165106
0.014170672	0.9144	-0.006373514	0.283677774	210.192949	210.192949	273.15	0.76537	0.00172303
0.014170673	0.9144	-0.006373514	0.283677772	210.1929495	210.1929495	273.15	0.765371	0.00172303
0.015453791	0.914400001	-0.007040488	0.268182153	214.2347535	214.2347535	272.8880679	0.908335	0.0020574
0.016749218	0.914400001	-0.007683104	0.248900811	217.5911657	217.5911657	272.3878326	0.995341	0.00226804
0.016749268	0.914400001	-0.007683129	0.248899926	217.5913127	217.5913127	272.3878116	0.995345	0.00226805
0.018055449	0.914400001	-0.008303724	0.23286227	220.9943027	220.9943027	272.1148611	1	0.00228044
0.018055449	0.914400001	-0.008303724	0.232862267	220.9943034	220.9943034	272.114861	1	0.00228044
0.019371062	0.914400002	-0.008904065	0.223135557	225.0654211	225.0654211	271.922381	1	0.00228959
0.019371064	0.914400002	-0.008904065	0.223135549	225.0654241	225.0654241	271.9223809	1	0.00228959
0.019371065	0.914400002	-0.008904066	0.22313554	225.0654279	225.0654279	271.9223807	1	0.00228959
0.020695126	0.914400002	-0.009485536	0.210552239	229.2544739	229.2544739	271.7350262	1	0.0022528
0.022026898	0.914400001	-0.010049123	0.197764512	232.8376088	232.8376088	271.568734	1	0.00219635
0.022026899	0.914400001	-0.010049123	0.197764504	232.8376109	232.8376109	271.5687339	1	0.00219635
0.023365563	0.914400001	-0.010596137	0.188356217	235.8412432	235.8412432	271.4354861	1	0.00216488
0.023365563	0.914400001	-0.010596137	0.188356214	235.8412442	235.8412442	271.4354861	1	0.00216488
0.02471045	0.914400002	-0.01112767	0.181892976	238.735158	238.735158	271.3249512	1	0.00215363
0.024710451	0.914400002	-0.011127671	0.18189297	238.73516	238.73516	271.3249511	1	0.00215363
0.025976791	0.9144	-0.011612596	0.172897706	241.5940396	241.5940396	271.2146378	1	0.00210064
0.026060933	0.9144	-0.011644817	0.172300009	241.784	241.784	271.2073079	1	0.00209711
0.026346283	0.9144	-0.011750785	0.170548816	242.3814897	242.3814897	271.1853065	1	0.00208685
0.027416589	0.9144	-0.012148255	0.163980345	244.6225874	244.6225874	271.1027823	1	0.00204834
0.028776964	0.914400002	-0.012638632	0.15642627	246.8923299	246.8923299	271.0112551	1	0.00199972
0.028777016	0.914400002	-0.012638651	0.156425905	246.8924195	246.8924195	271.0112512	1	0.00199972
0.028777069	0.914400002	-0.012638669	0.156425607	246.8924885	246.8924885	271.011248	1	0.00199971
0.030141841	0.9144	-0.013116673	0.146911642	248.7011613	248.7011613	270.9196168	1	0.0019189
0.031510657	0.914400001	-0.013582962	0.140037885	250.17047	250.17047	270.8456525	1	0.00186574
0.03151071	0.914400001	-0.01358298	0.140037542	250.1705342	250.1705342	270.845649	1	0.00186574
0.032883282	0.9144	-0.014038281	0.134325727	251.4969481	251.4969481	270.7807229	1	0.00182289
0.032883282	0.9144	-0.014038281	0.134325727	251.4969482	251.4969482	270.7807229	1	0.00182289
0.034259303	0.914400001	-0.014483044	0.12867723	252.8671854	252.8671854	270.7179233	1	0.00177561
0.034259304	0.914400001	-0.014483044	0.128677229	252.8671858	252.8671858	270.7179233	1	0.00177561
0.035638495	0.914399998	-0.014917694	0.123742082	254.2603203	254.2603203	270.6607085	1	0.00173509
0.035638547	0.914399998	-0.014917711	0.123741907	254.2603726	254.2603726	270.6607064	1	0.00173509
0.037007475	0.914399999	-0.015338567	0.118858273	255.6215105	255.6215105	270.6058092	1	0.00169063
0.037020814	0.914399999	-0.015342668	0.118810685	255.6347741	255.6347741	270.6052742	1	0.0016902
0.037020815	0.914399999	-0.015342668	0.118810683	255.6347746	255.6347746	270.6052742	1	0.0016902
0.037034156	0.914399999	-0.015346671	0.11876685	255.6473756	255.6473756	270.604778	1	0.00168979
0.038405867	0.914399999	-0.015758258	0.114259907	256.9430203	256.9430203	270.553756	1	0.00164853
0.038405919	0.914399999	-0.015758274	0.114259743	256.9430695	256.9430695	270.5537541	1	0.00164853
0.039793603	0.9144	-0.016165003	0.11047509	258.103461	258.103461	270.5082724	1	0.00161466
0.039793656	0.9144	-0.016165018	0.110474963	258.1035055	258.1035055	270.5082708	1	0.00161466
0.039793709	0.9144	-0.016165034	0.110474707	258.1035447	258.1035447	270.5082685	1	0.00161465
0.041183851	0.9144	-0.016563273	0.104469618	259.1287774	259.1287774	270.4521162	1	0.00154577
0.042576305	0.914400001	-0.01695335	0.098995275	260.0456902	260.0456902	270.4001826	1	0.00148218
0.042576359	0.914400001	-0.016953365	0.098995053	260.0457255	260.0457255	270.4001805	1	0.00148217
0.043971002	0.914400002	-0.01733554	0.09671388	260.7790717	260.7790717	270.3676823	1	0.00146421
0.043971056	0.914400002	-0.017335555	0.096713802	260.7791002	260.7791002	270.3676811	1	0.00146421
0.045367771	0.914400001	-0.017710086	0.09332705	261.2886564	261.2886564	270.332141	1	0.00142735
0.045367825	0.914400001	-0.0177101	0.093326907	261.288676	261.288676	270.3321395	1	0.00142735
0.045367879	0.914400001	-0.017710114	0.093326766	261.2886877	261.2886877	270.3321382	1	0.00142735
0.046766565	0.9144	-0.018077217	0.089567813	261.6333807	261.6333807	270.2955755	1	0.00138322
0.046766618	0.9144	-0.018077231	0.089567661	261.6333931	261.6333931	270.295574	1	0.00138322
0.048167157	0.9144	-0.018437206	0.085297331	261.9209595	261.9209595	270.2550391	1	0.00132913
0.049569441	0.9144	-0.018790317	0.081764708	262.1879781	262.1879781	270.220597	0.977345	0.00128538
0.049569494	0.9144	-0.01879033	0.081764598	262.1879896	262.1879896	270.2205957	0.977344	0.00128538
0.050973422	0.9144	-0.019136858	0.079103046	262.4173984	262.4173984	270.243217	0.887502	0.00117127
0.050973475	0.9144	-0.019136871	0.079102907	262.4174059	262.4174059	270.2432177	0.887499	0.00117126
0.052378986	0.9144	-0.019476905	0.074322919	262.6024778	262.6024778	270.2500914	0.864926	0.00102596
0.05237904	0.9144	-0.019476918	0.074322746	262.6024848	262.6024848	270.2500918	0.864925	0.00102596
0.053786047	0.9144	-0.019810721	0.071466736	262.7522424	262.7522424	270.2173991	0.862808	0.000992544
0.0537861	0.9144	-0.019810734	0.071466669	262.7522475	262.7522475	270.2173982	0.862808	0.000992543
0.053786154	0.9144	-0.019810746	0.071466566	262.7522521	262.7522521	270.217397	0.862808	0.000992542
0.055194596	0.9144	-0.020138434	0.069966051	262.8588189	262.8588189	270.1968365	0.861518	0.000977231
0.056598274	0.9144	-0.020458805	0.067673788	262.9257443	262.9257443	270.1698386	0.859606	0.000949374
0.056604454	0.9144	-0.020460216	0.067663695	262.926039	262.926039	270.1697197	0.859597	0.000949251
0.056610636	0.9144	-0.0204616	0.067647704	262.9262331	262.9262331	270.1695513	0.859584	0.000949039
0.058015615	0.9144	-0.02077626	0.064013272	262.970364	262.970364	270.1312743	0.856687	0.000900788
0.059427962	0.9144	-0.021086693	0.062163316	262.9926546	262.9926546	270.108191	0.854914	0.00087834
0.059428016	0.9144	-0.021086705	0.06216323	262.9926554	262.9926554	270.10819	0.854914	0.000878339
0.060840553	0.9144	-0.021391537	0.060118821	263.0109424	263.0109424	270.083434	0.852916	0.000852464
0.060841587	0.9144	-0.02139176	0.060117324	263.0109558	263.0109558	270.0834158	0.852915	0.000852445
0.060841587	0.9144	-0.02139176	0.060117324	263.0109558	263.0109558	270.0834158	0.852915	0.000852445
0.060842624	0.9144	-0.02139198	0.060116082	263.0109725	263.0109725	270.0833999	0.852913	0.00085243
0.062256236	0.9144	-0.021691536	0.058423087	263.0336973	263.0336973	270.061626	0.851073	0.000831312
0.06225629	0.9144	-0.021691548	0.058423003	263.0336982	263.0336982	270.061625	0.851073	0.000831311
0.063672023	0.9144	-0.021986153	0.055363485	263.0271134	263.0271134	270.0262195	0.847698	0.000789014
0.063672076	0.9144	-0.021986164	0.055363373	263.0271132	263.0271132	270.0262182	0.847698	0.000789012
0.065088851	0.9144	-0.022275711	0.052402934	262.9637543	262.9637543	269.9919336	0.844305	0.00074766
0.065088905	0.9144	-0.022275722	0.052402829	262.9637519	262.9637519	269.9919324	0.844305	0.000747658
0.066506672	0.9144	-0.022560355	0.052024305	262.8697817	262.8697817	269.9837108	0.84365	0.000745449
0.066506727	0.9144	-0.022560366	0.05202428	262.8697781	262.8697781	269.9837104	0.84365	0.000745449
0.067925451	0.9144	-0.022840203	0.050188621	262.7627571	262.7627571	269.959858	0.840998	0.000720337
0.067925505	0.9144	-0.022840213	0.050188561	262.762753	262.762753	269.9598572	0.840998	0.000720336
0.069345144	0.9144	-0.023115375	0.047146774	262.637873	262.637873	269.9239294	0.836958	0.000676374
0.069345198	0.9144	-0.023115386	0.04714666	262.6378683	262.6378683	269.923928	0.836958	0.000676372
0.070765715	0.9144	-0.023385985	0.045264303	262.4950989	262.4950989	269.8995634	0.834039	0.000649882
0.070765769	0.9144	-0.023385995	0.04526424	262.4950943	262.4950943	269.8995626	0.834039	0.000649881
0.070765823	0.9144	-0.023386006	0.045264185	262.4950876	262.4950876	269.8995619	0.834038	0.00064988
0.072187182	0.9144	-0.023652145	0.044474728	262.3412374	262.3412374	269.8874015	0.832638	0.00064017
0.073609352	0.9144	-0.023913925	0.042812835	262.1744551	262.1744551	269.8648853	0.829623	0.000616504
0.073609406	0.9144	-0.023913935	0.042812774	262.1744488	262.1744488	269.8648845	0.829623	0.000616504
0.07360946	0.9144	-0.023913945	0.042812714	262.1744407	262.1744407	269.8648837	0.829623	0.000616503
0.075032405	0.9144	-0.024171452	0.041679393	261.9687737	261.9687737	269.8489899	0.827576	0.000601025
0.076456107	0.9144	-0.024424767	0.040113857	261.7275957	261.7275957	269.8272388	0.824312	0.000578365
0.076456162	0.9144	-0.024424776	0.040113794	261.7275853	261.7275853	269.8272379	0.824311	0.000578365
0.077880584	0.9144	-0.024673987	0.038013136	261.4782662	261.4782662	269.7990199	0.819967	0.000547057
0.077880639	0.9144	-0.024673997	0.038013088	261.4782579	261.4782579	269.7990192	0.819967	0.000547057
0.079305764	0.9144	-0.024919185	0.037492347	261.2035288	261.2035288	269.7905274	0.818763	0.000540639
0.079305818	0.9144	-0.024919194	0.037492325	261.2035183	261.2035183	269.790527	0.818763	0.000540638
0.080731615	0.9144	-0.025160418	0.036547091	260.8952788	260.8952788	269.7759139	0.816111	0.000527261
0.08073167	0.9144	-0.025160427	0.036547027	260.8952659	260.8952659	269.775913	0.816111	0.00052726
0.082158109	0.9144	-0.025397818	0.03375298	260.5742739	260.5742739	269.7361983	0.808403	0.000484099
0.082158163	0.9144	-0.025397827	0.033752898	260.5742612	260.5742612	269.7361971	0.808403	0.000484097
0.083585232	0.9144	-0.02563143	0.032706627	260.2532828	260.2532828	269.72174	0.806273	0.000468826
0.083585287	0.9144	-0.025631439	0.032706579	260.2532722	260.2532722	269.7217393	0.806273	0.000468825
0.085012949	0.9144	-0.025861373	0.031583074	259.8904727	259.8904727	269.7039598	0.802236	0.000452056
0.085013004	0.9144	-0.025861382	0.031583044	259.8904589	259.8904589	269.7039593	0.802236	0.000452056
0.085013058	0.9144	-0.02586139	0.031582991	259.8904391	259.8904391	269.7039585	0.802236	0.000452055
0.086441308	0.9144	-0.026087664	0.030471002	259.3720602	259.3720602	269.6867573	0.798227	0.000435481
0.087870121	0.9144	-0.026310286	0.029621089	258.8250942	258.8250942	269.6740771	0.795517	0.000422944
0.087870176	0.9144	-0.026310294	0.029621057	258.8250718	258.8250718	269.6740766	0.795517	0.000422944
0.089371002	0.9144	-0.026540374	0.029024509	258.4429622	258.4429622	269.6648357	0.793761	0.000414484
0.089371059	0.9144	-0.026540383	0.02902448	258.4429476	258.4429476	269.6648352	0.793761	0.000414483
0.089371119	0.9144	-0.026540392	0.02902442	258.4429344	258.4429344	269.6648342	0.79376	0.000414483
0.090947616	0.9144	-0.02677785	0.028112245	258.0563321	258.0563321	269.6493341	0.789479	0.000400732
0.090947679	0.9144	-0.026777859	0.028112182	258.0563117	258.0563117	269.6493331	0.789479	0.000400731
0.092603662	0.9144	-0.027022754	0.025633585	257.5231459	257.5231459	269.6108629	0.779658	0.000361423
0.094343139	0.9144	-0.027275142	0.025199758	256.9805369	256.9805369	269.603757	0.777961	0.000355404
0.094343206	0.9144	-0.027275152	0.02519974	256.9805163	256.9805163	269.6037567	0.777961	0.000355404
0.094343275	0.9144	-0.027275162	0.025199704	256.9804983	256.9804983	269.6037561	0.777961	0.000355404
0.096170456	0.9144	-0.027535083	0.024351974	256.5099047	256.5099047	269.5890493	0.773464	0.000342476
0.098089779	0.9144	-0.02780245	0.023038484	255.9783121	255.9783121	269.5665351	0.766215	0.000321866
0.098089852	0.9144	-0.027802461	0.023038443	255.9782919	255.9782919	269.5665344	0.766215	0.000321865
0.098089929	0.9144	-0.027802471	0.023038381	255.978268	255.978268	269.5665333	0.766215	0.000321864
0.10010605	0.9144	-0.028077123	0.021577881	255.3534987	255.3534987	269.5402057	0.755806	0.000298669
0.100106131	0.9144	-0.028077134	0.021577818	255.3534755	255.3534755	269.5402046	0.755806	0.000298668
0.10222392	0.9144	-0.028359182	0.020112077	254.7457174	254.7457174	269.5145821	0.74679	0.000275307
0.102224005	0.9144	-0.028359193	0.020112057	254.7456966	254.7456966	269.5145817	0.74679	0.000275307
0.104448603	0.9144	-0.028648342	0.019222937	254.108953	254.108953	269.4981425	0.739863	0.000261378
0.104448692	0.9144	-0.028648353	0.019222899	254.1089268	254.1089268	269.4981418	0.739862	0.000261378
0.106785476	0.9144	-0.028944433	0.018262104	253.4509726	253.4509726	269.4800184	0.731507	0.000246171
0.106785569	0.9144	-0.028944445	0.01826206	253.450946	253.450946	269.4800175	0.731506	0.00024617
0.109240207	0.9144	-0.029247331	0.017239824	252.8177931	252.8177931	269.4601789	0.721416	0.000229828
0.109240305	0.9144	-0.029247342	0.017239784	252.8177686	252.8177686	269.4601782	0.721415	0.000229828
0.111818708	0.9144	-0.029556781	0.016123426	252.0511369	252.0511369	269.4384277	0.709318	0.000211848
0.111818805	0.9144	-0.029556792	0.016123378	252.0510961	252.0510961	269.4384268	0.709317	0.000211848
0.114375637	0.9144	-0.029855021	0.01501175	251.1028545	251.1028545	269.4164579	0.694991	0.000193862
0.116933414	0.9144	-0.030145003	0.013749229	250.1423639	250.1423639	269.390921	0.676678	0.000173226
0.116933512	0.9144	-0.030145014	0.013749194	250.1423224	250.1423224	269.3909203	0.676677	0.000173225
0.119492197	0.9144	-0.030426957	0.013141606	249.2442396	249.2442396	269.3787193	0.666733	0.000163517
0.119492295	0.9144	-0.030426967	0.013141575	249.2442102	249.2442102	269.3787186	0.666732	0.000163517
0.119492392	0.9144	-0.030426978	0.013141534	249.2441771	249.2441771	269.3787178	0.666731	0.000163516
0.122051925	0.9144	-0.030701084	0.012378977	248.3763174	248.3763174	269.3627744	0.652344	0.000151098
0.122052023	0.9144	-0.030701095	0.01237895	248.3762855	248.3762855	269.3627738	0.652343	0.000151098
0.124612355	0.9144	-0.030967599	0.011603202	247.5412717	247.5412717	269.346302	0.636603	0.000138391
0.124612453	0.9144	-0.030967609	0.011603164	247.5412416	247.5412416	269.3463011	0.636602	0.000138391
0.127173548	0.9144	-0.031226676	0.010520709	246.7533027	246.7533027	269.321958	0.60811	0.000120386
0.12973537	0.9144	-0.031478474	0.009819156	245.9686494	245.9686494	269.3064562	0.589705	0.000108808
0.129735468	0.9144	-0.031478484	0.009819131	245.9686195	245.9686195	269.3064557	0.589705	0.000108807
0.13229798	0.9144	-0.031723091	0.009293294	245.1339464	245.1339464	269.2945353	0.569602	0.00010016
0.132298078	0.9144	-0.0317231	0.009293278	245.1339145	245.1339145	269.2945349	0.569601	0.00010016
0.132298176	0.9144	-0.031723109	0.009293239	245.1338821	245.1338821	269.294534	0.5696	0.000100159
0.134861354	0.9144	-0.031960752	0.008181612	244.2832676	244.2832676	269.2684024	0.527627	8.14896e-05
0.134861452	0.9144	-0.031960761	0.008181599	244.2832403	244.2832403	269.2684021	0.527627	8.14894e-05
0.137425236	0.9144	-0.032191637	0.007640546	243.4636372	243.4636372	269.2556255	0.498105	7.25067e-05
0.137425334	0.9144	-0.032191645	0.007640532	243.4636038	243.4636038	269.2556251	0.498104	7.25065e-05
0.139989711	0.9144	-0.032415939	0.007505369	242.6910825	242.6910825	269.2531248	0.490631	7.04439e-05
0.142554646	0.9144	-0.032633789	0.007244172	241.9158588	241.9158588	269.2475509	0.480219	6.61975e-05
0.142554743	0.9144	-0.032633797	0.007244143	241.9158252	241.9158252	269.2475502	0.480217	6.6197e-05
0.145120211	0.9144	-0.032845198	0.006320765	241.0475247	241.0475247	269.2246796	0.421208	5.05938e-05
0.145120309	0.9144	-0.032845206	0.00632074	241.0474955	241.0474955	269.224679	0.421206	5.05933e-05
0.145120407	0.9144	-0.032845214	0.006320727	241.047461	241.047461	269.2246787	0.421205	5.05931e-05
0.147686383	0.9144	-0.033050396	0.005871421	240.1414236	240.1414236	269.2140421	0.386927	4.31128e-05
0.147686481	0.9144	-0.033050404	0.005871404	240.1413921	240.1413921	269.2140417	0.386925	4.31125e-05
0.150252929	0.9144	-0.033249554	0.005516523	239.3171794	239.3171794	269.2054656	0.348909	3.72119e-05
0.152819826	0.9144	-0.033442825	0.00480607	238.5052037	238.5052037	269.1871457	0.274454	2.51802e-05
0.152819923	0.9144	-0.033442832	0.004806049	238.5051727	238.5051727	269.1871452	0.274452	2.51799e-05
0.152820021	0.9144	-0.033442839	0.004806033	238.5051383	238.5051383	269.1871448	0.274449	2.51796e-05
0.155387366	0.9144	-0.033630154	0.004414886	237.6033156	237.6033156	269.1774254	0.210639	1.8647e-05
0.155387464	0.9144	-0.033630161	0.004414882	237.6032825	237.6032825	269.1774253	0.210637	1.8647e-05
0.157955208	0.9144	-0.033811823	0.004303197	236.7366706	236.7366706	269.175539	0.186915	1.69196e-05
0.16052334	0.9144	-0.033987968	0.004112607	235.9295149	235.9295149	269.1714509	0.168828	1.38106e-05
0.160523438	0.9144	-0.033987975	0.004112599	235.9294885	235.9294885	269.1714507	0.168827	1.38104e-05
0.160523536	0.9144	-0.033987982	0.004112588	235.9294508	235.9294508	269.1714508	0.168825	1.38103e-05
0.163092044	0.9144	-0.034158544	0.003682643	235.0557082	235.0557082	269.1949899	0.101877	7.79415e-06
0.165660902	0.9144	-0.034323762	0.003323374	234.2069044	234.2069044	269.3180462	0.0765445	6.40464e-06
0.165661	0.9144	-0.034323768	0.003323356	234.2068677	234.2068677	269.3180521	0.0765432	6.40455e-06
0.165661098	0.9144	-0.034323774	0.003323331	234.2068387	234.2068387	269.3180558	0.07654	6.40429e-06
0.168230284	0.9144	-0.03448383	0.002754763	233.4159584	233.4159584	269.3958622	0	0
0.170799796	0.9144	-0.034638605	0.002650825	232.5822754	232.5822754	269.4410346	0	0
0.170799894	0.9144	-0.034638611	0.002650827	232.5822422	232.5822422	269.4410333	0	0
0.170799992	0.9144	-0.034638616	0.00265082	232.5822156	232.5822156	269.4410368	0	0
0.173369796	0.9144	-0.034788405	0.002385183	231.7702993	231.7702993	269.5621912	0	0
0.173369894	0.9144	-0.03478841	0.00238517	231.770269	231.770269	269.5621971	0	0
0.175939975	0.9144	-0.034933272	0.002223816	230.9766914	230.9766914	269.6348818	0	0
0.178510336	0.9144	-0.035073175	0.002170234	230.1467534	230.1467534	269.657618	0	0
0.178510434	0.9144	-0.03507318	0.00217023	230.1467217	230.1467217	269.6576197	0	0
0.178510532	0.9144	-0.035073185	0.002170228	230.146691	230.146691	269.6576206	0	0
0.181081147	0.9144	-0.035208422	0.002024841	229.3415494	229.3415494	269.7235475	0	0
0.181081245	0.9144	-0.035208427	0.00202483	229.3415192	229.3415192	269.7235527	0	0
0.183652102	0.9144	-0.035338904	0.001766714	228.5505727	228.5505727	269.8431418	0	0
0.186223177	0.9144	-0.035464839	0.001479392	227.7657024	227.7657024	269.9769275	0	0
0.186223275	0.9144	-0.035464844	0.001479382	227.7656725	227.7656725	269.9769323	0	0
0.186223373	0.9144	-0.035464849	0.00147938	227.765643	227.765643	269.976933	0	0
0.188794678	0.9144	-0.035586285	0.001452125	226.9913924	226.9913924	269.9882808	0	0
0.191366189	0.9144	-0.035703255	0.001377498	226.2250828	226.2250828	270.0223336	0	0
0.191366287	0.9144	-0.035703259	0.001377496	226.2250536	226.2250536	270.0223347	0	0
0.191366385	0.9144	-0.035703263	0.001377488	226.2250245	226.2250245	270.0223381	0	0
0.193938077	0.9144	-0.035815973	0.001223214	225.4626567	225.4626567	270.0943388	0	0
0.193938176	0.9144	-0.035815977	0.001223213	225.4626274	225.4626274	270.0943395	0	0
0.196510062	0.9144	-0.035924306	0.001106595	224.6938816	224.6938816	270.1487673	0	0
0.199082118	0.9144	-0.036028581	0.000803897	223.9334905	223.9334905	270.2924048	0	0
0.199082216	0.9144	-0.036028585	0.000803884	223.9334615	223.9334615	270.2924108	0	0
0.199082314	0.9144	-0.036028588	0.000803879	223.9334324	223.9334324	270.2924132	0	0
0.201654527	0.9144	-0.036128621	0.000734704	223.1701355	223.1701355	270.3248452	0	0
0.201654626	0.9144	-0.036128624	0.000734703	223.1701063	223.1701063	270.3248458	0	0
0.204226996	0.9144	-0.036224748	0.000664035	222.4033593	222.4033593	270.4056061	0.16666	1.6631e-06
0.206799513	0.9144	-0.03631679	0.000625994	221.6342185	221.6342185	270.4639592	0.333321	3.07623e-06
0.206799611	0.9144	-0.036316794	0.000625993	221.6341892	221.6341892	270.4639632	0.333333	3.07635e-06
0.206799709	0.9144	-0.036316797	0.000625989	221.6341598	221.6341598	270.4639671	0.333346	3.07642e-06
0.20937237	0.9144	-0.036405042	0.000518513	220.8642731	220.8642731	270.5668905	0.666667	4.86401e-06
0.209372468	0.9144	-0.036405046	0.000518512	220.8642437	220.8642437	270.5668893	0.66666	4.86395e-06
0.211945251	0.9144	-0.03648937	0.000497589	220.0944638	220.0944638	270.5362166	0.5	3.45453e-06
0.214518155	0.9144	-0.036570012	0.000485679	219.3258469	219.3258469	270.5340888	0.5	3.16818e-06
0.214518253	0.9144	-0.036570015	0.000485679	219.3258176	219.3258176	270.5340888	0.5	3.16817e-06
0.214518351	0.9144	-0.036570018	0.000485675	219.3257886	219.3257886	270.5340951	0.500019	3.16833e-06
0.217091352	0.9144	-0.036646903	0.000395584	218.5659248	218.5659248	270.7021052	1	7.47127e-06
0.219664473	0.9144	-0.036720224	0.000387984	217.8083141	217.8083141	270.7019567	1	7.32364e-06
0.219664572	0.9144	-0.036720227	0.000387983	217.8082852	217.8082852	270.7019567	1	7.32363e-06
0.22223779	0.9144	-0.036789897	0.000343296	217.050861	217.050861	270.6995791	1	6.47588e-06
0.222237888	0.9144	-0.036789899	0.000343295	217.0508321	217.0508321	270.699579	1	6.47585e-06
0.222237987	0.9144	-0.036789902	0.000343291	217.0508034	217.0508034	270.6995788	1	6.47578e-06
0.224811302	0.9144	-0.036856147	0.000240218	216.2969259	216.2969259	270.6936283	1	4.52913e-06
0.2248114	0.9144	-0.03685615	0.000240217	216.2968972	216.2968972	270.6936282	1	4.52911e-06
0.227384813	0.9144	-0.036918843	0.000208188	215.5452457	215.5452457	270.6920397	1	3.92108e-06
0.227384911	0.9144	-0.036918846	0.000208189	215.5452172	215.5452172	270.6920398	1	3.92109e-06
0.229958396	0.9144	-0.036978242	0.00021469	214.7980533	214.7980533	270.6927581	1	4.04224e-06
0.232531953	0.9144	-0.037034202	0.000108704	214.065695	214.065695	270.6866215	1	2.04483e-06
0.232532052	0.9144	-0.037034204	0.0001087	214.0656671	214.0656671	270.6866213	1	2.04474e-06
0.23253215	0.9144	-0.037034206	0.000108698	214.0656395	214.0656395	270.6866212	1	2.04472e-06
0.235105756	0.9144	-0.037087002	9.8975E-05	213.3422564	213.3422564	270.6863619	1	1.86058e-06
0.237679459	0.9144	-0.037136434	7.48101E-05	212.6150655	212.6150655	270.6852215	1	1.40508e-06
0.237679557	0.9144	-0.037136435	7.481E-05	212.6150377	212.6150377	270.6852215	1	1.40508e-06
0.237679655	0.9144	-0.037136437	7.48099E-05	212.6150103	212.6150103	270.6852215	1	1.40508e-06
0.240253407	0.9144	-0.037182802	6.96489E-05	211.8960537	211.8960537	270.6852566	1	1.30708e-06
0.240253505	0.9144	-0.037182804	6.96488E-05	211.8960267	211.8960267	270.6852566	1	1.30708e-06
0.242827305	0.9144	-0.037225944	6.46366E-05	211.1862081	211.1862081	270.6853074	1	1.21202e-06
0.242827403	0.9144	-0.037225945	6.46357E-05	211.1861813	211.1861813	270.6853073	0.999962	1.212e-06
0.245401252	0.9144	-0.037266088	4.22684E-05	210.4825423	210.4825423	270.6842822	0	7.92166e-07
0.24540135	0.9144	-0.037266089	4.2268E-05	210.4825157	210.4825157	270.6842822	0	7.92158e-07
0.247975247	0.9144	-0.037303143	3.77046E-05	209.7847833	209.7847833	270.6843769	0	7.05519e-07
0.250549192	0.9144	-0.037337261	3.93499E-05	209.0960499	209.0960499	270.6848554	0	7.3625e-07
0.25054929	0.9144	-0.037337262	3.935E-05	209.0960236	209.0960236	270.6848554	0	7.36251e-07
0.250549388	0.9144	-0.037337263	3.93486E-05	209.0959975	209.0959975	270.6848553	-3.81E-05	7.36226e-07
0.253123358	0.9144	-0.037368428	0	208.41244	208.41244	270.6827811	-1	0
0.255697376	0.9144	-0.037396699	0	207.7313628	207.7313628	270.68317	-1	0
0.255697474	0.9144	-0.0373967	0	207.7313368	207.7313368	270.68317	-1	0
0.255697572	0.9144	-0.037396701	0	207.731311	207.731311	270.68317	-1	0
0.258271614	0.9144	-0.037422153	0	207.0535516	207.0535516	270.6835656	-1	0
0.258271712	0.9144	-0.037422153	0	207.053526	207.053526	270.6835656	-1	0
0.260845779	0.9144	-0.037444759	0	206.382387	206.382387	270.6839678	-1	0
0.260845877	0.9144	-0.03744476	0	206.3823616	206.3823616	270.6839678	-1	0
0.263419968	0.9144	-0.037464671	0	205.7169969	205.7169969	270.6843762	-1	0
0.263420066	0.9144	-0.037464671	0	205.7169717	205.7169717	270.6843762	-1	0
0.265994156	0.9144	-0.037481781	0	205.0547858	205.0547858	270.6847908	-1	0
0.265994255	0.9144	-0.037481782	0	205.054761	205.054761	270.6847908	-1	0
0.268568394	0.9144	-0.037496306	0	204.4035492	204.4035492	270.6852114	-1	0
0.268568492	0.9144	-0.037496307	0	204.4035244	204.4035244	270.6852115	-1	0
0.271142631	0.9144	-0.0375081	0	203.7524499	203.7524499	270.6856383	-1	0
0.271142729	0.9144	-0.0375081	0	203.7524253	203.7524253	270.6856383	-1	0
0.273716868	0.9144	-0.037517368	0	203.1064894	203.1064894	270.6860709	-1	0
0.273716966	0.9144	-0.037517369	0	203.1064649	203.1064649	270.6860709	-1	0
0.27629113	0.9144	-0.037524015	0	202.4653253	202.4653253	270.686509	-1	0
0.276291228	0.9144	-0.037524015	0	202.4653008	202.4653008	270.686509	-1	0
0.278865391	0.914400254	-0.037528172	0	201.824958	201.824958	270.6869522	-1	0
0.278865649	0.914400254	-0.037528172	0	201.8248942	201.8248942	270.6869522	-1	0
0.281439653	0.9144	-0.037529825	0	201.1872491	201.1872491	270.6874002	-1	0
0.281439751	0.9144	-0.037529825	0	201.1872249	201.1872249	270.6874002	-1	0
0.284013914	0.9144	-0.037529026	0	200.5521613	200.5521613	270.6878528	-1	0
0.284014012	0.9144	-0.037529026	0	200.5521372	200.5521372	270.6878528	-1	0
0.286588176	0.9144	-0.037525819	0	199.9182977	199.9182977	270.68831	-1	0
0.286588274	0.9144	-0.037525819	0	199.9182735	199.9182735	270.68831	-1	0
0.289162437	0.9144	-0.03752019	0	199.2842746	199.2842746	270.6887716	-1	0
0.289162535	0.9144	-0.03752019	0	199.2842505	199.2842505	270.6887717	-1	0
0.291736699	0.9144	-0.037512254	0	198.6515791	198.6515791	270.6892373	-1	0
0.291736797	0.9144	-0.037512254	0	198.6515551	198.6515551	270.6892374	-1	0
0.294310936	0.9144	-0.037501929	0	198.021854	198.021854	270.6897067	-1	0
0.294311034	0.9144	-0.037501929	0	198.02183	198.02183	270.6897067	-1	0
0.296885173	0.9144	-0.037489387	0	197.3939701	197.3939701	270.6901802	-1	0
0.296885271	0.9144	-0.037489387	0	197.393946	197.393946	270.6901802	-1	0
0.299459386	0.9144	-0.037474493	0	196.7624342	196.7624342	270.6906582	-1	0
0.299459484	0.9144	-0.037474492	0	196.7624103	196.7624103	270.6906582	-1	0
0.302033599	0.9144	-0.037457449	0	196.1343435	196.1343435	270.6911407	-1	0
0.302033697	0.9144	-0.037457448	0	196.1343196	196.1343196	270.6911407	-1	0
0.304607788	0.9144	-0.037438116	0	195.5072615	195.5072615	270.6916276	-1	0
0.304607886	0.9144	-0.037438115	0	195.5072376	195.5072376	270.6916276	-1	0
0.307181952	0.9144	-0.037416672	0	194.8806	194.8806	270.6921188	-1	0
0.307182051	0.9144	-0.037416671	0	194.8805761	194.8805761	270.6921188	-1	0
0.309756117	0.9144	-0.037393012	0	194.255132	194.255132	270.6926142	-1	0
0.309756215	0.9144	-0.037393011	0	194.2551083	194.2551083	270.6926142	-1	0
0.312330257	0.9144	-0.037367278	0	193.6314341	193.6314341	270.6931138	-1	0
0.312330356	0.9144	-0.037367277	0	193.6314105	193.6314105	270.6931138	-1	0
0.314904349	0.9144	-0.037339397	0	193.0110762	193.0110762	270.6936172	-1	0
0.314904448	0.9144	-0.037339395	0	193.0110525	193.0110525	270.6936172	-1	0
0.317478441	0.9144	-0.037309481	0	192.391215	192.391215	270.6941245	-1	0
0.317478539	0.9144	-0.03730948	0	192.3911915	192.3911915	270.6941245	-1	0
0.320052509	0.9144	-0.037277467	0	191.774487	191.774487	270.6946355	-1	0
0.320052607	0.9144	-0.037277465	0	191.7744636	191.7744636	270.6946355	-1	0
0.322626552	0.9144	-0.037243469	0	191.1602512	191.1602512	270.6951501	-1	0
0.322626651	0.9144	-0.037243468	0	191.1602278	191.1602278	270.6951501	-1	0
0.325200572	0.9144	-0.037207413	0	190.547109	190.547109	270.6956683	-1	0
0.32520067	0.9144	-0.037207411	0	190.5470856	190.5470856	270.6956683	-1	0
0.327774542	0.9144	-0.037169422	0	189.9352146	189.9352146	270.69619	-1	0
0.327774641	0.9144	-0.03716942	0	189.9351913	189.9351913	270.69619	-1	0
0.330348513	0.9144	-0.037129405	0	189.3268992	189.3268992	270.6967156	-1	0
0.330348611	0.9144	-0.037129403	0	189.3268761	189.3268761	270.6967156	-1	0
0.332922436	0.9144	-0.037087507	0	188.721266	188.721266	270.6972453	-1	0
0.332922534	0.9144	-0.037087506	0	188.7212428	188.7212428	270.6972454	-1	0
0.335496309	0.9144	-0.037043615	0	188.1133474	188.1133474	270.6977796	-1	0
0.335496408	0.9144	-0.037043613	0	188.1133243	188.1133243	270.6977796	-1	0
0.338070159	0.9144	-0.036997872	0	187.5086534	187.5086534	270.6983186	-1	0
0.338070257	0.9144	-0.03699787	0	187.5086304	187.5086304	270.6983186	-1	0
0.340643985	0.9144	-0.036950194	0	186.9053226	186.9053226	270.6988623	-1	0
0.340644083	0.9144	-0.036950192	0	186.9052995	186.9052995	270.6988623	-1	0
0.343217786	0.9144	-0.036900676	0	186.2994537	186.2994537	270.6994105	-1	0
0.343217884	0.9144	-0.036900674	0	186.2994307	186.2994307	270.6994105	-1	0
0.345791539	0.9144	-0.036849286	0	185.6948327	185.6948327	270.6999631	-1	0
0.345791637	0.9144	-0.036849284	0	185.6948105	185.6948105	270.6999631	-1	0
0.348365243	0.9144	-0.036796061	0	185.1135593	185.1135593	270.7005205	-1	0
0.348365341	0.9144	-0.036796059	0	185.1135368	185.1135368	270.7005205	-1	0
0.350938923	0.9144	-0.036741038	0	184.5236291	184.5236291	270.7010847	-1	0
0.350939021	0.9144	-0.036741036	0	184.5236044	184.5236044	270.7010847	-1	0
0.353512555	0.9144	-0.036684095	0	183.8777635	183.8777635	270.7016565	-1	0
0.353512653	0.9144	-0.036684093	0	183.8777404	183.8777404	270.7016565	-1	0
0.356086138	0.9144	-0.03662542	0	183.2701162	183.2701162	270.7022321	-1	0
0.356086236	0.9144	-0.036625418	0	183.2700954	183.2700954	270.7022321	-1	0
0.358659697	0.9144	-0.036565059	0	182.7258962	182.7258962	270.702809	-1	0
0.358659795	0.9144	-0.036565056	0	182.7258732	182.7258732	270.702809	-1	0
0.361233208	0.9144	-0.036502859	0	182.1228095	182.1228095	270.7033915	-1	0
0.361233306	0.9144	-0.036502857	0	182.1227854	182.1227854	270.7033915	-1	0
0.363806694	0.9144	-0.036438861	0	181.4893256	181.4893256	270.7039815	-1	0
0.363806792	0.9144	-0.036438859	0	181.4893038	181.4893038	270.7039816	-1	0
0.366380107	0.9144	-0.036373219	0	180.9180823	180.9180823	270.7045763	-1	0
0.366380206	0.9144	-0.036373216	0	180.9180598	180.9180598	270.7045763	-1	0
0.368953497	0.9144	-0.036305821	0	180.3273434	180.3273434	270.7051764	-1	0
0.368953595	0.9144	-0.036305818	0	180.3273193	180.3273193	270.7051764	-1	0
0.371526838	0.9144	-0.036236621	0	179.6955176	179.6955176	270.7057839	-1	0
0.371526936	0.9144	-0.036236618	0	179.6954953	179.6954953	270.7057839	-1	0
0.374100106	0.9144	-0.036165816	0	179.109119	179.109119	270.7063972	-1	0
0.374100204	0.9144	-0.036165813	0	179.1090962	179.1090962	270.7063972	-1	0
0.37667335	0.9144	-0.036093288	0	178.5117221	178.5117221	270.7070162	-1	0
0.376673448	0.9144	-0.036093285	0	178.5116983	178.5116983	270.7070162	-1	0
0.379246546	0.9144	-0.036018995	0	177.8859321	177.8859321	270.707643	-1	0
0.379246644	0.9144	-0.036018992	0	177.8859093	177.8859093	270.707643	-1	0
0.381819693	0.9144	-0.035943134	0	177.2881317	177.2881317	270.7082769	-1	0
0.381819791	0.9144	-0.035943131	0	177.2881079	177.2881079	270.708277	-1	0
0.384392792	0.914400254	-0.035865519	0	176.6642337	176.6642337	270.7089179	-1	0
0.384393049	0.914400254	-0.035865511	0	176.664172	176.664172	270.708918	-1	0
0.386965842	0.9144	-0.035786233	0	176.0471531	176.0471531	270.7095664	-1	0
0.38696594	0.9144	-0.03578623	0	176.0471304	176.0471304	270.7095665	-1	0
0.38953882	0.9144	-0.035705403	0	175.4523638	175.4523638	270.7102225	-1	0
0.389538918	0.9144	-0.0357054	0	175.4523391	175.4523391	270.7102226	-1	0
0.392111773	0.9144	-0.035622744	0	174.8071645	174.8071645	270.7108881	-1	0
0.392111871	0.9144	-0.035622741	0	174.8071402	174.8071402	270.7108882	-1	0
0.394684654	0.9144	-0.035538541	0	174.1701084	174.1701084	270.7115631	-1	0
0.394684752	0.9144	-0.035538537	0	174.1700845	174.1700845	270.7115631	-1	0
0.397257486	0.9144	-0.035452699	0	173.5439962	173.5439962	270.7122456	-1	0
0.397257584	0.9144	-0.035452696	0	173.543972	173.543972	270.7122457	-1	0
0.399830246	0.9144	-0.035365156	0	172.9106734	172.9106734	270.7129363	-1	0


