#++++++++++++++++++++++++++++++++++++++++++++++++++++++++++++++++++++++++++++++++++++++++++++++++++++++++++++++++++++
#
#   IPW-3 Ice Shape DATA SUBMITTAL FORM for Test Case NACA0012_AE3932, May 18th 2026
#
#       NOMENCLATURE:
#             X_ICED [m]:  X-coordinate of the iced surface
#             Y_ICED [m]:  Y-coordinate of the iced surface
#             Z_ICED [m]:  Z-coordinate of the iced surface
#
#                XXmm:  Roughness height used for the case, in mm.
#                       In the zone name, use the format KS_XXmm.
#                       For example, if k_s = 1.5 mm, use KS_1p5mm. 
#                       For Variable roughness, use KS_VAR
#
#    FLOW CONDITIONS:
#                                   AOA: 4.0 deg
#                           Mach Number: 0.3151 [-]
#       Mean aerodynamic chord (M.A.C.): 0.5334 [m]
#                       Reynolds Number: 3.9795 million (based on MAC)
#                       Freestream Temp: 267.55 [K]
#                        Reference area: 0.97548 [m2]
#               Moment Reference Center: 0.13335, 0, 0 [m] (X, Y, Z)
#
#    ICING CONDITIONS:
#                           Icing Time: 420 [s]
#                                  LWC: 0.55 [g/m3]
#                                  MVD: 20 [μm]
#
#              NOTES: 1. Please use at least 5 decimal places in the numerical values
#                     2. If data are NOT provided, please fill data fields with a numerical value of "-999" 
#
#++++++++++++++++++++++++++++++++++++++++++++++++++++++++++++++++++++++++++++++++++++++++++++++++++++++++++++++++++++

AUXDATA NUM_LAYERS  = 1
                                              
VARIABLES = "X_ICED" "Y_ICED" "Z_ICED"
ZONE T="SLICE_Y_0p9144_BINS07_KS_0p5334mm_SINGLE_LAYER"
0.53243 0.91440 -0.02798 
0.53243 0.91440 -0.02798 
0.53242 0.91440 -0.02813 
0.53242 0.91440 -0.02813 
0.53241 0.91440 -0.02827 
0.53241 0.91440 -0.02827 
0.53240 0.91440 -0.02842 
0.53240 0.91440 -0.02842 
0.53238 0.91440 -0.02857 
0.53238 0.91440 -0.02857 
0.53230 0.91440 -0.02858 
0.53230 0.91440 -0.02858 
0.53220 0.91440 -0.02859 
0.53220 0.91440 -0.02859 
0.53206 0.91440 -0.02860 
0.53206 0.91440 -0.02860 
0.53188 0.91440 -0.02861 
0.53188 0.91440 -0.02861 
0.53166 0.91440 -0.02862 
0.53166 0.91440 -0.02862 
0.53140 0.91440 -0.02864 
0.53140 0.91440 -0.02864 
0.53110 0.91440 -0.02866 
0.53110 0.91440 -0.02866 
0.53076 0.91440 -0.02869 
0.53076 0.91440 -0.02869 
0.53038 0.91440 -0.02871 
0.53038 0.91440 -0.02871 
0.52996 0.91440 -0.02874 
0.52996 0.91440 -0.02874 
0.52950 0.91440 -0.02877 
0.52950 0.91440 -0.02877 
0.52900 0.91440 -0.02881 
0.52900 0.91440 -0.02881 
0.52846 0.91440 -0.02884 
0.52846 0.91440 -0.02884 
0.52788 0.91440 -0.02888 
0.52788 0.91440 -0.02888 
0.52726 0.91440 -0.02893 
0.52726 0.91440 -0.02893 
0.52660 0.91440 -0.02897 
0.52660 0.91440 -0.02897 
0.52591 0.91440 -0.02902 
0.52591 0.91440 -0.02902 
0.52517 0.91440 -0.02907 
0.52517 0.91440 -0.02907 
0.52440 0.91440 -0.02912 
0.52440 0.91440 -0.02912 
0.52358 0.91440 -0.02917 
0.52358 0.91440 -0.02917 
0.52273 0.91440 -0.02923 
0.52273 0.91440 -0.02923 
0.52184 0.91440 -0.02929 
0.52184 0.91440 -0.02929 
0.52091 0.91440 -0.02935 
0.52091 0.91440 -0.02935 
0.51994 0.91440 -0.02942 
0.51994 0.91440 -0.02942 
0.51893 0.91440 -0.02948 
0.51893 0.91440 -0.02948 
0.51789 0.91440 -0.02955 
0.51789 0.91440 -0.02955 
0.51680 0.91440 -0.02962 
0.51680 0.91440 -0.02962 
0.51568 0.91440 -0.02969 
0.51568 0.91440 -0.02969 
0.51452 0.91440 -0.02977 
0.51452 0.91440 -0.02977 
0.51333 0.91440 -0.02984 
0.51333 0.91440 -0.02984 
0.51210 0.91440 -0.02992 
0.51210 0.91440 -0.02992 
0.51083 0.91440 -0.03000 
0.51083 0.91440 -0.03000 
0.50952 0.91440 -0.03009 
0.50952 0.91440 -0.03009 
0.50817 0.91440 -0.03017 
0.50817 0.91440 -0.03017 
0.50679 0.91440 -0.03026 
0.50679 0.91440 -0.03026 
0.50538 0.91440 -0.03034 
0.50538 0.91440 -0.03034 
0.50393 0.91440 -0.03043 
0.50393 0.91440 -0.03043 
0.50244 0.91440 -0.03052 
0.50244 0.91440 -0.03052 
0.50091 0.91440 -0.03061 
0.50091 0.91440 -0.03061 
0.49935 0.91440 -0.03071 
0.49935 0.91440 -0.03071 
0.49776 0.91440 -0.03080 
0.49776 0.91440 -0.03080 
0.49613 0.91440 -0.03090 
0.49613 0.91440 -0.03090 
0.49447 0.91440 -0.03100 
0.49447 0.91440 -0.03100 
0.49277 0.91440 -0.03110 
0.49277 0.91440 -0.03110 
0.49104 0.91440 -0.03120 
0.49104 0.91440 -0.03120 
0.48927 0.91440 -0.03130 
0.48927 0.91440 -0.03130 
0.48747 0.91440 -0.03140 
0.48747 0.91440 -0.03140 
0.48564 0.91440 -0.03150 
0.48564 0.91440 -0.03150 
0.48377 0.91440 -0.03161 
0.48377 0.91440 -0.03161 
0.48187 0.91440 -0.03171 
0.48187 0.91440 -0.03171 
0.47994 0.91440 -0.03182 
0.47994 0.91440 -0.03182 
0.47798 0.91440 -0.03192 
0.47798 0.91440 -0.03192 
0.47598 0.91440 -0.03203 
0.47598 0.91440 -0.03203 
0.47395 0.91440 -0.03214 
0.47395 0.91440 -0.03214 
0.47189 0.91440 -0.03225 
0.47189 0.91440 -0.03225 
0.46981 0.91440 -0.03235 
0.46980 0.91440 -0.03235 
0.46768 0.91440 -0.03246 
0.46768 0.91440 -0.03246 
0.46553 0.91440 -0.03257 
0.46553 0.91440 -0.03257 
0.46335 0.91440 -0.03268 
0.46335 0.91440 -0.03268 
0.46114 0.91440 -0.03279 
0.46114 0.91440 -0.03279 
0.45890 0.91440 -0.03290 
0.45890 0.91440 -0.03290 
0.45664 0.91440 -0.03301 
0.45663 0.91440 -0.03301 
0.45434 0.91440 -0.03312 
0.45434 0.91440 -0.03312 
0.45201 0.91440 -0.03324 
0.45201 0.91440 -0.03324 
0.44966 0.91440 -0.03335 
0.44966 0.91440 -0.03335 
0.44728 0.91440 -0.03346 
0.44728 0.91440 -0.03346 
0.44487 0.91440 -0.03357 
0.44487 0.91440 -0.03357 
0.44243 0.91440 -0.03368 
0.44243 0.91440 -0.03368 
0.43997 0.91440 -0.03379 
0.43997 0.91440 -0.03379 
0.43748 0.91440 -0.03389 
0.43748 0.91440 -0.03389 
0.43497 0.91440 -0.03400 
0.43497 0.91440 -0.03400 
0.43243 0.91440 -0.03411 
0.43243 0.91440 -0.03411 
0.42987 0.91440 -0.03422 
0.42986 0.91440 -0.03422 
0.42728 0.91440 -0.03433 
0.42728 0.91440 -0.03433 
0.42466 0.91440 -0.03443 
0.42466 0.91440 -0.03443 
0.42203 0.91440 -0.03454 
0.42203 0.91440 -0.03454 
0.41936 0.91440 -0.03464 
0.41936 0.91440 -0.03464 
0.41668 0.91440 -0.03475 
0.41668 0.91440 -0.03475 
0.41397 0.91440 -0.03485 
0.41397 0.91440 -0.03485 
0.41125 0.91440 -0.03495 
0.41125 0.91440 -0.03495 
0.40850 0.91440 -0.03506 
0.40850 0.91440 -0.03506 
0.40572 0.91440 -0.03516 
0.40572 0.91440 -0.03516 
0.40293 0.91440 -0.03525 
0.40293 0.91440 -0.03525 
0.40012 0.91440 -0.03535 
0.40012 0.91440 -0.03535 
0.39728 0.91440 -0.03545 
0.39728 0.91440 -0.03545 
0.39443 0.91440 -0.03554 
0.39443 0.91440 -0.03554 
0.39156 0.91440 -0.03564 
0.39156 0.91440 -0.03564 
0.38867 0.91440 -0.03573 
0.38867 0.91440 -0.03573 
0.38576 0.91440 -0.03582 
0.38576 0.91440 -0.03582 
0.38283 0.91440 -0.03591 
0.38283 0.91440 -0.03591 
0.37988 0.91440 -0.03600 
0.37988 0.91440 -0.03600 
0.37692 0.91440 -0.03608 
0.37692 0.91440 -0.03608 
0.37394 0.91440 -0.03617 
0.37394 0.91440 -0.03617 
0.37094 0.91440 -0.03625 
0.37094 0.91440 -0.03625 
0.36793 0.91440 -0.03633 
0.36793 0.91440 -0.03633 
0.36491 0.91440 -0.03641 
0.36491 0.91440 -0.03641 
0.36186 0.91440 -0.03648 
0.36186 0.91440 -0.03648 
0.35881 0.91440 -0.03656 
0.35881 0.91440 -0.03656 
0.35574 0.91440 -0.03663 
0.35574 0.91440 -0.03663 
0.35266 0.91440 -0.03670 
0.35266 0.91440 -0.03670 
0.34956 0.91440 -0.03677 
0.34956 0.91440 -0.03677 
0.34645 0.91440 -0.03683 
0.34645 0.91440 -0.03683 
0.34333 0.91440 -0.03689 
0.34333 0.91440 -0.03689 
0.34020 0.91440 -0.03696 
0.34020 0.91440 -0.03696 
0.33705 0.91440 -0.03701 
0.33705 0.91440 -0.03701 
0.33390 0.91440 -0.03707 
0.33390 0.91440 -0.03707 
0.33073 0.91440 -0.03712 
0.33073 0.91440 -0.03712 
0.32756 0.91440 -0.03717 
0.32756 0.91440 -0.03717 
0.32438 0.91440 -0.03722 
0.32438 0.91440 -0.03722 
0.32118 0.91440 -0.03726 
0.32118 0.91440 -0.03726 
0.31798 0.91440 -0.03730 
0.31798 0.91440 -0.03730 
0.31477 0.91440 -0.03734 
0.31477 0.91440 -0.03734 
0.31156 0.91440 -0.03737 
0.31156 0.91440 -0.03737 
0.30834 0.91440 -0.03740 
0.30834 0.91440 -0.03740 
0.30511 0.91440 -0.03743 
0.30511 0.91440 -0.03743 
0.30187 0.91440 -0.03745 
0.30187 0.91440 -0.03745 
0.29863 0.91440 -0.03748 
0.29863 0.91440 -0.03748 
0.29539 0.91440 -0.03749 
0.29539 0.91440 -0.03749 
0.29214 0.91440 -0.03751 
0.29214 0.91440 -0.03751 
0.28888 0.91440 -0.03752 
0.28888 0.91440 -0.03752 
0.28563 0.91440 -0.03752 
0.28563 0.91440 -0.03752 
0.28237 0.91440 -0.03753 
0.28237 0.91440 -0.03753 
0.27911 0.91440 -0.03752 
0.27911 0.91440 -0.03752 
0.27584 0.91440 -0.03752 
0.27584 0.91440 -0.03752 
0.27258 0.91440 -0.03751 
0.27258 0.91440 -0.03751 
0.26931 0.91440 -0.03750 
0.26931 0.91440 -0.03750 
0.26604 0.91440 -0.03748 
0.26604 0.91440 -0.03748 
0.26278 0.91440 -0.03746 
0.26278 0.91440 -0.03746 
0.25951 0.91440 -0.03743 
0.25951 0.91440 -0.03743 
0.25625 0.91440 -0.03740 
0.25625 0.91440 -0.03740 
0.25298 0.91440 -0.03736 
0.25298 0.91440 -0.03736 
0.24868 0.91440 -0.03731 
0.24526 0.91440 -0.03726 
0.24508 0.91440 -0.03726 
0.24477 0.91440 -0.03725 
0.24127 0.91440 -0.03720 
0.24018 0.91440 -0.03718 
0.23755 0.91440 -0.03713 
0.23672 0.91440 -0.03711 
0.23415 0.91440 -0.03706 
0.23356 0.91440 -0.03705 
0.23106 0.91440 -0.03700 
0.23083 0.91440 -0.03699 
0.22778 0.91440 -0.03692 
0.22760 0.91440 -0.03692 
0.22462 0.91440 -0.03685 
0.22442 0.91440 -0.03684 
0.22159 0.91440 -0.03677 
0.22133 0.91440 -0.03676 
0.21849 0.91440 -0.03668 
0.21821 0.91440 -0.03668 
0.21538 0.91440 -0.03659 
0.21485 0.91440 -0.03658 
0.21232 0.91440 -0.03650 
0.21213 0.91440 -0.03649 
0.21143 0.91440 -0.03647 
0.20959 0.91440 -0.03641 
0.20874 0.91440 -0.03638 
0.20679 0.91440 -0.03631 
0.20498 0.91440 -0.03625 
0.20385 0.91440 -0.03621 
0.20097 0.91440 -0.03610 
0.20065 0.91440 -0.03609 
0.20028 0.91440 -0.03607 
0.19815 0.91440 -0.03599 
0.19667 0.91440 -0.03593 
0.19548 0.91440 -0.03588 
0.19298 0.91440 -0.03577 
0.19259 0.91440 -0.03575 
0.19179 0.91440 -0.03572 
0.18954 0.91440 -0.03562 
0.18816 0.91440 -0.03555 
0.18670 0.91440 -0.03548 
0.18545 0.91440 -0.03542 
0.18394 0.91440 -0.03535 
0.18239 0.91440 -0.03527 
0.18029 0.91440 -0.03516 
0.17985 0.91440 -0.03514 
0.17915 0.91440 -0.03510 
0.17761 0.91440 -0.03502 
0.17652 0.91440 -0.03496 
0.17516 0.91440 -0.03489 
0.17304 0.91440 -0.03477 
0.17163 0.91440 -0.03468 
0.16866 0.91440 -0.03451 
0.16805 0.91440 -0.03447 
0.16720 0.91440 -0.03442 
0.16465 0.91440 -0.03426 
0.16260 0.91440 -0.03412 
0.16208 0.91440 -0.03409 
0.16148 0.91440 -0.03405 
0.15938 0.91440 -0.03391 
0.15749 0.91440 -0.03378 
0.15730 0.91440 -0.03376 
0.15628 0.91440 -0.03369 
0.15458 0.91440 -0.03357 
0.15440 0.91440 -0.03355 
0.15394 0.91440 -0.03352 
0.15128 0.91440 -0.03332 
0.14986 0.91440 -0.03321 
0.14826 0.91440 -0.03309 
0.14585 0.91440 -0.03290 
0.14547 0.91440 -0.03287 
0.14440 0.91440 -0.03278 
0.14257 0.91440 -0.03263 
0.14206 0.91440 -0.03259 
0.14054 0.91440 -0.03246 
0.13887 0.91440 -0.03231 
0.13802 0.91440 -0.03224 
0.13611 0.91440 -0.03207 
0.13407 0.91440 -0.03188 
0.13354 0.91440 -0.03183 
0.13234 0.91440 -0.03172 
0.13098 0.91440 -0.03159 
0.12844 0.91440 -0.03135 
0.12836 0.91440 -0.03134 
0.12834 0.91440 -0.03134 
0.12533 0.91440 -0.03104 
0.12471 0.91440 -0.03097 
0.12229 0.91440 -0.03072 
0.12111 0.91440 -0.03060 
0.11902 0.91440 -0.03037 
0.11835 0.91440 -0.03030 
0.11752 0.91440 -0.03021 
0.11559 0.91440 -0.02999 
0.11375 0.91440 -0.02978 
0.11300 0.91440 -0.02969 
0.11170 0.91440 -0.02954 
0.10998 0.91440 -0.02933 
0.10915 0.91440 -0.02923 
0.10684 0.91440 -0.02895 
0.10499 0.91440 -0.02871 
0.10367 0.91440 -0.02854 
0.10225 0.91440 -0.02836 
0.10060 0.91440 -0.02814 
0.09927 0.91440 -0.02796 
0.09747 0.91440 -0.02771 
0.09731 0.91440 -0.02769 
0.09707 0.91440 -0.02766 
0.09548 0.91440 -0.02743 
0.09500 0.91440 -0.02737 
0.09305 0.91440 -0.02708 
0.09235 0.91440 -0.02698 
0.09020 0.91440 -0.02666 
0.08817 0.91440 -0.02635 
0.08695 0.91440 -0.02616 
0.08408 0.91440 -0.02571 
0.08395 0.91440 -0.02569 
0.08064 0.91440 -0.02514 
0.08048 0.91440 -0.02511 
0.07751 0.91440 -0.02460 
0.07720 0.91440 -0.02455 
0.07391 0.91440 -0.02396 
0.07379 0.91440 -0.02394 
0.07053 0.91440 -0.02333 
0.06991 0.91440 -0.02320 
0.06765 0.91440 -0.02282 
0.06642 0.91440 -0.02261 
0.06605 0.91440 -0.02254 
0.06363 0.91440 -0.02228 
0.06331 0.91440 -0.02224 
0.06324 0.91440 -0.02223 
0.06112 0.91440 -0.02196 
0.05854 0.91440 -0.02152 
0.05849 0.91440 -0.02151 
0.05844 0.91440 -0.02150 
0.05552 0.91440 -0.02109 
0.05438 0.91440 -0.02082 
0.05302 0.91440 -0.02049 
0.05186 0.91440 -0.02024 
0.05034 0.91440 -0.02002 
0.04804 0.91440 -0.01951 
0.04717 0.91440 -0.01932 
0.04613 0.91440 -0.01921 
0.04400 0.91440 -0.01908 
0.04263 0.91440 -0.01883 
0.04163 0.91440 -0.01861 
0.03999 0.91440 -0.01829 
0.03898 0.91440 -0.01807 
0.03735 0.91440 -0.01772 
0.03476 0.91440 -0.01730 
0.03445 0.91440 -0.01724 
0.03423 0.91440 -0.01719 
0.03069 0.91440 -0.01638 
0.03034 0.91440 -0.01628 
0.02758 0.91440 -0.01556 
0.02749 0.91440 -0.01554 
0.02748 0.91440 -0.01554 
0.02488 0.91440 -0.01486 
0.02363 0.91440 -0.01457 
0.02180 0.91440 -0.01416 
0.01877 0.91440 -0.01387 
0.01874 0.91440 -0.01387 
0.01872 0.91440 -0.01387 
0.01837 0.91440 -0.01392 
0.01582 0.91440 -0.01424 
0.01565 0.91440 -0.01428 
0.01420 0.91440 -0.01450 
0.01303 0.91440 -0.01468 
0.01287 0.91440 -0.01467 
0.01012 0.91440 -0.01415 
0.00941 0.91440 -0.01381 
0.00740 0.91440 -0.01263 
0.00609 0.91440 -0.01170 
0.00536 0.91440 -0.01109 
0.00442 0.91440 -0.01029 
0.00386 0.91440 -0.00976 
0.00220 0.91440 -0.00812 
0.00100 0.91440 -0.00689 
0.00043 0.91440 -0.00630 
0.00013 0.91440 -0.00600 
-0.00141 0.91440 -0.00457 
-0.00257 0.91440 -0.00336 
-0.00330 0.91440 -0.00258 
-0.00436 0.91440 -0.00133 
-0.00508 0.91440 -0.00058 
-0.00552 0.91440 -0.00017 
-0.00737 0.91440 0.00142 
-0.00835 0.91440 0.00214 
-0.01023 0.91440 0.00361 
-0.01059 0.91440 0.00386 
-0.01083 0.91440 0.00407 
-0.01253 0.91440 0.00556 
-0.01375 0.91440 0.00695 
-0.01408 0.91440 0.00736 
-0.01436 0.91440 0.00799 
-0.01521 0.91440 0.00953 
-0.01512 0.91440 0.01055 
-0.01488 0.91440 0.01260 
-0.01322 0.91440 0.01436 
-0.01290 0.91440 0.01476 
-0.01166 0.91440 0.01562 
-0.01119 0.91440 0.01596 
-0.01099 0.91440 0.01608 
-0.00936 0.91440 0.01704 
-0.00724 0.91440 0.01783 
-0.00695 0.91440 0.01793 
-0.00656 0.91440 0.01803 
-0.00445 0.91440 0.01864 
-0.00343 0.91440 0.01890 
-0.00142 0.91440 0.01933 
-0.00098 0.91440 0.01943 
-0.00061 0.91440 0.01948 
0.00295 0.91440 0.02010 
0.00386 0.91440 0.02027 
0.00614 0.91440 0.02080 
0.00660 0.91440 0.02091 
0.00884 0.91440 0.02131 
0.01141 0.91440 0.02152 
0.01168 0.91440 0.02155 
0.01186 0.91440 0.02160 
0.01395 0.91440 0.02217 
0.01513 0.91440 0.02249 
0.01524 0.91440 0.02253 
0.01855 0.91440 0.02370 
0.01862 0.91440 0.02373 
0.01885 0.91440 0.02380 
0.02160 0.91440 0.02465 
0.02234 0.91440 0.02485 
0.02471 0.91440 0.02549 
0.02515 0.91440 0.02561 
0.02531 0.91440 0.02565 
0.02777 0.91440 0.02625 
0.02852 0.91440 0.02642 
0.03134 0.91440 0.02702 
0.03156 0.91440 0.02707 
0.03164 0.91440 0.02709 
0.03397 0.91440 0.02755 
0.03554 0.91440 0.02784 
0.03605 0.91440 0.02793 
0.03620 0.91440 0.02796 
0.03819 0.91440 0.02830 
0.03946 0.91440 0.02850 
0.04124 0.91440 0.02878 
0.04399 0.91440 0.02918 
0.04403 0.91440 0.02918 
0.04405 0.91440 0.02919 
0.04669 0.91440 0.02954 
0.04812 0.91440 0.02971 
0.04970 0.91440 0.02990 
0.05094 0.91440 0.03005 
0.05255 0.91440 0.03022 
0.05341 0.91440 0.03031 
0.05450 0.91440 0.03042 
0.05609 0.91440 0.03058 
0.05955 0.91440 0.03089 
0.05968 0.91440 0.03090 
0.05971 0.91440 0.03091 
0.05977 0.91440 0.03091 
0.06315 0.91440 0.03118 
0.06596 0.91440 0.03138 
0.06640 0.91440 0.03141 
0.06685 0.91440 0.03144 
0.06967 0.91440 0.03162 
0.07265 0.91440 0.03177 
0.07266 0.91440 0.03178 
0.07267 0.91440 0.03178 
0.07276 0.91440 0.03178 
0.07688 0.91440 0.03197 
0.07718 0.91440 0.03198 
0.07745 0.91440 0.03200 
0.08031 0.91440 0.03210 
0.08071 0.91440 0.03212 
0.08075 0.91440 0.03212 
0.08083 0.91440 0.03212 
0.08307 0.91440 0.03219 
0.08424 0.91440 0.03223 
0.08601 0.91440 0.03227 
0.08705 0.91440 0.03230 
0.08886 0.91440 0.03234 
0.08954 0.91440 0.03235 
0.09126 0.91440 0.03238 
0.09307 0.91440 0.03240 
0.09510 0.91440 0.03242 
0.09633 0.91440 0.03243 
0.09836 0.91440 0.03244 
0.09893 0.91440 0.03244 
0.10050 0.91440 0.03244 
0.10127 0.91440 0.03244 
0.10159 0.91440 0.03244 
0.10398 0.91440 0.03243 
0.10461 0.91440 0.03243 
0.10654 0.91440 0.03242 
0.10808 0.91440 0.03240 
0.10915 0.91440 0.03239 
0.11146 0.91440 0.03236 
0.11172 0.91440 0.03236 
0.11280 0.91440 0.03234 
0.11463 0.91440 0.03231 
0.11521 0.91440 0.03229 
0.11688 0.91440 0.03226 
0.11814 0.91440 0.03223 
0.11929 0.91440 0.03220 
0.12144 0.91440 0.03214 
0.12159 0.91440 0.03214 
0.12224 0.91440 0.03212 
0.12435 0.91440 0.03205 
0.12487 0.91440 0.03204 
0.12692 0.91440 0.03197 
0.12888 0.91440 0.03189 
0.12968 0.91440 0.03187 
0.13164 0.91440 0.03179 
0.13307 0.91440 0.03173 
0.13365 0.91440 0.03170 
0.13671 0.91440 0.03157 
0.13748 0.91440 0.03153 
0.13947 0.91440 0.03144 
0.14129 0.91440 0.03134 
0.14178 0.91440 0.03132 
0.14238 0.91440 0.03129 
0.14486 0.91440 0.03116 
0.14670 0.91440 0.03106 
0.14751 0.91440 0.03101 
0.15008 0.91440 0.03086 
0.15088 0.91440 0.03081 
0.15207 0.91440 0.03074 
0.15358 0.91440 0.03065 
0.15555 0.91440 0.03053 
0.15584 0.91440 0.03051 
0.15688 0.91440 0.03044 
0.15852 0.91440 0.03033 
0.15901 0.91440 0.03030 
0.16125 0.91440 0.03014 
0.16231 0.91440 0.03007 
0.16376 0.91440 0.02997 
0.16512 0.91440 0.02987 
0.16620 0.91440 0.02979 
0.16716 0.91440 0.02972 
0.16846 0.91440 0.02962 
0.16913 0.91440 0.02957 
0.17151 0.91440 0.02939 
0.17205 0.91440 0.02935 
0.17355 0.91440 0.02923 
0.17475 0.91440 0.02913 
0.17539 0.91440 0.02908 
0.17726 0.91440 0.02893 
0.17923 0.91440 0.02877 
0.17986 0.91440 0.02872 
0.18050 0.91440 0.02866 
0.18247 0.91440 0.02849 
0.18476 0.91440 0.02829 
0.18491 0.91440 0.02828 
0.18504 0.91440 0.02827 
0.18750 0.91440 0.02805 
0.18920 0.91440 0.02790 
0.19041 0.91440 0.02779 
0.19258 0.91440 0.02759 
0.19306 0.91440 0.02754 
0.19337 0.91440 0.02751 
0.19592 0.91440 0.02727 
0.19709 0.91440 0.02716 
0.19866 0.91440 0.02701 
0.20000 0.91440 0.02688 
0.20167 0.91440 0.02671 
0.20246 0.91440 0.02663 
0.20382 0.91440 0.02650 
0.20562 0.91440 0.02632 
0.20628 0.91440 0.02625 
0.20756 0.91440 0.02612 
0.20879 0.91440 0.02599 
0.20966 0.91440 0.02590 
0.21124 0.91440 0.02573 
0.21331 0.91440 0.02552 
0.21444 0.91440 0.02540 
0.21701 0.91440 0.02512 
0.21805 0.91440 0.02501 
0.22074 0.91440 0.02471 
0.22122 0.91440 0.02466 
0.22450 0.91440 0.02429 
0.22453 0.91440 0.02429 
0.22479 0.91440 0.02426 
0.22750 0.91440 0.02395 
0.22776 0.91440 0.02392 
0.23081 0.91440 0.02357 
0.23086 0.91440 0.02356 
0.23411 0.91440 0.02318 
0.23454 0.91440 0.02313 
0.23717 0.91440 0.02282 
0.23752 0.91440 0.02278 
0.23876 0.91440 0.02263 
0.24043 0.91440 0.02243 
0.24096 0.91440 0.02237 
0.24435 0.91440 0.02195 
0.24560 0.91440 0.02180 
0.24838 0.91440 0.02145 
0.24897 0.91440 0.02138 
0.25378 0.91440 0.02077 
0.25378 0.91440 0.02077 
0.25379 0.91440 0.02077 
0.25702 0.91440 0.02036 
0.25702 0.91440 0.02036 
0.26026 0.91440 0.01994 
0.26026 0.91440 0.01994 
0.26349 0.91440 0.01952 
0.26349 0.91440 0.01952 
0.26673 0.91440 0.01909 
0.26673 0.91440 0.01909 
0.26997 0.91440 0.01865 
0.26997 0.91440 0.01865 
0.27321 0.91440 0.01822 
0.27321 0.91440 0.01822 
0.27644 0.91440 0.01778 
0.27644 0.91440 0.01778 
0.27968 0.91440 0.01733 
0.27968 0.91440 0.01733 
0.28291 0.91440 0.01688 
0.28291 0.91440 0.01688 
0.28614 0.91440 0.01643 
0.28614 0.91440 0.01643 
0.28937 0.91440 0.01597 
0.28937 0.91440 0.01597 
0.29259 0.91440 0.01551 
0.29259 0.91440 0.01551 
0.29581 0.91440 0.01505 
0.29581 0.91440 0.01505 
0.29903 0.91440 0.01459 
0.29903 0.91440 0.01459 
0.30224 0.91440 0.01412 
0.30224 0.91440 0.01412 
0.30545 0.91440 0.01364 
0.30545 0.91440 0.01364 
0.30865 0.91440 0.01317 
0.30865 0.91440 0.01317 
0.31184 0.91440 0.01269 
0.31184 0.91440 0.01269 
0.31503 0.91440 0.01221 
0.31503 0.91440 0.01221 
0.31821 0.91440 0.01173 
0.31821 0.91440 0.01173 
0.32138 0.91440 0.01125 
0.32138 0.91440 0.01125 
0.32454 0.91440 0.01076 
0.32454 0.91440 0.01076 
0.32770 0.91440 0.01028 
0.32770 0.91440 0.01028 
0.33084 0.91440 0.00979 
0.33084 0.91440 0.00979 
0.33398 0.91440 0.00930 
0.33398 0.91440 0.00930 
0.33711 0.91440 0.00880 
0.33711 0.91440 0.00880 
0.34022 0.91440 0.00831 
0.34022 0.91440 0.00831 
0.34333 0.91440 0.00782 
0.34333 0.91440 0.00782 
0.34642 0.91440 0.00732 
0.34642 0.91440 0.00732 
0.34950 0.91440 0.00682 
0.34950 0.91440 0.00682 
0.35257 0.91440 0.00633 
0.35257 0.91440 0.00633 
0.35563 0.91440 0.00583 
0.35563 0.91440 0.00583 
0.35867 0.91440 0.00533 
0.35867 0.91440 0.00533 
0.36170 0.91440 0.00483 
0.36170 0.91440 0.00483 
0.36472 0.91440 0.00433 
0.36472 0.91440 0.00433 
0.36772 0.91440 0.00384 
0.36772 0.91440 0.00383 
0.37071 0.91440 0.00334 
0.37071 0.91440 0.00334 
0.37368 0.91440 0.00284 
0.37368 0.91440 0.00284 
0.37663 0.91440 0.00234 
0.37663 0.91440 0.00234 
0.37957 0.91440 0.00184 
0.37957 0.91440 0.00184 
0.38249 0.91440 0.00134 
0.38249 0.91440 0.00134 
0.38540 0.91440 0.00085 
0.38540 0.91440 0.00085 
0.38829 0.91440 0.00035 
0.38829 0.91440 0.00035 
0.39115 0.91440 -0.00014 
0.39115 0.91440 -0.00014 
0.39401 0.91440 -0.00064 
0.39401 0.91440 -0.00064 
0.39684 0.91440 -0.00113 
0.39684 0.91440 -0.00113 
0.39965 0.91440 -0.00162 
0.39965 0.91440 -0.00162 
0.40244 0.91440 -0.00211 
0.40244 0.91440 -0.00211 
0.40521 0.91440 -0.00260 
0.40521 0.91440 -0.00260 
0.40797 0.91440 -0.00309 
0.40797 0.91440 -0.00309 
0.41070 0.91440 -0.00357 
0.41070 0.91440 -0.00357 
0.41341 0.91440 -0.00405 
0.41341 0.91440 -0.00405 
0.41609 0.91440 -0.00453 
0.41610 0.91440 -0.00453 
0.41876 0.91440 -0.00501 
0.41876 0.91440 -0.00501 
0.42140 0.91440 -0.00549 
0.42140 0.91440 -0.00549 
0.42402 0.91440 -0.00596 
0.42402 0.91440 -0.00596 
0.42662 0.91440 -0.00644 
0.42662 0.91440 -0.00644 
0.42919 0.91440 -0.00691 
0.42919 0.91440 -0.00691 
0.43174 0.91440 -0.00737 
0.43174 0.91440 -0.00737 
0.43427 0.91440 -0.00784 
0.43427 0.91440 -0.00784 
0.43677 0.91440 -0.00830 
0.43677 0.91440 -0.00830 
0.43924 0.91440 -0.00875 
0.43924 0.91440 -0.00875 
0.44169 0.91440 -0.00921 
0.44169 0.91440 -0.00921 
0.44411 0.91440 -0.00966 
0.44411 0.91440 -0.00966 
0.44651 0.91440 -0.01011 
0.44651 0.91440 -0.01011 
0.44888 0.91440 -0.01055 
0.44888 0.91440 -0.01055 
0.45122 0.91440 -0.01099 
0.45122 0.91440 -0.01099 
0.45354 0.91440 -0.01143 
0.45354 0.91440 -0.01143 
0.45582 0.91440 -0.01186 
0.45582 0.91440 -0.01186 
0.45808 0.91440 -0.01229 
0.45808 0.91440 -0.01229 
0.46032 0.91440 -0.01272 
0.46032 0.91440 -0.01272 
0.46252 0.91440 -0.01314 
0.46252 0.91440 -0.01314 
0.46469 0.91440 -0.01355 
0.46469 0.91440 -0.01355 
0.46684 0.91440 -0.01397 
0.46684 0.91440 -0.01397 
0.46895 0.91440 -0.01437 
0.46895 0.91440 -0.01437 
0.47103 0.91440 -0.01478 
0.47103 0.91440 -0.01478 
0.47309 0.91440 -0.01518 
0.47309 0.91440 -0.01518 
0.47511 0.91440 -0.01557 
0.47511 0.91440 -0.01557 
0.47710 0.91440 -0.01596 
0.47710 0.91440 -0.01596 
0.47907 0.91440 -0.01634 
0.47907 0.91440 -0.01634 
0.48100 0.91440 -0.01672 
0.48100 0.91440 -0.01672 
0.48289 0.91440 -0.01709 
0.48289 0.91440 -0.01709 
0.48476 0.91440 -0.01746 
0.48476 0.91440 -0.01746 
0.48659 0.91440 -0.01783 
0.48659 0.91440 -0.01783 
0.48839 0.91440 -0.01818 
0.48839 0.91440 -0.01818 
0.49016 0.91440 -0.01853 
0.49016 0.91440 -0.01853 
0.49190 0.91440 -0.01888 
0.49190 0.91440 -0.01888 
0.49360 0.91440 -0.01922 
0.49360 0.91440 -0.01922 
0.49527 0.91440 -0.01955 
0.49527 0.91440 -0.01955 
0.49690 0.91440 -0.01988 
0.49690 0.91440 -0.01988 
0.49850 0.91440 -0.02020 
0.49850 0.91440 -0.02020 
0.50007 0.91440 -0.02052 
0.50007 0.91440 -0.02052 
0.50160 0.91440 -0.02083 
0.50160 0.91440 -0.02083 
0.50309 0.91440 -0.02113 
0.50309 0.91440 -0.02113 
0.50456 0.91440 -0.02143 
0.50456 0.91440 -0.02143 
0.50598 0.91440 -0.02172 
0.50598 0.91440 -0.02172 
0.50737 0.91440 -0.02200 
0.50737 0.91440 -0.02200 
0.50873 0.91440 -0.02228 
0.50873 0.91440 -0.02228 
0.51005 0.91440 -0.02255 
0.51005 0.91440 -0.02255 
0.51133 0.91440 -0.02281 
0.51133 0.91440 -0.02281 
0.51257 0.91440 -0.02307 
0.51257 0.91440 -0.02307 
0.51378 0.91440 -0.02332 
0.51378 0.91440 -0.02332 
0.51496 0.91440 -0.02356 
0.51496 0.91440 -0.02356 
0.51609 0.91440 -0.02380 
0.51609 0.91440 -0.02380 
0.51719 0.91440 -0.02403 
0.51719 0.91440 -0.02403 
0.51826 0.91440 -0.02425 
0.51826 0.91440 -0.02425 
0.51928 0.91440 -0.02446 
0.51928 0.91440 -0.02446 
0.52027 0.91440 -0.02466 
0.52027 0.91440 -0.02466 
0.52122 0.91440 -0.02486 
0.52122 0.91440 -0.02486 
0.52213 0.91440 -0.02505 
0.52213 0.91440 -0.02505 
0.52301 0.91440 -0.02524 
0.52301 0.91440 -0.02524 
0.52385 0.91440 -0.02541 
0.52385 0.91440 -0.02541 
0.52464 0.91440 -0.02558 
0.52464 0.91440 -0.02558 
0.52540 0.91440 -0.02574 
0.52540 0.91440 -0.02574 
0.52613 0.91440 -0.02589 
0.52613 0.91440 -0.02589 
0.52681 0.91440 -0.02603 
0.52681 0.91440 -0.02603 
0.52746 0.91440 -0.02617 
0.52746 0.91440 -0.02617 
0.52806 0.91440 -0.02630 
0.52806 0.91440 -0.02630 
0.52863 0.91440 -0.02642 
0.52863 0.91440 -0.02642 
0.52916 0.91440 -0.02653 
0.52916 0.91440 -0.02653 
0.52965 0.91440 -0.02663 
0.52965 0.91440 -0.02663 
0.53010 0.91440 -0.02673 
0.53010 0.91440 -0.02673 
0.53051 0.91440 -0.02682 
0.53051 0.91440 -0.02682 
0.53089 0.91440 -0.02689 
0.53089 0.91440 -0.02689 
0.53122 0.91440 -0.02696 
0.53122 0.91440 -0.02697 
0.53151 0.91440 -0.02703 
0.53151 0.91440 -0.02703 
0.53177 0.91440 -0.02708 
0.53177 0.91440 -0.02708 
0.53199 0.91440 -0.02713 
0.53199 0.91440 -0.02713 
0.53216 0.91440 -0.02717 
0.53216 0.91440 -0.02717 
0.53230 0.91440 -0.02719 
0.53230 0.91440 -0.02719 
0.53240 0.91440 -0.02722 
0.53240 0.91440 -0.02722 
0.53248 0.91440 -0.02723 
0.53248 0.91440 -0.02723 
0.53247 0.91440 -0.02738 
0.53247 0.91440 -0.02738 
0.53246 0.91440 -0.02753 
0.53246 0.91440 -0.02753 
0.53245 0.91440 -0.02768 
0.53245 0.91440 -0.02768 
0.53244 0.91440 -0.02783 
0.53244 0.91440 -0.02783 
0.53243 0.91440 -0.02798 

