#++++++++++++++++++++++++++++++++++++++++++++++++++++++++++++++++++++++++++++++++++++++++++++++++++++++++++++++++++++
#
#   IPW-3 Ice Shape DATA SUBMITTAL FORM for Test Case NACA0012_AE3932, May 18th 2026
#
#       NOMENCLATURE:
#             X_ICED [m]:  X-coordinate of the iced surface
#             Y_ICED [m]:  Y-coordinate of the iced surface
#             Z_ICED [m]:  Z-coordinate of the iced surface
#
#                XXmm:  Roughness height used for the case, in mm.
#                       In the zone name, use the format KS_XXmm.
#                       For example, if k_s = 1.5 mm, use KS_1p5mm. 
#                       For Variable roughness, use KS_VAR
#
#    FLOW CONDITIONS:
#                                   AOA: 4.0 deg
#                           Mach Number: 0.3151 [-]
#       Mean aerodynamic chord (M.A.C.): 0.5334 [m]
#                       Reynolds Number: 3.9795 million (based on MAC)
#                       Freestream Temp: 267.55 [K]
#                        Reference area: 0.97548 [m2]
#               Moment Reference Center: 0.13335, 0, 0 [m] (X, Y, Z)
#
#    ICING CONDITIONS:
#                           Icing Time: 420 [s]
#                                  LWC: 0.55 [g/m3]
#                                  MVD: 20 [μm]
#
#              NOTES: 1. Please use at least 5 decimal places in the numerical values
#                     2. If data are NOT provided, please fill data fields with a numerical value of "-999" 
#
#++++++++++++++++++++++++++++++++++++++++++++++++++++++++++++++++++++++++++++++++++++++++++++++++++++++++++++++++++++

AUXDATA NUM_LAYERS  = 1
                                              
VARIABLES = "X_ICED" "Y_ICED" "Z_ICED"
ZONE T="SLICE_Y_0p9144_BINS01_KS_0p5334mm_SINGLE_LAYER"
0.53242 0.91440 -0.02795 
0.53242 0.91440 -0.02804 
0.53241 0.91440 -0.02813 
0.53240 0.91440 -0.02822 
0.53240 0.91440 -0.02831 
0.53239 0.91440 -0.02840 
0.53238 0.91440 -0.02849 
0.53238 0.91440 -0.02858 
0.53213 0.91440 -0.02859 
0.53172 0.91440 -0.02862 
0.53107 0.91440 -0.02867 
0.53003 0.91440 -0.02874 
0.52837 0.91440 -0.02885 
0.52580 0.91440 -0.02903 
0.52324 0.91440 -0.02920 
0.52067 0.91440 -0.02937 
0.51810 0.91440 -0.02954 
0.51553 0.91440 -0.02971 
0.51296 0.91440 -0.02987 
0.51039 0.91440 -0.03003 
0.50782 0.91440 -0.03019 
0.50525 0.91440 -0.03035 
0.50268 0.91440 -0.03051 
0.50011 0.91440 -0.03067 
0.49754 0.91440 -0.03082 
0.49497 0.91440 -0.03097 
0.49240 0.91440 -0.03112 
0.48983 0.91440 -0.03127 
0.48726 0.91440 -0.03141 
0.48469 0.91440 -0.03156 
0.48212 0.91440 -0.03170 
0.47955 0.91440 -0.03184 
0.47698 0.91440 -0.03198 
0.47441 0.91440 -0.03212 
0.47184 0.91440 -0.03225 
0.46927 0.91440 -0.03239 
0.46670 0.91440 -0.03252 
0.46413 0.91440 -0.03265 
0.46156 0.91440 -0.03278 
0.45899 0.91440 -0.03290 
0.45642 0.91440 -0.03303 
0.45384 0.91440 -0.03315 
0.45127 0.91440 -0.03327 
0.44870 0.91440 -0.03339 
0.44613 0.91440 -0.03351 
0.44356 0.91440 -0.03363 
0.44099 0.91440 -0.03374 
0.43841 0.91440 -0.03386 
0.43584 0.91440 -0.03397 
0.43327 0.91440 -0.03408 
0.43070 0.91440 -0.03419 
0.42813 0.91440 -0.03430 
0.42555 0.91440 -0.03440 
0.42298 0.91440 -0.03450 
0.42041 0.91440 -0.03461 
0.41784 0.91440 -0.03471 
0.41527 0.91440 -0.03481 
0.41269 0.91440 -0.03490 
0.41012 0.91440 -0.03500 
0.40755 0.91440 -0.03509 
0.40498 0.91440 -0.03519 
0.40240 0.91440 -0.03528 
0.39983 0.91440 -0.03537 
0.39726 0.91440 -0.03545 
0.39468 0.91440 -0.03554 
0.39211 0.91440 -0.03562 
0.38954 0.91440 -0.03571 
0.38697 0.91440 -0.03579 
0.38439 0.91440 -0.03587 
0.38182 0.91440 -0.03594 
0.37925 0.91440 -0.03602 
0.37667 0.91440 -0.03609 
0.37410 0.91440 -0.03617 
0.37153 0.91440 -0.03624 
0.36895 0.91440 -0.03631 
0.36638 0.91440 -0.03637 
0.36381 0.91440 -0.03644 
0.36123 0.91440 -0.03650 
0.35866 0.91440 -0.03657 
0.35609 0.91440 -0.03663 
0.35351 0.91440 -0.03668 
0.35094 0.91440 -0.03674 
0.34837 0.91440 -0.03680 
0.34579 0.91440 -0.03685 
0.34322 0.91440 -0.03690 
0.34064 0.91440 -0.03695 
0.33807 0.91440 -0.03700 
0.33550 0.91440 -0.03704 
0.33292 0.91440 -0.03709 
0.33035 0.91440 -0.03713 
0.32777 0.91440 -0.03717 
0.32520 0.91440 -0.03721 
0.32263 0.91440 -0.03724 
0.32005 0.91440 -0.03728 
0.31748 0.91440 -0.03731 
0.31490 0.91440 -0.03734 
0.31233 0.91440 -0.03737 
0.30976 0.91440 -0.03739 
0.30718 0.91440 -0.03742 
0.30461 0.91440 -0.03744 
0.30203 0.91440 -0.03746 
0.29946 0.91440 -0.03747 
0.29689 0.91440 -0.03749 
0.29431 0.91440 -0.03750 
0.29174 0.91440 -0.03751 
0.28916 0.91440 -0.03752 
0.28659 0.91440 -0.03753 
0.28401 0.91440 -0.03753 
0.28144 0.91440 -0.03753 
0.27887 0.91440 -0.03753 
0.27629 0.91440 -0.03752 
0.27372 0.91440 -0.03752 
0.27114 0.91440 -0.03751 
0.26857 0.91440 -0.03750 
0.26599 0.91440 -0.03748 
0.26342 0.91440 -0.03746 
0.26085 0.91440 -0.03744 
0.25827 0.91440 -0.03742 
0.25570 0.91440 -0.03740 
0.25312 0.91440 -0.03737 
0.25055 0.91440 -0.03734 
0.24798 0.91440 -0.03730 
0.24540 0.91440 -0.03727 
0.24283 0.91440 -0.03723 
0.24025 0.91440 -0.03718 
0.23768 0.91440 -0.03714 
0.23511 0.91440 -0.03709 
0.23253 0.91440 -0.03703 
0.22996 0.91440 -0.03698 
0.22738 0.91440 -0.03692 
0.22481 0.91440 -0.03686 
0.22224 0.91440 -0.03679 
0.21966 0.91440 -0.03672 
0.21709 0.91440 -0.03665 
0.21452 0.91440 -0.03657 
0.21195 0.91440 -0.03649 
0.20937 0.91440 -0.03641 
0.20680 0.91440 -0.03632 
0.20423 0.91440 -0.03622 
0.20165 0.91440 -0.03613 
0.19908 0.91440 -0.03603 
0.19651 0.91440 -0.03592 
0.19394 0.91440 -0.03582 
0.19137 0.91440 -0.03570 
0.18879 0.91440 -0.03559 
0.18622 0.91440 -0.03546 
0.18365 0.91440 -0.03534 
0.18108 0.91440 -0.03521 
0.17851 0.91440 -0.03507 
0.17594 0.91440 -0.03493 
0.17337 0.91440 -0.03479 
0.17080 0.91440 -0.03464 
0.16823 0.91440 -0.03448 
0.16566 0.91440 -0.03432 
0.16309 0.91440 -0.03416 
0.16052 0.91440 -0.03399 
0.15796 0.91440 -0.03381 
0.15539 0.91440 -0.03363 
0.15282 0.91440 -0.03344 
0.15025 0.91440 -0.03325 
0.14769 0.91440 -0.03305 
0.14512 0.91440 -0.03285 
0.14255 0.91440 -0.03263 
0.13999 0.91440 -0.03242 
0.13743 0.91440 -0.03219 
0.13486 0.91440 -0.03196 
0.13230 0.91440 -0.03172 
0.12974 0.91440 -0.03148 
0.12717 0.91440 -0.03123 
0.12461 0.91440 -0.03097 
0.12205 0.91440 -0.03070 
0.11949 0.91440 -0.03043 
0.11693 0.91440 -0.03015 
0.11438 0.91440 -0.02986 
0.11182 0.91440 -0.02956 
0.10924 0.91440 -0.02925 
0.10679 0.91440 -0.02894 
0.10445 0.91440 -0.02865 
0.10222 0.91440 -0.02836 
0.10011 0.91440 -0.02808 
0.09809 0.91440 -0.02780 
0.09617 0.91440 -0.02754 
0.09434 0.91440 -0.02728 
0.09260 0.91440 -0.02702 
0.09095 0.91440 -0.02678 
0.08937 0.91440 -0.02654 
0.08787 0.91440 -0.02631 
0.08644 0.91440 -0.02609 
0.08501 0.91440 -0.02586 
0.08359 0.91440 -0.02563 
0.08216 0.91440 -0.02540 
0.08073 0.91440 -0.02516 
0.07931 0.91440 -0.02492 
0.07788 0.91440 -0.02467 
0.07646 0.91440 -0.02442 
0.07503 0.91440 -0.02417 
0.07361 0.91440 -0.02391 
0.07219 0.91440 -0.02365 
0.07077 0.91440 -0.02339 
0.06935 0.91440 -0.02312 
0.06793 0.91440 -0.02284 
0.06651 0.91440 -0.02256 
0.06509 0.91440 -0.02228 
0.06367 0.91440 -0.02199 
0.06226 0.91440 -0.02169 
0.06084 0.91440 -0.02139 
0.05943 0.91440 -0.02109 
0.05802 0.91440 -0.02078 
0.05660 0.91440 -0.02046 
0.05510 0.91440 -0.02053 
0.05358 0.91440 -0.02069 
0.05212 0.91440 -0.02055 
0.05066 0.91440 -0.02040 
0.04920 0.91440 -0.02026 
0.04774 0.91440 -0.02011 
0.04628 0.91440 -0.01997 
0.04481 0.91440 -0.01983 
0.04333 0.91440 -0.01969 
0.04186 0.91440 -0.01954 
0.04038 0.91440 -0.01940 
0.03890 0.91440 -0.01926 
0.03741 0.91440 -0.01912 
0.03592 0.91440 -0.01898 
0.03442 0.91440 -0.01884 
0.03291 0.91440 -0.01870 
0.03140 0.91440 -0.01856 
0.02989 0.91440 -0.01842 
0.02836 0.91440 -0.01827 
0.02683 0.91440 -0.01812 
0.02528 0.91440 -0.01798 
0.02373 0.91440 -0.01783 
0.02215 0.91440 -0.01771 
0.02087 0.91440 -0.01680 
0.01888 0.91440 -0.01761 
0.01618 0.91440 -0.01996 
0.01372 0.91440 -0.02153 
0.01174 0.91440 -0.02186 
0.01019 0.91440 -0.02120 
0.00873 0.91440 -0.02028 
0.00730 0.91440 -0.01927 
0.00588 0.91440 -0.01819 
0.00449 0.91440 -0.01703 
0.00311 0.91440 -0.01579 
0.00175 0.91440 -0.01446 
0.00042 0.91440 -0.01305 
-0.00088 0.91440 -0.01153 
-0.00209 0.91440 -0.00995 
-0.00320 0.91440 -0.00838 
-0.00415 0.91440 -0.00678 
-0.00494 0.91440 -0.00517 
-0.00567 0.91440 -0.00362 
-0.00628 0.91440 -0.00206 
-0.00707 0.91440 -0.00067 
-0.00815 0.91440 0.00057 
-0.00921 0.91440 0.00190 
-0.01026 0.91440 0.00332 
-0.01134 0.91440 0.00485 
-0.01242 0.91440 0.00651 
-0.01343 0.91440 0.00833 
-0.01425 0.91440 0.01032 
-0.01489 0.91440 0.01244 
-0.01565 0.91440 0.01475 
-0.01542 0.91440 0.01695 
-0.01237 0.91440 0.01799 
-0.00833 0.91440 0.01805 
-0.00646 0.91440 0.01883 
-0.00538 0.91440 0.01999 
-0.00325 0.91440 0.02021 
-0.00145 0.91440 0.02053 
0.00054 0.91440 0.02047 
0.00252 0.91440 0.02027 
0.00454 0.91440 0.01988 
0.00659 0.91440 0.01930 
0.00826 0.91440 0.01926 
0.00951 0.91440 0.01996 
0.01079 0.91440 0.02062 
0.01210 0.91440 0.02123 
0.01342 0.91440 0.02180 
0.01475 0.91440 0.02234 
0.01610 0.91440 0.02285 
0.01745 0.91440 0.02334 
0.01882 0.91440 0.02379 
0.02019 0.91440 0.02422 
0.02157 0.91440 0.02464 
0.02295 0.91440 0.02503 
0.02434 0.91440 0.02540 
0.02574 0.91440 0.02576 
0.02713 0.91440 0.02610 
0.02854 0.91440 0.02642 
0.02994 0.91440 0.02673 
0.03135 0.91440 0.02703 
0.03276 0.91440 0.02731 
0.03417 0.91440 0.02758 
0.03559 0.91440 0.02784 
0.03701 0.91440 0.02809 
0.03843 0.91440 0.02833 
0.03985 0.91440 0.02856 
0.04127 0.91440 0.02878 
0.04269 0.91440 0.02899 
0.04412 0.91440 0.02919 
0.04554 0.91440 0.02939 
0.04697 0.91440 0.02957 
0.04840 0.91440 0.02975 
0.04983 0.91440 0.02992 
0.05126 0.91440 0.03008 
0.05269 0.91440 0.03023 
0.05412 0.91440 0.03038 
0.05555 0.91440 0.03052 
0.05698 0.91440 0.03066 
0.05842 0.91440 0.03079 
0.05985 0.91440 0.03091 
0.06129 0.91440 0.03103 
0.06272 0.91440 0.03114 
0.06415 0.91440 0.03125 
0.06559 0.91440 0.03135 
0.06703 0.91440 0.03144 
0.06846 0.91440 0.03154 
0.06990 0.91440 0.03162 
0.07134 0.91440 0.03170 
0.07277 0.91440 0.03178 
0.07421 0.91440 0.03185 
0.07565 0.91440 0.03192 
0.07709 0.91440 0.03198 
0.07852 0.91440 0.03204 
0.07996 0.91440 0.03209 
0.08140 0.91440 0.03214 
0.08284 0.91440 0.03218 
0.08428 0.91440 0.03223 
0.08571 0.91440 0.03226 
0.08715 0.91440 0.03230 
0.08859 0.91440 0.03233 
0.09003 0.91440 0.03235 
0.09147 0.91440 0.03238 
0.09298 0.91440 0.03240 
0.09456 0.91440 0.03241 
0.09623 0.91440 0.03243 
0.09798 0.91440 0.03244 
0.09981 0.91440 0.03244 
0.10174 0.91440 0.03244 
0.10376 0.91440 0.03243 
0.10589 0.91440 0.03242 
0.10812 0.91440 0.03240 
0.11046 0.91440 0.03237 
0.11292 0.91440 0.03233 
0.11550 0.91440 0.03228 
0.11808 0.91440 0.03222 
0.12066 0.91440 0.03215 
0.12323 0.91440 0.03208 
0.12581 0.91440 0.03200 
0.12839 0.91440 0.03191 
0.13096 0.91440 0.03181 
0.13354 0.91440 0.03170 
0.13611 0.91440 0.03159 
0.13869 0.91440 0.03147 
0.14127 0.91440 0.03134 
0.14384 0.91440 0.03121 
0.14641 0.91440 0.03107 
0.14899 0.91440 0.03092 
0.15156 0.91440 0.03077 
0.15414 0.91440 0.03061 
0.15671 0.91440 0.03045 
0.15928 0.91440 0.03027 
0.16185 0.91440 0.03010 
0.16442 0.91440 0.02992 
0.16700 0.91440 0.02973 
0.16957 0.91440 0.02954 
0.17214 0.91440 0.02934 
0.17471 0.91440 0.02913 
0.17728 0.91440 0.02893 
0.17985 0.91440 0.02871 
0.18242 0.91440 0.02849 
0.18498 0.91440 0.02827 
0.18755 0.91440 0.02804 
0.19012 0.91440 0.02781 
0.19269 0.91440 0.02757 
0.19525 0.91440 0.02733 
0.19782 0.91440 0.02708 
0.20039 0.91440 0.02683 
0.20295 0.91440 0.02658 
0.20552 0.91440 0.02632 
0.20808 0.91440 0.02606 
0.21065 0.91440 0.02579 
0.21321 0.91440 0.02552 
0.21577 0.91440 0.02525 
0.21834 0.91440 0.02497 
0.22090 0.91440 0.02469 
0.22346 0.91440 0.02440 
0.22602 0.91440 0.02411 
0.22859 0.91440 0.02382 
0.23115 0.91440 0.02353 
0.23371 0.91440 0.02323 
0.23627 0.91440 0.02292 
0.23883 0.91440 0.02262 
0.24139 0.91440 0.02231 
0.24395 0.91440 0.02200 
0.24651 0.91440 0.02168 
0.24906 0.91440 0.02136 
0.25162 0.91440 0.02104 
0.25418 0.91440 0.02072 
0.25674 0.91440 0.02039 
0.25929 0.91440 0.02006 
0.26185 0.91440 0.01973 
0.26441 0.91440 0.01939 
0.26696 0.91440 0.01905 
0.26952 0.91440 0.01871 
0.27207 0.91440 0.01837 
0.27463 0.91440 0.01802 
0.27718 0.91440 0.01767 
0.27974 0.91440 0.01732 
0.28229 0.91440 0.01696 
0.28484 0.91440 0.01661 
0.28740 0.91440 0.01625 
0.28995 0.91440 0.01589 
0.29250 0.91440 0.01552 
0.29505 0.91440 0.01516 
0.29761 0.91440 0.01479 
0.30016 0.91440 0.01442 
0.30271 0.91440 0.01404 
0.30526 0.91440 0.01367 
0.30781 0.91440 0.01329 
0.31036 0.91440 0.01291 
0.31291 0.91440 0.01253 
0.31546 0.91440 0.01214 
0.31801 0.91440 0.01176 
0.32056 0.91440 0.01137 
0.32311 0.91440 0.01098 
0.32565 0.91440 0.01059 
0.32820 0.91440 0.01019 
0.33075 0.91440 0.00980 
0.33330 0.91440 0.00940 
0.33584 0.91440 0.00900 
0.33839 0.91440 0.00860 
0.34094 0.91440 0.00819 
0.34348 0.91440 0.00779 
0.34603 0.91440 0.00738 
0.34857 0.91440 0.00697 
0.35112 0.91440 0.00656 
0.35366 0.91440 0.00615 
0.35621 0.91440 0.00573 
0.35875 0.91440 0.00531 
0.36130 0.91440 0.00489 
0.36384 0.91440 0.00447 
0.36638 0.91440 0.00405 
0.36893 0.91440 0.00363 
0.37147 0.91440 0.00320 
0.37401 0.91440 0.00278 
0.37655 0.91440 0.00235 
0.37910 0.91440 0.00192 
0.38164 0.91440 0.00149 
0.38418 0.91440 0.00105 
0.38672 0.91440 0.00062 
0.38926 0.91440 0.00018 
0.39180 0.91440 -0.00026 
0.39434 0.91440 -0.00070 
0.39688 0.91440 -0.00114 
0.39942 0.91440 -0.00159 
0.40196 0.91440 -0.00203 
0.40450 0.91440 -0.00248 
0.40704 0.91440 -0.00293 
0.40958 0.91440 -0.00338 
0.41212 0.91440 -0.00383 
0.41466 0.91440 -0.00428 
0.41719 0.91440 -0.00474 
0.41973 0.91440 -0.00519 
0.42227 0.91440 -0.00565 
0.42480 0.91440 -0.00611 
0.42734 0.91440 -0.00657 
0.42988 0.91440 -0.00704 
0.43241 0.91440 -0.00750 
0.43495 0.91440 -0.00797 
0.43748 0.91440 -0.00843 
0.44002 0.91440 -0.00890 
0.44255 0.91440 -0.00937 
0.44509 0.91440 -0.00985 
0.44762 0.91440 -0.01032 
0.45016 0.91440 -0.01080 
0.45269 0.91440 -0.01127 
0.45522 0.91440 -0.01175 
0.45776 0.91440 -0.01223 
0.46029 0.91440 -0.01272 
0.46282 0.91440 -0.01320 
0.46535 0.91440 -0.01369 
0.46789 0.91440 -0.01417 
0.47042 0.91440 -0.01466 
0.47295 0.91440 -0.01515 
0.47548 0.91440 -0.01565 
0.47801 0.91440 -0.01614 
0.48054 0.91440 -0.01664 
0.48307 0.91440 -0.01713 
0.48560 0.91440 -0.01763 
0.48813 0.91440 -0.01813 
0.49066 0.91440 -0.01864 
0.49318 0.91440 -0.01914 
0.49571 0.91440 -0.01965 
0.49824 0.91440 -0.02016 
0.50077 0.91440 -0.02067 
0.50329 0.91440 -0.02118 
0.50582 0.91440 -0.02169 
0.50835 0.91440 -0.02221 
0.51087 0.91440 -0.02273 
0.51340 0.91440 -0.02325 
0.51592 0.91440 -0.02377 
0.51845 0.91440 -0.02429 
0.52097 0.91440 -0.02482 
0.52349 0.91440 -0.02534 
0.52602 0.91440 -0.02587 
0.52854 0.91440 -0.02640 
0.53017 0.91440 -0.02675 
0.53119 0.91440 -0.02696 
0.53183 0.91440 -0.02710 
0.53222 0.91440 -0.02718 
0.53247 0.91440 -0.02724 
0.53247 0.91440 -0.02733 
0.53246 0.91440 -0.02741 
0.53245 0.91440 -0.02750 
0.53245 0.91440 -0.02759 
0.53244 0.91440 -0.02768 
0.53243 0.91440 -0.02777 
0.53243 0.91440 -0.02786 
0.53242 0.91440 -0.02795 

ZONE T="SLICE_Y_0p9144_BINS03_KS_0p5334mm_SINGLE_LAYER"
0.53242 0.91440 -0.02795 
0.53242 0.91440 -0.02804 
0.53241 0.91440 -0.02813 
0.53240 0.91440 -0.02822 
0.53240 0.91440 -0.02831 
0.53239 0.91440 -0.02840 
0.53238 0.91440 -0.02849 
0.53238 0.91440 -0.02858 
0.53213 0.91440 -0.02859 
0.53172 0.91440 -0.02862 
0.53107 0.91440 -0.02867 
0.53003 0.91440 -0.02874 
0.52837 0.91440 -0.02885 
0.52580 0.91440 -0.02903 
0.52324 0.91440 -0.02920 
0.52067 0.91440 -0.02937 
0.51810 0.91440 -0.02954 
0.51553 0.91440 -0.02971 
0.51296 0.91440 -0.02987 
0.51039 0.91440 -0.03003 
0.50782 0.91440 -0.03019 
0.50525 0.91440 -0.03035 
0.50268 0.91440 -0.03051 
0.50011 0.91440 -0.03067 
0.49754 0.91440 -0.03082 
0.49497 0.91440 -0.03097 
0.49240 0.91440 -0.03112 
0.48983 0.91440 -0.03127 
0.48726 0.91440 -0.03141 
0.48469 0.91440 -0.03156 
0.48212 0.91440 -0.03170 
0.47955 0.91440 -0.03184 
0.47698 0.91440 -0.03198 
0.47441 0.91440 -0.03212 
0.47184 0.91440 -0.03225 
0.46927 0.91440 -0.03239 
0.46670 0.91440 -0.03252 
0.46413 0.91440 -0.03265 
0.46156 0.91440 -0.03278 
0.45899 0.91440 -0.03290 
0.45642 0.91440 -0.03303 
0.45384 0.91440 -0.03315 
0.45127 0.91440 -0.03327 
0.44870 0.91440 -0.03339 
0.44613 0.91440 -0.03351 
0.44356 0.91440 -0.03363 
0.44099 0.91440 -0.03374 
0.43841 0.91440 -0.03386 
0.43584 0.91440 -0.03397 
0.43327 0.91440 -0.03408 
0.43070 0.91440 -0.03419 
0.42813 0.91440 -0.03430 
0.42555 0.91440 -0.03440 
0.42298 0.91440 -0.03450 
0.42041 0.91440 -0.03461 
0.41784 0.91440 -0.03471 
0.41527 0.91440 -0.03481 
0.41269 0.91440 -0.03490 
0.41012 0.91440 -0.03500 
0.40755 0.91440 -0.03509 
0.40498 0.91440 -0.03519 
0.40240 0.91440 -0.03528 
0.39983 0.91440 -0.03537 
0.39726 0.91440 -0.03545 
0.39468 0.91440 -0.03554 
0.39211 0.91440 -0.03562 
0.38954 0.91440 -0.03571 
0.38697 0.91440 -0.03579 
0.38439 0.91440 -0.03587 
0.38182 0.91440 -0.03594 
0.37925 0.91440 -0.03602 
0.37667 0.91440 -0.03609 
0.37410 0.91440 -0.03617 
0.37153 0.91440 -0.03624 
0.36895 0.91440 -0.03631 
0.36638 0.91440 -0.03637 
0.36381 0.91440 -0.03644 
0.36123 0.91440 -0.03650 
0.35866 0.91440 -0.03657 
0.35609 0.91440 -0.03663 
0.35351 0.91440 -0.03668 
0.35094 0.91440 -0.03674 
0.34837 0.91440 -0.03680 
0.34579 0.91440 -0.03685 
0.34322 0.91440 -0.03690 
0.34064 0.91440 -0.03695 
0.33807 0.91440 -0.03700 
0.33550 0.91440 -0.03704 
0.33292 0.91440 -0.03709 
0.33035 0.91440 -0.03713 
0.32777 0.91440 -0.03717 
0.32520 0.91440 -0.03721 
0.32263 0.91440 -0.03724 
0.32005 0.91440 -0.03728 
0.31748 0.91440 -0.03731 
0.31490 0.91440 -0.03734 
0.31233 0.91440 -0.03737 
0.30976 0.91440 -0.03739 
0.30718 0.91440 -0.03742 
0.30461 0.91440 -0.03744 
0.30203 0.91440 -0.03746 
0.29946 0.91440 -0.03747 
0.29689 0.91440 -0.03749 
0.29431 0.91440 -0.03750 
0.29174 0.91440 -0.03751 
0.28916 0.91440 -0.03752 
0.28659 0.91440 -0.03753 
0.28401 0.91440 -0.03753 
0.28144 0.91440 -0.03753 
0.27887 0.91440 -0.03753 
0.27629 0.91440 -0.03752 
0.27372 0.91440 -0.03752 
0.27114 0.91440 -0.03751 
0.26857 0.91440 -0.03750 
0.26599 0.91440 -0.03748 
0.26342 0.91440 -0.03746 
0.26085 0.91440 -0.03744 
0.25827 0.91440 -0.03742 
0.25570 0.91440 -0.03740 
0.25312 0.91440 -0.03737 
0.25055 0.91440 -0.03734 
0.24798 0.91440 -0.03730 
0.24540 0.91440 -0.03727 
0.24283 0.91440 -0.03723 
0.24025 0.91440 -0.03718 
0.23768 0.91440 -0.03714 
0.23511 0.91440 -0.03709 
0.23253 0.91440 -0.03703 
0.22996 0.91440 -0.03698 
0.22738 0.91440 -0.03692 
0.22481 0.91440 -0.03686 
0.22224 0.91440 -0.03679 
0.21966 0.91440 -0.03672 
0.21709 0.91440 -0.03665 
0.21452 0.91440 -0.03657 
0.21195 0.91440 -0.03649 
0.20937 0.91440 -0.03641 
0.20680 0.91440 -0.03632 
0.20423 0.91440 -0.03622 
0.20165 0.91440 -0.03613 
0.19908 0.91440 -0.03603 
0.19651 0.91440 -0.03592 
0.19394 0.91440 -0.03582 
0.19137 0.91440 -0.03570 
0.18879 0.91440 -0.03559 
0.18622 0.91440 -0.03546 
0.18365 0.91440 -0.03534 
0.18108 0.91440 -0.03521 
0.17851 0.91440 -0.03507 
0.17594 0.91440 -0.03493 
0.17337 0.91440 -0.03479 
0.17080 0.91440 -0.03464 
0.16823 0.91440 -0.03448 
0.16566 0.91440 -0.03432 
0.16309 0.91440 -0.03416 
0.16052 0.91440 -0.03399 
0.15796 0.91440 -0.03381 
0.15539 0.91440 -0.03363 
0.15282 0.91440 -0.03344 
0.15025 0.91440 -0.03325 
0.14769 0.91440 -0.03305 
0.14512 0.91440 -0.03285 
0.14255 0.91440 -0.03263 
0.13999 0.91440 -0.03242 
0.13743 0.91440 -0.03219 
0.13486 0.91440 -0.03196 
0.13230 0.91440 -0.03172 
0.12974 0.91440 -0.03148 
0.12717 0.91440 -0.03123 
0.12461 0.91440 -0.03097 
0.12205 0.91440 -0.03070 
0.11949 0.91440 -0.03043 
0.11693 0.91440 -0.03015 
0.11438 0.91440 -0.02986 
0.11182 0.91440 -0.02956 
0.10924 0.91440 -0.02925 
0.10679 0.91440 -0.02894 
0.10445 0.91440 -0.02865 
0.10222 0.91440 -0.02836 
0.10011 0.91440 -0.02808 
0.09809 0.91440 -0.02780 
0.09617 0.91440 -0.02754 
0.09434 0.91440 -0.02728 
0.09260 0.91440 -0.02702 
0.09090 0.91440 -0.02712 
0.08926 0.91440 -0.02725 
0.08776 0.91440 -0.02705 
0.08632 0.91440 -0.02686 
0.08489 0.91440 -0.02666 
0.08345 0.91440 -0.02646 
0.08202 0.91440 -0.02626 
0.08058 0.91440 -0.02605 
0.07915 0.91440 -0.02584 
0.07772 0.91440 -0.02562 
0.07628 0.91440 -0.02541 
0.07485 0.91440 -0.02519 
0.07342 0.91440 -0.02496 
0.07199 0.91440 -0.02473 
0.07056 0.91440 -0.02450 
0.06912 0.91440 -0.02427 
0.06769 0.91440 -0.02403 
0.06626 0.91440 -0.02378 
0.06483 0.91440 -0.02354 
0.06340 0.91440 -0.02329 
0.06197 0.91440 -0.02303 
0.06055 0.91440 -0.02277 
0.05912 0.91440 -0.02251 
0.05769 0.91440 -0.02224 
0.05626 0.91440 -0.02197 
0.05484 0.91440 -0.02169 
0.05341 0.91440 -0.02143 
0.05196 0.91440 -0.02122 
0.05051 0.91440 -0.02103 
0.04906 0.91440 -0.02084 
0.04760 0.91440 -0.02066 
0.04615 0.91440 -0.02047 
0.04469 0.91440 -0.02028 
0.04322 0.91440 -0.02010 
0.04176 0.91440 -0.01991 
0.04029 0.91440 -0.01972 
0.03882 0.91440 -0.01953 
0.03734 0.91440 -0.01934 
0.03587 0.91440 -0.01915 
0.03438 0.91440 -0.01895 
0.03289 0.91440 -0.01876 
0.03140 0.91440 -0.01856 
0.02990 0.91440 -0.01836 
0.02840 0.91440 -0.01816 
0.02689 0.91440 -0.01796 
0.02537 0.91440 -0.01775 
0.02384 0.91440 -0.01754 
0.02230 0.91440 -0.01733 
0.02075 0.91440 -0.01710 
0.01917 0.91440 -0.01691 
0.01783 0.91440 -0.01614 
0.01594 0.91440 -0.01657 
0.01334 0.91440 -0.01843 
0.01083 0.91440 -0.01988 
0.00885 0.91440 -0.02004 
0.00737 0.91440 -0.01914 
0.00596 0.91440 -0.01805 
0.00457 0.91440 -0.01690 
0.00319 0.91440 -0.01566 
0.00184 0.91440 -0.01434 
0.00051 0.91440 -0.01293 
-0.00079 0.91440 -0.01142 
-0.00201 0.91440 -0.00985 
-0.00311 0.91440 -0.00829 
-0.00406 0.91440 -0.00670 
-0.00486 0.91440 -0.00510 
-0.00559 0.91440 -0.00356 
-0.00619 0.91440 -0.00201 
-0.00698 0.91440 -0.00063 
-0.00806 0.91440 0.00061 
-0.00913 0.91440 0.00193 
-0.01018 0.91440 0.00334 
-0.01127 0.91440 0.00486 
-0.01235 0.91440 0.00652 
-0.01334 0.91440 0.00833 
-0.01424 0.91440 0.01032 
-0.01471 0.91440 0.01241 
-0.01559 0.91440 0.01473 
-0.01398 0.91440 0.01646 
-0.01021 0.91440 0.01705 
-0.00788 0.91440 0.01781 
-0.00659 0.91440 0.01892 
-0.00498 0.91440 0.01969 
-0.00326 0.91440 0.02022 
-0.00151 0.91440 0.02059 
0.00032 0.91440 0.02072 
0.00216 0.91440 0.02072 
0.00401 0.91440 0.02062 
0.00569 0.91440 0.02070 
0.00722 0.91440 0.02102 
0.00908 0.91440 0.02077 
0.01079 0.91440 0.02062 
0.01210 0.91440 0.02123 
0.01342 0.91440 0.02180 
0.01475 0.91440 0.02234 
0.01610 0.91440 0.02285 
0.01745 0.91440 0.02334 
0.01882 0.91440 0.02379 
0.02019 0.91440 0.02422 
0.02157 0.91440 0.02464 
0.02295 0.91440 0.02503 
0.02434 0.91440 0.02540 
0.02574 0.91440 0.02576 
0.02713 0.91440 0.02610 
0.02854 0.91440 0.02642 
0.02994 0.91440 0.02673 
0.03135 0.91440 0.02703 
0.03276 0.91440 0.02731 
0.03417 0.91440 0.02758 
0.03559 0.91440 0.02784 
0.03701 0.91440 0.02809 
0.03843 0.91440 0.02833 
0.03985 0.91440 0.02856 
0.04127 0.91440 0.02878 
0.04269 0.91440 0.02899 
0.04412 0.91440 0.02919 
0.04554 0.91440 0.02939 
0.04697 0.91440 0.02957 
0.04840 0.91440 0.02975 
0.04983 0.91440 0.02992 
0.05126 0.91440 0.03008 
0.05269 0.91440 0.03023 
0.05412 0.91440 0.03038 
0.05555 0.91440 0.03052 
0.05698 0.91440 0.03066 
0.05842 0.91440 0.03079 
0.05985 0.91440 0.03091 
0.06129 0.91440 0.03103 
0.06272 0.91440 0.03114 
0.06415 0.91440 0.03125 
0.06559 0.91440 0.03135 
0.06703 0.91440 0.03144 
0.06846 0.91440 0.03154 
0.06990 0.91440 0.03162 
0.07134 0.91440 0.03170 
0.07277 0.91440 0.03178 
0.07421 0.91440 0.03185 
0.07565 0.91440 0.03192 
0.07709 0.91440 0.03198 
0.07852 0.91440 0.03204 
0.07996 0.91440 0.03209 
0.08140 0.91440 0.03214 
0.08284 0.91440 0.03218 
0.08428 0.91440 0.03223 
0.08571 0.91440 0.03226 
0.08715 0.91440 0.03230 
0.08859 0.91440 0.03233 
0.09003 0.91440 0.03235 
0.09147 0.91440 0.03238 
0.09298 0.91440 0.03240 
0.09456 0.91440 0.03241 
0.09623 0.91440 0.03243 
0.09798 0.91440 0.03244 
0.09981 0.91440 0.03244 
0.10174 0.91440 0.03244 
0.10376 0.91440 0.03243 
0.10589 0.91440 0.03242 
0.10812 0.91440 0.03240 
0.11046 0.91440 0.03237 
0.11292 0.91440 0.03233 
0.11550 0.91440 0.03228 
0.11808 0.91440 0.03222 
0.12066 0.91440 0.03215 
0.12323 0.91440 0.03208 
0.12581 0.91440 0.03200 
0.12839 0.91440 0.03191 
0.13096 0.91440 0.03181 
0.13354 0.91440 0.03170 
0.13611 0.91440 0.03159 
0.13869 0.91440 0.03147 
0.14127 0.91440 0.03134 
0.14384 0.91440 0.03121 
0.14641 0.91440 0.03107 
0.14899 0.91440 0.03092 
0.15156 0.91440 0.03077 
0.15414 0.91440 0.03061 
0.15671 0.91440 0.03045 
0.15928 0.91440 0.03027 
0.16185 0.91440 0.03010 
0.16442 0.91440 0.02992 
0.16700 0.91440 0.02973 
0.16957 0.91440 0.02954 
0.17214 0.91440 0.02934 
0.17471 0.91440 0.02913 
0.17728 0.91440 0.02893 
0.17985 0.91440 0.02871 
0.18242 0.91440 0.02849 
0.18498 0.91440 0.02827 
0.18755 0.91440 0.02804 
0.19012 0.91440 0.02781 
0.19269 0.91440 0.02757 
0.19525 0.91440 0.02733 
0.19782 0.91440 0.02708 
0.20039 0.91440 0.02683 
0.20295 0.91440 0.02658 
0.20552 0.91440 0.02632 
0.20808 0.91440 0.02606 
0.21065 0.91440 0.02579 
0.21321 0.91440 0.02552 
0.21577 0.91440 0.02525 
0.21834 0.91440 0.02497 
0.22090 0.91440 0.02469 
0.22346 0.91440 0.02440 
0.22602 0.91440 0.02411 
0.22859 0.91440 0.02382 
0.23115 0.91440 0.02353 
0.23371 0.91440 0.02323 
0.23627 0.91440 0.02292 
0.23883 0.91440 0.02262 
0.24139 0.91440 0.02231 
0.24395 0.91440 0.02200 
0.24651 0.91440 0.02168 
0.24906 0.91440 0.02136 
0.25162 0.91440 0.02104 
0.25418 0.91440 0.02072 
0.25674 0.91440 0.02039 
0.25929 0.91440 0.02006 
0.26185 0.91440 0.01973 
0.26441 0.91440 0.01939 
0.26696 0.91440 0.01905 
0.26952 0.91440 0.01871 
0.27207 0.91440 0.01837 
0.27463 0.91440 0.01802 
0.27718 0.91440 0.01767 
0.27974 0.91440 0.01732 
0.28229 0.91440 0.01696 
0.28484 0.91440 0.01661 
0.28740 0.91440 0.01625 
0.28995 0.91440 0.01589 
0.29250 0.91440 0.01552 
0.29505 0.91440 0.01516 
0.29761 0.91440 0.01479 
0.30016 0.91440 0.01442 
0.30271 0.91440 0.01404 
0.30526 0.91440 0.01367 
0.30781 0.91440 0.01329 
0.31036 0.91440 0.01291 
0.31291 0.91440 0.01253 
0.31546 0.91440 0.01214 
0.31801 0.91440 0.01176 
0.32056 0.91440 0.01137 
0.32311 0.91440 0.01098 
0.32565 0.91440 0.01059 
0.32820 0.91440 0.01019 
0.33075 0.91440 0.00980 
0.33330 0.91440 0.00940 
0.33584 0.91440 0.00900 
0.33839 0.91440 0.00860 
0.34094 0.91440 0.00819 
0.34348 0.91440 0.00779 
0.34603 0.91440 0.00738 
0.34857 0.91440 0.00697 
0.35112 0.91440 0.00656 
0.35366 0.91440 0.00615 
0.35621 0.91440 0.00573 
0.35875 0.91440 0.00531 
0.36130 0.91440 0.00489 
0.36384 0.91440 0.00447 
0.36638 0.91440 0.00405 
0.36893 0.91440 0.00363 
0.37147 0.91440 0.00320 
0.37401 0.91440 0.00278 
0.37655 0.91440 0.00235 
0.37910 0.91440 0.00192 
0.38164 0.91440 0.00149 
0.38418 0.91440 0.00105 
0.38672 0.91440 0.00062 
0.38926 0.91440 0.00018 
0.39180 0.91440 -0.00026 
0.39434 0.91440 -0.00070 
0.39688 0.91440 -0.00114 
0.39942 0.91440 -0.00159 
0.40196 0.91440 -0.00203 
0.40450 0.91440 -0.00248 
0.40704 0.91440 -0.00293 
0.40958 0.91440 -0.00338 
0.41212 0.91440 -0.00383 
0.41466 0.91440 -0.00428 
0.41719 0.91440 -0.00474 
0.41973 0.91440 -0.00519 
0.42227 0.91440 -0.00565 
0.42480 0.91440 -0.00611 
0.42734 0.91440 -0.00657 
0.42988 0.91440 -0.00704 
0.43241 0.91440 -0.00750 
0.43495 0.91440 -0.00797 
0.43748 0.91440 -0.00843 
0.44002 0.91440 -0.00890 
0.44255 0.91440 -0.00937 
0.44509 0.91440 -0.00985 
0.44762 0.91440 -0.01032 
0.45016 0.91440 -0.01080 
0.45269 0.91440 -0.01127 
0.45522 0.91440 -0.01175 
0.45776 0.91440 -0.01223 
0.46029 0.91440 -0.01272 
0.46282 0.91440 -0.01320 
0.46535 0.91440 -0.01369 
0.46789 0.91440 -0.01417 
0.47042 0.91440 -0.01466 
0.47295 0.91440 -0.01515 
0.47548 0.91440 -0.01565 
0.47801 0.91440 -0.01614 
0.48054 0.91440 -0.01664 
0.48307 0.91440 -0.01713 
0.48560 0.91440 -0.01763 
0.48813 0.91440 -0.01813 
0.49066 0.91440 -0.01864 
0.49318 0.91440 -0.01914 
0.49571 0.91440 -0.01965 
0.49824 0.91440 -0.02016 
0.50077 0.91440 -0.02067 
0.50329 0.91440 -0.02118 
0.50582 0.91440 -0.02169 
0.50835 0.91440 -0.02221 
0.51087 0.91440 -0.02273 
0.51340 0.91440 -0.02325 
0.51592 0.91440 -0.02377 
0.51845 0.91440 -0.02429 
0.52097 0.91440 -0.02482 
0.52349 0.91440 -0.02534 
0.52602 0.91440 -0.02587 
0.52854 0.91440 -0.02640 
0.53017 0.91440 -0.02675 
0.53119 0.91440 -0.02696 
0.53183 0.91440 -0.02710 
0.53222 0.91440 -0.02718 
0.53247 0.91440 -0.02724 
0.53247 0.91440 -0.02733 
0.53246 0.91440 -0.02741 
0.53245 0.91440 -0.02750 
0.53245 0.91440 -0.02759 
0.53244 0.91440 -0.02768 
0.53243 0.91440 -0.02777 
0.53243 0.91440 -0.02786 
0.53242 0.91440 -0.02795 

ZONE T="SLICE_Y_0p9144_BINS07_KS_0p5334mm_SINGLE_LAYER"
0.53242 0.91440 -0.02795 
0.53242 0.91440 -0.02804 
0.53241 0.91440 -0.02813 
0.53240 0.91440 -0.02822 
0.53240 0.91440 -0.02831 
0.53239 0.91440 -0.02840 
0.53238 0.91440 -0.02849 
0.53238 0.91440 -0.02858 
0.53213 0.91440 -0.02859 
0.53172 0.91440 -0.02862 
0.53107 0.91440 -0.02867 
0.53003 0.91440 -0.02874 
0.52837 0.91440 -0.02885 
0.52580 0.91440 -0.02903 
0.52324 0.91440 -0.02920 
0.52067 0.91440 -0.02937 
0.51810 0.91440 -0.02954 
0.51553 0.91440 -0.02971 
0.51296 0.91440 -0.02987 
0.51039 0.91440 -0.03003 
0.50782 0.91440 -0.03019 
0.50525 0.91440 -0.03035 
0.50268 0.91440 -0.03051 
0.50011 0.91440 -0.03067 
0.49754 0.91440 -0.03082 
0.49497 0.91440 -0.03097 
0.49240 0.91440 -0.03112 
0.48983 0.91440 -0.03127 
0.48726 0.91440 -0.03141 
0.48469 0.91440 -0.03156 
0.48212 0.91440 -0.03170 
0.47955 0.91440 -0.03184 
0.47698 0.91440 -0.03198 
0.47441 0.91440 -0.03212 
0.47184 0.91440 -0.03225 
0.46927 0.91440 -0.03239 
0.46670 0.91440 -0.03252 
0.46413 0.91440 -0.03265 
0.46156 0.91440 -0.03278 
0.45899 0.91440 -0.03290 
0.45642 0.91440 -0.03303 
0.45384 0.91440 -0.03315 
0.45127 0.91440 -0.03327 
0.44870 0.91440 -0.03339 
0.44613 0.91440 -0.03351 
0.44356 0.91440 -0.03363 
0.44099 0.91440 -0.03374 
0.43841 0.91440 -0.03386 
0.43584 0.91440 -0.03397 
0.43327 0.91440 -0.03408 
0.43070 0.91440 -0.03419 
0.42813 0.91440 -0.03430 
0.42555 0.91440 -0.03440 
0.42298 0.91440 -0.03450 
0.42041 0.91440 -0.03461 
0.41784 0.91440 -0.03471 
0.41527 0.91440 -0.03481 
0.41269 0.91440 -0.03490 
0.41012 0.91440 -0.03500 
0.40755 0.91440 -0.03509 
0.40498 0.91440 -0.03519 
0.40240 0.91440 -0.03528 
0.39983 0.91440 -0.03537 
0.39726 0.91440 -0.03545 
0.39468 0.91440 -0.03554 
0.39211 0.91440 -0.03562 
0.38954 0.91440 -0.03571 
0.38697 0.91440 -0.03579 
0.38439 0.91440 -0.03587 
0.38182 0.91440 -0.03594 
0.37925 0.91440 -0.03602 
0.37667 0.91440 -0.03609 
0.37410 0.91440 -0.03617 
0.37153 0.91440 -0.03624 
0.36895 0.91440 -0.03631 
0.36638 0.91440 -0.03637 
0.36381 0.91440 -0.03644 
0.36123 0.91440 -0.03650 
0.35866 0.91440 -0.03657 
0.35609 0.91440 -0.03663 
0.35351 0.91440 -0.03668 
0.35094 0.91440 -0.03674 
0.34837 0.91440 -0.03680 
0.34579 0.91440 -0.03685 
0.34322 0.91440 -0.03690 
0.34064 0.91440 -0.03695 
0.33807 0.91440 -0.03700 
0.33550 0.91440 -0.03704 
0.33292 0.91440 -0.03709 
0.33035 0.91440 -0.03713 
0.32777 0.91440 -0.03717 
0.32520 0.91440 -0.03721 
0.32263 0.91440 -0.03724 
0.32005 0.91440 -0.03728 
0.31748 0.91440 -0.03731 
0.31490 0.91440 -0.03734 
0.31233 0.91440 -0.03737 
0.30976 0.91440 -0.03739 
0.30718 0.91440 -0.03742 
0.30461 0.91440 -0.03744 
0.30203 0.91440 -0.03746 
0.29946 0.91440 -0.03747 
0.29689 0.91440 -0.03749 
0.29431 0.91440 -0.03750 
0.29174 0.91440 -0.03751 
0.28916 0.91440 -0.03752 
0.28659 0.91440 -0.03753 
0.28401 0.91440 -0.03753 
0.28144 0.91440 -0.03753 
0.27887 0.91440 -0.03753 
0.27629 0.91440 -0.03752 
0.27372 0.91440 -0.03752 
0.27114 0.91440 -0.03751 
0.26857 0.91440 -0.03750 
0.26599 0.91440 -0.03748 
0.26342 0.91440 -0.03746 
0.26085 0.91440 -0.03744 
0.25827 0.91440 -0.03742 
0.25570 0.91440 -0.03740 
0.25312 0.91440 -0.03737 
0.25055 0.91440 -0.03734 
0.24798 0.91440 -0.03730 
0.24540 0.91440 -0.03727 
0.24283 0.91440 -0.03723 
0.24025 0.91440 -0.03718 
0.23768 0.91440 -0.03714 
0.23511 0.91440 -0.03709 
0.23253 0.91440 -0.03703 
0.22996 0.91440 -0.03698 
0.22738 0.91440 -0.03692 
0.22481 0.91440 -0.03686 
0.22224 0.91440 -0.03679 
0.21966 0.91440 -0.03672 
0.21709 0.91440 -0.03665 
0.21452 0.91440 -0.03657 
0.21195 0.91440 -0.03649 
0.20937 0.91440 -0.03641 
0.20680 0.91440 -0.03632 
0.20423 0.91440 -0.03622 
0.20165 0.91440 -0.03613 
0.19908 0.91440 -0.03603 
0.19651 0.91440 -0.03592 
0.19394 0.91440 -0.03582 
0.19137 0.91440 -0.03570 
0.18879 0.91440 -0.03559 
0.18622 0.91440 -0.03546 
0.18365 0.91440 -0.03534 
0.18108 0.91440 -0.03521 
0.17851 0.91440 -0.03507 
0.17594 0.91440 -0.03493 
0.17337 0.91440 -0.03479 
0.17080 0.91440 -0.03464 
0.16823 0.91440 -0.03448 
0.16566 0.91440 -0.03432 
0.16309 0.91440 -0.03416 
0.16052 0.91440 -0.03399 
0.15796 0.91440 -0.03381 
0.15539 0.91440 -0.03363 
0.15282 0.91440 -0.03344 
0.15025 0.91440 -0.03325 
0.14769 0.91440 -0.03305 
0.14512 0.91440 -0.03285 
0.14255 0.91440 -0.03263 
0.13999 0.91440 -0.03242 
0.13743 0.91440 -0.03219 
0.13486 0.91440 -0.03196 
0.13230 0.91440 -0.03172 
0.12974 0.91440 -0.03148 
0.12717 0.91440 -0.03123 
0.12461 0.91440 -0.03097 
0.12205 0.91440 -0.03070 
0.11949 0.91440 -0.03043 
0.11693 0.91440 -0.03015 
0.11438 0.91440 -0.02986 
0.11182 0.91440 -0.02956 
0.10924 0.91440 -0.02925 
0.10679 0.91440 -0.02894 
0.10445 0.91440 -0.02865 
0.10222 0.91440 -0.02836 
0.10011 0.91440 -0.02808 
0.09809 0.91440 -0.02780 
0.09617 0.91440 -0.02754 
0.09434 0.91440 -0.02728 
0.09260 0.91440 -0.02702 
0.09090 0.91440 -0.02712 
0.08926 0.91440 -0.02726 
0.08775 0.91440 -0.02707 
0.08632 0.91440 -0.02689 
0.08488 0.91440 -0.02671 
0.08344 0.91440 -0.02653 
0.08200 0.91440 -0.02635 
0.08056 0.91440 -0.02617 
0.07912 0.91440 -0.02598 
0.07769 0.91440 -0.02579 
0.07625 0.91440 -0.02560 
0.07481 0.91440 -0.02541 
0.07337 0.91440 -0.02521 
0.07194 0.91440 -0.02501 
0.07050 0.91440 -0.02481 
0.06906 0.91440 -0.02460 
0.06762 0.91440 -0.02439 
0.06618 0.91440 -0.02418 
0.06475 0.91440 -0.02396 
0.06331 0.91440 -0.02374 
0.06187 0.91440 -0.02352 
0.06043 0.91440 -0.02330 
0.05900 0.91440 -0.02307 
0.05756 0.91440 -0.02283 
0.05612 0.91440 -0.02260 
0.05468 0.91440 -0.02236 
0.05324 0.91440 -0.02212 
0.05181 0.91440 -0.02187 
0.05037 0.91440 -0.02162 
0.04892 0.91440 -0.02138 
0.04748 0.91440 -0.02116 
0.04602 0.91440 -0.02093 
0.04457 0.91440 -0.02071 
0.04312 0.91440 -0.02049 
0.04166 0.91440 -0.02026 
0.04020 0.91440 -0.02003 
0.03874 0.91440 -0.01979 
0.03728 0.91440 -0.01956 
0.03581 0.91440 -0.01932 
0.03434 0.91440 -0.01908 
0.03287 0.91440 -0.01883 
0.03140 0.91440 -0.01858 
0.02992 0.91440 -0.01832 
0.02843 0.91440 -0.01806 
0.02694 0.91440 -0.01780 
0.02545 0.91440 -0.01754 
0.02394 0.91440 -0.01726 
0.02243 0.91440 -0.01698 
0.02092 0.91440 -0.01669 
0.01939 0.91440 -0.01638 
0.01783 0.91440 -0.01614 
0.01652 0.91440 -0.01527 
0.01445 0.91440 -0.01605 
0.01164 0.91440 -0.01820 
0.00920 0.91440 -0.01936 
0.00739 0.91440 -0.01909 
0.00598 0.91440 -0.01802 
0.00459 0.91440 -0.01686 
0.00322 0.91440 -0.01562 
0.00187 0.91440 -0.01430 
0.00054 0.91440 -0.01288 
-0.00076 0.91440 -0.01137 
-0.00197 0.91440 -0.00982 
-0.00308 0.91440 -0.00826 
-0.00403 0.91440 -0.00667 
-0.00482 0.91440 -0.00507 
-0.00555 0.91440 -0.00353 
-0.00616 0.91440 -0.00199 
-0.00694 0.91440 -0.00061 
-0.00803 0.91440 0.00063 
-0.00909 0.91440 0.00194 
-0.01015 0.91440 0.00335 
-0.01123 0.91440 0.00487 
-0.01232 0.91440 0.00652 
-0.01331 0.91440 0.00833 
-0.01420 0.91440 0.01032 
-0.01476 0.91440 0.01242 
-0.01534 0.91440 0.01467 
-0.01313 0.91440 0.01617 
-0.00919 0.91440 0.01661 
-0.00731 0.91440 0.01751 
-0.00625 0.91440 0.01870 
-0.00453 0.91440 0.01935 
-0.00314 0.91440 0.02012 
-0.00153 0.91440 0.02061 
0.00010 0.91440 0.02096 
0.00177 0.91440 0.02120 
0.00346 0.91440 0.02138 
0.00510 0.91440 0.02160 
0.00674 0.91440 0.02185 
0.00844 0.91440 0.02198 
0.01036 0.91440 0.02149 
0.01210 0.91440 0.02123 
0.01342 0.91440 0.02180 
0.01475 0.91440 0.02234 
0.01610 0.91440 0.02285 
0.01745 0.91440 0.02334 
0.01882 0.91440 0.02379 
0.02019 0.91440 0.02422 
0.02157 0.91440 0.02464 
0.02295 0.91440 0.02503 
0.02434 0.91440 0.02540 
0.02574 0.91440 0.02576 
0.02713 0.91440 0.02610 
0.02854 0.91440 0.02642 
0.02994 0.91440 0.02673 
0.03135 0.91440 0.02703 
0.03276 0.91440 0.02731 
0.03417 0.91440 0.02758 
0.03559 0.91440 0.02784 
0.03701 0.91440 0.02809 
0.03843 0.91440 0.02833 
0.03985 0.91440 0.02856 
0.04127 0.91440 0.02878 
0.04269 0.91440 0.02899 
0.04412 0.91440 0.02919 
0.04554 0.91440 0.02939 
0.04697 0.91440 0.02957 
0.04840 0.91440 0.02975 
0.04983 0.91440 0.02992 
0.05126 0.91440 0.03008 
0.05269 0.91440 0.03023 
0.05412 0.91440 0.03038 
0.05555 0.91440 0.03052 
0.05698 0.91440 0.03066 
0.05842 0.91440 0.03079 
0.05985 0.91440 0.03091 
0.06129 0.91440 0.03103 
0.06272 0.91440 0.03114 
0.06415 0.91440 0.03125 
0.06559 0.91440 0.03135 
0.06703 0.91440 0.03144 
0.06846 0.91440 0.03154 
0.06990 0.91440 0.03162 
0.07134 0.91440 0.03170 
0.07277 0.91440 0.03178 
0.07421 0.91440 0.03185 
0.07565 0.91440 0.03192 
0.07709 0.91440 0.03198 
0.07852 0.91440 0.03204 
0.07996 0.91440 0.03209 
0.08140 0.91440 0.03214 
0.08284 0.91440 0.03218 
0.08428 0.91440 0.03223 
0.08571 0.91440 0.03226 
0.08715 0.91440 0.03230 
0.08859 0.91440 0.03233 
0.09003 0.91440 0.03235 
0.09147 0.91440 0.03238 
0.09298 0.91440 0.03240 
0.09456 0.91440 0.03241 
0.09623 0.91440 0.03243 
0.09798 0.91440 0.03244 
0.09981 0.91440 0.03244 
0.10174 0.91440 0.03244 
0.10376 0.91440 0.03243 
0.10589 0.91440 0.03242 
0.10812 0.91440 0.03240 
0.11046 0.91440 0.03237 
0.11292 0.91440 0.03233 
0.11550 0.91440 0.03228 
0.11808 0.91440 0.03222 
0.12066 0.91440 0.03215 
0.12323 0.91440 0.03208 
0.12581 0.91440 0.03200 
0.12839 0.91440 0.03191 
0.13096 0.91440 0.03181 
0.13354 0.91440 0.03170 
0.13611 0.91440 0.03159 
0.13869 0.91440 0.03147 
0.14127 0.91440 0.03134 
0.14384 0.91440 0.03121 
0.14641 0.91440 0.03107 
0.14899 0.91440 0.03092 
0.15156 0.91440 0.03077 
0.15414 0.91440 0.03061 
0.15671 0.91440 0.03045 
0.15928 0.91440 0.03027 
0.16185 0.91440 0.03010 
0.16442 0.91440 0.02992 
0.16700 0.91440 0.02973 
0.16957 0.91440 0.02954 
0.17214 0.91440 0.02934 
0.17471 0.91440 0.02913 
0.17728 0.91440 0.02893 
0.17985 0.91440 0.02871 
0.18242 0.91440 0.02849 
0.18498 0.91440 0.02827 
0.18755 0.91440 0.02804 
0.19012 0.91440 0.02781 
0.19269 0.91440 0.02757 
0.19525 0.91440 0.02733 
0.19782 0.91440 0.02708 
0.20039 0.91440 0.02683 
0.20295 0.91440 0.02658 
0.20552 0.91440 0.02632 
0.20808 0.91440 0.02606 
0.21065 0.91440 0.02579 
0.21321 0.91440 0.02552 
0.21577 0.91440 0.02525 
0.21834 0.91440 0.02497 
0.22090 0.91440 0.02469 
0.22346 0.91440 0.02440 
0.22602 0.91440 0.02411 
0.22859 0.91440 0.02382 
0.23115 0.91440 0.02353 
0.23371 0.91440 0.02323 
0.23627 0.91440 0.02292 
0.23883 0.91440 0.02262 
0.24139 0.91440 0.02231 
0.24395 0.91440 0.02200 
0.24651 0.91440 0.02168 
0.24906 0.91440 0.02136 
0.25162 0.91440 0.02104 
0.25418 0.91440 0.02072 
0.25674 0.91440 0.02039 
0.25929 0.91440 0.02006 
0.26185 0.91440 0.01973 
0.26441 0.91440 0.01939 
0.26696 0.91440 0.01905 
0.26952 0.91440 0.01871 
0.27207 0.91440 0.01837 
0.27463 0.91440 0.01802 
0.27718 0.91440 0.01767 
0.27974 0.91440 0.01732 
0.28229 0.91440 0.01696 
0.28484 0.91440 0.01661 
0.28740 0.91440 0.01625 
0.28995 0.91440 0.01589 
0.29250 0.91440 0.01552 
0.29505 0.91440 0.01516 
0.29761 0.91440 0.01479 
0.30016 0.91440 0.01442 
0.30271 0.91440 0.01404 
0.30526 0.91440 0.01367 
0.30781 0.91440 0.01329 
0.31036 0.91440 0.01291 
0.31291 0.91440 0.01253 
0.31546 0.91440 0.01214 
0.31801 0.91440 0.01176 
0.32056 0.91440 0.01137 
0.32311 0.91440 0.01098 
0.32565 0.91440 0.01059 
0.32820 0.91440 0.01019 
0.33075 0.91440 0.00980 
0.33330 0.91440 0.00940 
0.33584 0.91440 0.00900 
0.33839 0.91440 0.00860 
0.34094 0.91440 0.00819 
0.34348 0.91440 0.00779 
0.34603 0.91440 0.00738 
0.34857 0.91440 0.00697 
0.35112 0.91440 0.00656 
0.35366 0.91440 0.00615 
0.35621 0.91440 0.00573 
0.35875 0.91440 0.00531 
0.36130 0.91440 0.00489 
0.36384 0.91440 0.00447 
0.36638 0.91440 0.00405 
0.36893 0.91440 0.00363 
0.37147 0.91440 0.00320 
0.37401 0.91440 0.00278 
0.37655 0.91440 0.00235 
0.37910 0.91440 0.00192 
0.38164 0.91440 0.00149 
0.38418 0.91440 0.00105 
0.38672 0.91440 0.00062 
0.38926 0.91440 0.00018 
0.39180 0.91440 -0.00026 
0.39434 0.91440 -0.00070 
0.39688 0.91440 -0.00114 
0.39942 0.91440 -0.00159 
0.40196 0.91440 -0.00203 
0.40450 0.91440 -0.00248 
0.40704 0.91440 -0.00293 
0.40958 0.91440 -0.00338 
0.41212 0.91440 -0.00383 
0.41466 0.91440 -0.00428 
0.41719 0.91440 -0.00474 
0.41973 0.91440 -0.00519 
0.42227 0.91440 -0.00565 
0.42480 0.91440 -0.00611 
0.42734 0.91440 -0.00657 
0.42988 0.91440 -0.00704 
0.43241 0.91440 -0.00750 
0.43495 0.91440 -0.00797 
0.43748 0.91440 -0.00843 
0.44002 0.91440 -0.00890 
0.44255 0.91440 -0.00937 
0.44509 0.91440 -0.00985 
0.44762 0.91440 -0.01032 
0.45016 0.91440 -0.01080 
0.45269 0.91440 -0.01127 
0.45522 0.91440 -0.01175 
0.45776 0.91440 -0.01223 
0.46029 0.91440 -0.01272 
0.46282 0.91440 -0.01320 
0.46535 0.91440 -0.01369 
0.46789 0.91440 -0.01417 
0.47042 0.91440 -0.01466 
0.47295 0.91440 -0.01515 
0.47548 0.91440 -0.01565 
0.47801 0.91440 -0.01614 
0.48054 0.91440 -0.01664 
0.48307 0.91440 -0.01713 
0.48560 0.91440 -0.01763 
0.48813 0.91440 -0.01813 
0.49066 0.91440 -0.01864 
0.49318 0.91440 -0.01914 
0.49571 0.91440 -0.01965 
0.49824 0.91440 -0.02016 
0.50077 0.91440 -0.02067 
0.50329 0.91440 -0.02118 
0.50582 0.91440 -0.02169 
0.50835 0.91440 -0.02221 
0.51087 0.91440 -0.02273 
0.51340 0.91440 -0.02325 
0.51592 0.91440 -0.02377 
0.51845 0.91440 -0.02429 
0.52097 0.91440 -0.02482 
0.52349 0.91440 -0.02534 
0.52602 0.91440 -0.02587 
0.52854 0.91440 -0.02640 
0.53017 0.91440 -0.02675 
0.53119 0.91440 -0.02696 
0.53183 0.91440 -0.02710 
0.53222 0.91440 -0.02718 
0.53247 0.91440 -0.02724 
0.53247 0.91440 -0.02733 
0.53246 0.91440 -0.02741 
0.53245 0.91440 -0.02750 
0.53245 0.91440 -0.02759 
0.53244 0.91440 -0.02768 
0.53243 0.91440 -0.02777 
0.53243 0.91440 -0.02786 
0.53242 0.91440 -0.02795 

ZONE T="SLICE_Y_0p9144_BINS15_KS_0p5334mm_SINGLE_LAYER"
0.53242 0.91440 -0.02795 
0.53242 0.91440 -0.02804 
0.53241 0.91440 -0.02813 
0.53240 0.91440 -0.02822 
0.53240 0.91440 -0.02831 
0.53239 0.91440 -0.02840 
0.53238 0.91440 -0.02849 
0.53238 0.91440 -0.02858 
0.53213 0.91440 -0.02859 
0.53172 0.91440 -0.02862 
0.53107 0.91440 -0.02867 
0.53003 0.91440 -0.02874 
0.52837 0.91440 -0.02885 
0.52580 0.91440 -0.02903 
0.52324 0.91440 -0.02920 
0.52067 0.91440 -0.02937 
0.51810 0.91440 -0.02954 
0.51553 0.91440 -0.02971 
0.51296 0.91440 -0.02987 
0.51039 0.91440 -0.03003 
0.50782 0.91440 -0.03019 
0.50525 0.91440 -0.03035 
0.50268 0.91440 -0.03051 
0.50011 0.91440 -0.03067 
0.49754 0.91440 -0.03082 
0.49497 0.91440 -0.03097 
0.49240 0.91440 -0.03112 
0.48983 0.91440 -0.03127 
0.48726 0.91440 -0.03141 
0.48469 0.91440 -0.03156 
0.48212 0.91440 -0.03170 
0.47955 0.91440 -0.03184 
0.47698 0.91440 -0.03198 
0.47441 0.91440 -0.03212 
0.47184 0.91440 -0.03225 
0.46927 0.91440 -0.03239 
0.46670 0.91440 -0.03252 
0.46413 0.91440 -0.03265 
0.46156 0.91440 -0.03278 
0.45899 0.91440 -0.03290 
0.45642 0.91440 -0.03303 
0.45384 0.91440 -0.03315 
0.45127 0.91440 -0.03327 
0.44870 0.91440 -0.03339 
0.44613 0.91440 -0.03351 
0.44356 0.91440 -0.03363 
0.44099 0.91440 -0.03374 
0.43841 0.91440 -0.03386 
0.43584 0.91440 -0.03397 
0.43327 0.91440 -0.03408 
0.43070 0.91440 -0.03419 
0.42813 0.91440 -0.03430 
0.42555 0.91440 -0.03440 
0.42298 0.91440 -0.03450 
0.42041 0.91440 -0.03461 
0.41784 0.91440 -0.03471 
0.41527 0.91440 -0.03481 
0.41269 0.91440 -0.03490 
0.41012 0.91440 -0.03500 
0.40755 0.91440 -0.03509 
0.40498 0.91440 -0.03519 
0.40240 0.91440 -0.03528 
0.39983 0.91440 -0.03537 
0.39726 0.91440 -0.03545 
0.39468 0.91440 -0.03554 
0.39211 0.91440 -0.03562 
0.38954 0.91440 -0.03571 
0.38697 0.91440 -0.03579 
0.38439 0.91440 -0.03587 
0.38182 0.91440 -0.03594 
0.37925 0.91440 -0.03602 
0.37667 0.91440 -0.03609 
0.37410 0.91440 -0.03617 
0.37153 0.91440 -0.03624 
0.36895 0.91440 -0.03631 
0.36638 0.91440 -0.03637 
0.36381 0.91440 -0.03644 
0.36123 0.91440 -0.03650 
0.35866 0.91440 -0.03657 
0.35609 0.91440 -0.03663 
0.35351 0.91440 -0.03668 
0.35094 0.91440 -0.03674 
0.34837 0.91440 -0.03680 
0.34579 0.91440 -0.03685 
0.34322 0.91440 -0.03690 
0.34064 0.91440 -0.03695 
0.33807 0.91440 -0.03700 
0.33550 0.91440 -0.03704 
0.33292 0.91440 -0.03709 
0.33035 0.91440 -0.03713 
0.32777 0.91440 -0.03717 
0.32520 0.91440 -0.03721 
0.32263 0.91440 -0.03724 
0.32005 0.91440 -0.03728 
0.31748 0.91440 -0.03731 
0.31490 0.91440 -0.03734 
0.31233 0.91440 -0.03737 
0.30976 0.91440 -0.03739 
0.30718 0.91440 -0.03742 
0.30461 0.91440 -0.03744 
0.30203 0.91440 -0.03746 
0.29946 0.91440 -0.03747 
0.29689 0.91440 -0.03749 
0.29431 0.91440 -0.03750 
0.29174 0.91440 -0.03751 
0.28916 0.91440 -0.03752 
0.28659 0.91440 -0.03753 
0.28401 0.91440 -0.03753 
0.28144 0.91440 -0.03753 
0.27887 0.91440 -0.03753 
0.27629 0.91440 -0.03752 
0.27372 0.91440 -0.03752 
0.27114 0.91440 -0.03751 
0.26857 0.91440 -0.03750 
0.26599 0.91440 -0.03748 
0.26342 0.91440 -0.03746 
0.26085 0.91440 -0.03744 
0.25827 0.91440 -0.03742 
0.25570 0.91440 -0.03740 
0.25312 0.91440 -0.03737 
0.25055 0.91440 -0.03734 
0.24798 0.91440 -0.03730 
0.24540 0.91440 -0.03727 
0.24283 0.91440 -0.03723 
0.24025 0.91440 -0.03718 
0.23768 0.91440 -0.03714 
0.23511 0.91440 -0.03709 
0.23253 0.91440 -0.03703 
0.22996 0.91440 -0.03698 
0.22738 0.91440 -0.03692 
0.22481 0.91440 -0.03686 
0.22224 0.91440 -0.03679 
0.21966 0.91440 -0.03672 
0.21709 0.91440 -0.03665 
0.21452 0.91440 -0.03657 
0.21195 0.91440 -0.03649 
0.20937 0.91440 -0.03641 
0.20680 0.91440 -0.03632 
0.20423 0.91440 -0.03622 
0.20165 0.91440 -0.03613 
0.19908 0.91440 -0.03603 
0.19651 0.91440 -0.03592 
0.19394 0.91440 -0.03582 
0.19137 0.91440 -0.03570 
0.18879 0.91440 -0.03559 
0.18622 0.91440 -0.03546 
0.18365 0.91440 -0.03534 
0.18108 0.91440 -0.03521 
0.17851 0.91440 -0.03507 
0.17594 0.91440 -0.03493 
0.17337 0.91440 -0.03479 
0.17080 0.91440 -0.03464 
0.16823 0.91440 -0.03448 
0.16566 0.91440 -0.03432 
0.16309 0.91440 -0.03416 
0.16052 0.91440 -0.03399 
0.15796 0.91440 -0.03381 
0.15539 0.91440 -0.03363 
0.15282 0.91440 -0.03344 
0.15025 0.91440 -0.03325 
0.14769 0.91440 -0.03305 
0.14512 0.91440 -0.03285 
0.14255 0.91440 -0.03263 
0.13999 0.91440 -0.03242 
0.13743 0.91440 -0.03219 
0.13486 0.91440 -0.03196 
0.13230 0.91440 -0.03172 
0.12974 0.91440 -0.03148 
0.12717 0.91440 -0.03123 
0.12461 0.91440 -0.03097 
0.12205 0.91440 -0.03070 
0.11949 0.91440 -0.03043 
0.11693 0.91440 -0.03015 
0.11438 0.91440 -0.02986 
0.11182 0.91440 -0.02956 
0.10924 0.91440 -0.02925 
0.10679 0.91440 -0.02894 
0.10445 0.91440 -0.02865 
0.10222 0.91440 -0.02836 
0.10011 0.91440 -0.02808 
0.09809 0.91440 -0.02780 
0.09617 0.91440 -0.02754 
0.09430 0.91440 -0.02761 
0.09250 0.91440 -0.02772 
0.09084 0.91440 -0.02752 
0.08925 0.91440 -0.02732 
0.08774 0.91440 -0.02713 
0.08631 0.91440 -0.02694 
0.08487 0.91440 -0.02676 
0.08343 0.91440 -0.02657 
0.08200 0.91440 -0.02638 
0.08056 0.91440 -0.02619 
0.07912 0.91440 -0.02600 
0.07768 0.91440 -0.02580 
0.07625 0.91440 -0.02561 
0.07481 0.91440 -0.02541 
0.07337 0.91440 -0.02520 
0.07194 0.91440 -0.02500 
0.07050 0.91440 -0.02479 
0.06906 0.91440 -0.02458 
0.06763 0.91440 -0.02436 
0.06619 0.91440 -0.02415 
0.06475 0.91440 -0.02393 
0.06331 0.91440 -0.02372 
0.06188 0.91440 -0.02351 
0.06044 0.91440 -0.02329 
0.05900 0.91440 -0.02307 
0.05756 0.91440 -0.02284 
0.05612 0.91440 -0.02261 
0.05468 0.91440 -0.02238 
0.05324 0.91440 -0.02215 
0.05180 0.91440 -0.02191 
0.05036 0.91440 -0.02167 
0.04891 0.91440 -0.02143 
0.04746 0.91440 -0.02120 
0.04602 0.91440 -0.02097 
0.04456 0.91440 -0.02074 
0.04311 0.91440 -0.02050 
0.04166 0.91440 -0.02026 
0.04020 0.91440 -0.02002 
0.03875 0.91440 -0.01977 
0.03729 0.91440 -0.01952 
0.03583 0.91440 -0.01927 
0.03436 0.91440 -0.01901 
0.03290 0.91440 -0.01875 
0.03143 0.91440 -0.01849 
0.02995 0.91440 -0.01823 
0.02846 0.91440 -0.01799 
0.02696 0.91440 -0.01775 
0.02545 0.91440 -0.01751 
0.02394 0.91440 -0.01726 
0.02242 0.91440 -0.01701 
0.02089 0.91440 -0.01675 
0.01935 0.91440 -0.01647 
0.01779 0.91440 -0.01622 
0.01652 0.91440 -0.01527 
0.01454 0.91440 -0.01586 
0.01178 0.91440 -0.01791 
0.00928 0.91440 -0.01919 
0.00741 0.91440 -0.01906 
0.00598 0.91440 -0.01801 
0.00460 0.91440 -0.01685 
0.00323 0.91440 -0.01561 
0.00187 0.91440 -0.01429 
0.00055 0.91440 -0.01288 
-0.00075 0.91440 -0.01137 
-0.00197 0.91440 -0.00981 
-0.00307 0.91440 -0.00825 
-0.00403 0.91440 -0.00666 
-0.00482 0.91440 -0.00507 
-0.00555 0.91440 -0.00353 
-0.00615 0.91440 -0.00198 
-0.00694 0.91440 -0.00060 
-0.00802 0.91440 0.00063 
-0.00909 0.91440 0.00194 
-0.01014 0.91440 0.00335 
-0.01123 0.91440 0.00487 
-0.01232 0.91440 0.00652 
-0.01330 0.91440 0.00833 
-0.01419 0.91440 0.01032 
-0.01478 0.91440 0.01242 
-0.01528 0.91440 0.01466 
-0.01295 0.91440 0.01611 
-0.00895 0.91440 0.01651 
-0.00714 0.91440 0.01741 
-0.00630 0.91440 0.01873 
-0.00459 0.91440 0.01939 
-0.00311 0.91440 0.02009 
-0.00145 0.91440 0.02053 
0.00014 0.91440 0.02093 
0.00175 0.91440 0.02123 
0.00341 0.91440 0.02144 
0.00507 0.91440 0.02164 
0.00675 0.91440 0.02182 
0.00845 0.91440 0.02196 
0.01036 0.91440 0.02150 
0.01210 0.91440 0.02123 
0.01342 0.91440 0.02180 
0.01475 0.91440 0.02234 
0.01610 0.91440 0.02285 
0.01745 0.91440 0.02334 
0.01882 0.91440 0.02379 
0.02019 0.91440 0.02422 
0.02157 0.91440 0.02464 
0.02295 0.91440 0.02503 
0.02434 0.91440 0.02540 
0.02574 0.91440 0.02576 
0.02713 0.91440 0.02610 
0.02854 0.91440 0.02642 
0.02994 0.91440 0.02673 
0.03135 0.91440 0.02703 
0.03276 0.91440 0.02731 
0.03417 0.91440 0.02758 
0.03559 0.91440 0.02784 
0.03701 0.91440 0.02809 
0.03843 0.91440 0.02833 
0.03985 0.91440 0.02856 
0.04127 0.91440 0.02878 
0.04269 0.91440 0.02899 
0.04412 0.91440 0.02919 
0.04554 0.91440 0.02939 
0.04697 0.91440 0.02957 
0.04840 0.91440 0.02975 
0.04983 0.91440 0.02992 
0.05126 0.91440 0.03008 
0.05269 0.91440 0.03023 
0.05412 0.91440 0.03038 
0.05555 0.91440 0.03052 
0.05698 0.91440 0.03066 
0.05842 0.91440 0.03079 
0.05985 0.91440 0.03091 
0.06129 0.91440 0.03103 
0.06272 0.91440 0.03114 
0.06415 0.91440 0.03125 
0.06559 0.91440 0.03135 
0.06703 0.91440 0.03144 
0.06846 0.91440 0.03154 
0.06990 0.91440 0.03162 
0.07134 0.91440 0.03170 
0.07277 0.91440 0.03178 
0.07421 0.91440 0.03185 
0.07565 0.91440 0.03192 
0.07709 0.91440 0.03198 
0.07852 0.91440 0.03204 
0.07996 0.91440 0.03209 
0.08140 0.91440 0.03214 
0.08284 0.91440 0.03218 
0.08428 0.91440 0.03223 
0.08571 0.91440 0.03226 
0.08715 0.91440 0.03230 
0.08859 0.91440 0.03233 
0.09003 0.91440 0.03235 
0.09147 0.91440 0.03238 
0.09298 0.91440 0.03240 
0.09456 0.91440 0.03241 
0.09623 0.91440 0.03243 
0.09798 0.91440 0.03244 
0.09981 0.91440 0.03244 
0.10174 0.91440 0.03244 
0.10376 0.91440 0.03243 
0.10589 0.91440 0.03242 
0.10812 0.91440 0.03240 
0.11046 0.91440 0.03237 
0.11292 0.91440 0.03233 
0.11550 0.91440 0.03228 
0.11808 0.91440 0.03222 
0.12066 0.91440 0.03215 
0.12323 0.91440 0.03208 
0.12581 0.91440 0.03200 
0.12839 0.91440 0.03191 
0.13096 0.91440 0.03181 
0.13354 0.91440 0.03170 
0.13611 0.91440 0.03159 
0.13869 0.91440 0.03147 
0.14127 0.91440 0.03134 
0.14384 0.91440 0.03121 
0.14641 0.91440 0.03107 
0.14899 0.91440 0.03092 
0.15156 0.91440 0.03077 
0.15414 0.91440 0.03061 
0.15671 0.91440 0.03045 
0.15928 0.91440 0.03027 
0.16185 0.91440 0.03010 
0.16442 0.91440 0.02992 
0.16700 0.91440 0.02973 
0.16957 0.91440 0.02954 
0.17214 0.91440 0.02934 
0.17471 0.91440 0.02913 
0.17728 0.91440 0.02893 
0.17985 0.91440 0.02871 
0.18242 0.91440 0.02849 
0.18498 0.91440 0.02827 
0.18755 0.91440 0.02804 
0.19012 0.91440 0.02781 
0.19269 0.91440 0.02757 
0.19525 0.91440 0.02733 
0.19782 0.91440 0.02708 
0.20039 0.91440 0.02683 
0.20295 0.91440 0.02658 
0.20552 0.91440 0.02632 
0.20808 0.91440 0.02606 
0.21065 0.91440 0.02579 
0.21321 0.91440 0.02552 
0.21577 0.91440 0.02525 
0.21834 0.91440 0.02497 
0.22090 0.91440 0.02469 
0.22346 0.91440 0.02440 
0.22602 0.91440 0.02411 
0.22859 0.91440 0.02382 
0.23115 0.91440 0.02353 
0.23371 0.91440 0.02323 
0.23627 0.91440 0.02292 
0.23883 0.91440 0.02262 
0.24139 0.91440 0.02231 
0.24395 0.91440 0.02200 
0.24651 0.91440 0.02168 
0.24906 0.91440 0.02136 
0.25162 0.91440 0.02104 
0.25418 0.91440 0.02072 
0.25674 0.91440 0.02039 
0.25929 0.91440 0.02006 
0.26185 0.91440 0.01973 
0.26441 0.91440 0.01939 
0.26696 0.91440 0.01905 
0.26952 0.91440 0.01871 
0.27207 0.91440 0.01837 
0.27463 0.91440 0.01802 
0.27718 0.91440 0.01767 
0.27974 0.91440 0.01732 
0.28229 0.91440 0.01696 
0.28484 0.91440 0.01661 
0.28740 0.91440 0.01625 
0.28995 0.91440 0.01589 
0.29250 0.91440 0.01552 
0.29505 0.91440 0.01516 
0.29761 0.91440 0.01479 
0.30016 0.91440 0.01442 
0.30271 0.91440 0.01404 
0.30526 0.91440 0.01367 
0.30781 0.91440 0.01329 
0.31036 0.91440 0.01291 
0.31291 0.91440 0.01253 
0.31546 0.91440 0.01214 
0.31801 0.91440 0.01176 
0.32056 0.91440 0.01137 
0.32311 0.91440 0.01098 
0.32565 0.91440 0.01059 
0.32820 0.91440 0.01019 
0.33075 0.91440 0.00980 
0.33330 0.91440 0.00940 
0.33584 0.91440 0.00900 
0.33839 0.91440 0.00860 
0.34094 0.91440 0.00819 
0.34348 0.91440 0.00779 
0.34603 0.91440 0.00738 
0.34857 0.91440 0.00697 
0.35112 0.91440 0.00656 
0.35366 0.91440 0.00615 
0.35621 0.91440 0.00573 
0.35875 0.91440 0.00531 
0.36130 0.91440 0.00489 
0.36384 0.91440 0.00447 
0.36638 0.91440 0.00405 
0.36893 0.91440 0.00363 
0.37147 0.91440 0.00320 
0.37401 0.91440 0.00278 
0.37655 0.91440 0.00235 
0.37910 0.91440 0.00192 
0.38164 0.91440 0.00149 
0.38418 0.91440 0.00105 
0.38672 0.91440 0.00062 
0.38926 0.91440 0.00018 
0.39180 0.91440 -0.00026 
0.39434 0.91440 -0.00070 
0.39688 0.91440 -0.00114 
0.39942 0.91440 -0.00159 
0.40196 0.91440 -0.00203 
0.40450 0.91440 -0.00248 
0.40704 0.91440 -0.00293 
0.40958 0.91440 -0.00338 
0.41212 0.91440 -0.00383 
0.41466 0.91440 -0.00428 
0.41719 0.91440 -0.00474 
0.41973 0.91440 -0.00519 
0.42227 0.91440 -0.00565 
0.42480 0.91440 -0.00611 
0.42734 0.91440 -0.00657 
0.42988 0.91440 -0.00704 
0.43241 0.91440 -0.00750 
0.43495 0.91440 -0.00797 
0.43748 0.91440 -0.00843 
0.44002 0.91440 -0.00890 
0.44255 0.91440 -0.00937 
0.44509 0.91440 -0.00985 
0.44762 0.91440 -0.01032 
0.45016 0.91440 -0.01080 
0.45269 0.91440 -0.01127 
0.45522 0.91440 -0.01175 
0.45776 0.91440 -0.01223 
0.46029 0.91440 -0.01272 
0.46282 0.91440 -0.01320 
0.46535 0.91440 -0.01369 
0.46789 0.91440 -0.01417 
0.47042 0.91440 -0.01466 
0.47295 0.91440 -0.01515 
0.47548 0.91440 -0.01565 
0.47801 0.91440 -0.01614 
0.48054 0.91440 -0.01664 
0.48307 0.91440 -0.01713 
0.48560 0.91440 -0.01763 
0.48813 0.91440 -0.01813 
0.49066 0.91440 -0.01864 
0.49318 0.91440 -0.01914 
0.49571 0.91440 -0.01965 
0.49824 0.91440 -0.02016 
0.50077 0.91440 -0.02067 
0.50329 0.91440 -0.02118 
0.50582 0.91440 -0.02169 
0.50835 0.91440 -0.02221 
0.51087 0.91440 -0.02273 
0.51340 0.91440 -0.02325 
0.51592 0.91440 -0.02377 
0.51845 0.91440 -0.02429 
0.52097 0.91440 -0.02482 
0.52349 0.91440 -0.02534 
0.52602 0.91440 -0.02587 
0.52854 0.91440 -0.02640 
0.53017 0.91440 -0.02675 
0.53119 0.91440 -0.02696 
0.53183 0.91440 -0.02710 
0.53222 0.91440 -0.02718 
0.53247 0.91440 -0.02724 
0.53247 0.91440 -0.02733 
0.53246 0.91440 -0.02741 
0.53245 0.91440 -0.02750 
0.53245 0.91440 -0.02759 
0.53244 0.91440 -0.02768 
0.53243 0.91440 -0.02777 
0.53243 0.91440 -0.02786 
0.53242 0.91440 -0.02795 
