#++++++++++++++++++++++++++++++++++++++++++++++++++++++++++++++++++++++++++++++++++++++++++++++++++++++++++++++++++++
#
#   IPW-3 Ice Shape DATA SUBMITTAL FORM for Test Case NACA0012_AE3932, May 18th 2026
#
#       NOMENCLATURE:
#             X_ICED [m]:  X-coordinate of the iced surface
#             Y_ICED [m]:  Y-coordinate of the iced surface
#             Z_ICED [m]:  Z-coordinate of the iced surface
#
#                XXmm:  Roughness height used for the case, in mm.
#                       In the zone name, use the format KS_XXmm.
#                       For example, if k_s = 1.5 mm, use KS_1p5mm. 
#                       For Variable roughness, use KS_VAR
#
#    FLOW CONDITIONS:
#                                   AOA: 4.0 deg
#                           Mach Number: 0.3151 [-]
#       Mean aerodynamic chord (M.A.C.): 0.5334 [m]
#                       Reynolds Number: 3.9795 million (based on MAC)
#                       Freestream Temp: 267.55 [K]
#                        Reference area: 0.97548 [m2]
#               Moment Reference Center: 0.13335, 0, 0 [m] (X, Y, Z)
#
#    ICING CONDITIONS:
#                           Icing Time: 420 [s]
#                                  LWC: 0.55 [g/m3]
#                                  MVD: 20 [μm]
#
#              NOTES: 1. Please use at least 5 decimal places in the numerical values
#                     2. If data are NOT provided, please fill data fields with a numerical value of "-999" 
#
#++++++++++++++++++++++++++++++++++++++++++++++++++++++++++++++++++++++++++++++++++++++++++++++++++++++++++++++++++++

AUXDATA NUM_LAYERS  = "insert the number of total ice layers"
                                              
VARIABLES = "X_ICED" "Y_ICED" "Z_ICED"

ZONE T="SLICE_Y_0p9144_BINS01_KS_0p5334mm_SINGLE_LAYER"
0.53243 0.91440 -0.02791 
0.53242 0.91440 -0.02802 
0.53241 0.91440 -0.02813 
0.53240 0.91440 -0.02824 
0.53239 0.91440 -0.02835 
0.53239 0.91440 -0.02846 
0.53238 0.91440 -0.02858 
0.53202 0.91440 -0.02860 
0.53144 0.91440 -0.02864 
0.53052 0.91440 -0.02871 
0.52905 0.91440 -0.02881 
0.52669 0.91440 -0.02897 
0.52292 0.91440 -0.02922 
0.51916 0.91440 -0.02947 
0.51540 0.91440 -0.02972 
0.51164 0.91440 -0.02996 
0.50788 0.91440 -0.03019 
0.50412 0.91440 -0.03042 
0.50036 0.91440 -0.03065 
0.49660 0.91440 -0.03088 
0.49284 0.91440 -0.03110 
0.48907 0.91440 -0.03131 
0.48531 0.91440 -0.03152 
0.48155 0.91440 -0.03173 
0.47779 0.91440 -0.03194 
0.47403 0.91440 -0.03214 
0.47027 0.91440 -0.03233 
0.46650 0.91440 -0.03253 
0.46274 0.91440 -0.03272 
0.45898 0.91440 -0.03290 
0.45521 0.91440 -0.03309 
0.45145 0.91440 -0.03327 
0.44769 0.91440 -0.03344 
0.44392 0.91440 -0.03361 
0.44016 0.91440 -0.03378 
0.43640 0.91440 -0.03395 
0.43263 0.91440 -0.03411 
0.42887 0.91440 -0.03426 
0.42510 0.91440 -0.03442 
0.42134 0.91440 -0.03457 
0.41758 0.91440 -0.03472 
0.41381 0.91440 -0.03486 
0.41005 0.91440 -0.03500 
0.40628 0.91440 -0.03514 
0.40252 0.91440 -0.03527 
0.39875 0.91440 -0.03540 
0.39499 0.91440 -0.03553 
0.39122 0.91440 -0.03565 
0.38746 0.91440 -0.03577 
0.38369 0.91440 -0.03589 
0.37992 0.91440 -0.03600 
0.37616 0.91440 -0.03611 
0.37239 0.91440 -0.03621 
0.36863 0.91440 -0.03631 
0.36486 0.91440 -0.03641 
0.36109 0.91440 -0.03651 
0.35733 0.91440 -0.03660 
0.35356 0.91440 -0.03668 
0.34979 0.91440 -0.03677 
0.34603 0.91440 -0.03684 
0.34226 0.91440 -0.03692 
0.33849 0.91440 -0.03699 
0.33473 0.91440 -0.03706 
0.33096 0.91440 -0.03712 
0.32719 0.91440 -0.03718 
0.32343 0.91440 -0.03723 
0.31966 0.91440 -0.03728 
0.31589 0.91440 -0.03733 
0.31213 0.91440 -0.03737 
0.30836 0.91440 -0.03741 
0.30459 0.91440 -0.03744 
0.30082 0.91440 -0.03747 
0.29706 0.91440 -0.03749 
0.29329 0.91440 -0.03751 
0.28952 0.91440 -0.03752 
0.28575 0.91440 -0.03753 
0.28199 0.91440 -0.03753 
0.27822 0.91440 -0.03753 
0.27445 0.91440 -0.03752 
0.27068 0.91440 -0.03751 
0.26692 0.91440 -0.03749 
0.26315 0.91440 -0.03746 
0.25938 0.91440 -0.03743 
0.25562 0.91440 -0.03740 
0.25185 0.91440 -0.03735 
0.24808 0.91440 -0.03730 
0.24431 0.91440 -0.03725 
0.24055 0.91440 -0.03719 
0.23678 0.91440 -0.03712 
0.23301 0.91440 -0.03704 
0.22925 0.91440 -0.03696 
0.22548 0.91440 -0.03687 
0.22172 0.91440 -0.03678 
0.21795 0.91440 -0.03667 
0.21418 0.91440 -0.03656 
0.21042 0.91440 -0.03644 
0.20665 0.91440 -0.03631 
0.20289 0.91440 -0.03618 
0.19912 0.91440 -0.03603 
0.19536 0.91440 -0.03588 
0.19160 0.91440 -0.03571 
0.18783 0.91440 -0.03554 
0.18407 0.91440 -0.03536 
0.18031 0.91440 -0.03517 
0.17654 0.91440 -0.03497 
0.17278 0.91440 -0.03475 
0.16902 0.91440 -0.03453 
0.16526 0.91440 -0.03430 
0.16150 0.91440 -0.03405 
0.15774 0.91440 -0.03380 
0.15399 0.91440 -0.03353 
0.15023 0.91440 -0.03325 
0.14647 0.91440 -0.03295 
0.14272 0.91440 -0.03265 
0.13896 0.91440 -0.03233 
0.13521 0.91440 -0.03199 
0.13146 0.91440 -0.03164 
0.12771 0.91440 -0.03128 
0.12396 0.91440 -0.03090 
0.12034 0.91440 -0.03052 
0.11690 0.91440 -0.03014 
0.11362 0.91440 -0.02977 
0.11049 0.91440 -0.02940 
0.10752 0.91440 -0.02904 
0.10469 0.91440 -0.02868 
0.10200 0.91440 -0.02833 
0.09943 0.91440 -0.02799 
0.09699 0.91440 -0.02765 
0.09467 0.91440 -0.02732 
0.09246 0.91440 -0.02700 
0.09035 0.91440 -0.02669 
0.08835 0.91440 -0.02638 
0.08644 0.91440 -0.02609 
0.08454 0.91440 -0.02578 
0.08263 0.91440 -0.02548 
0.08073 0.91440 -0.02516 
0.07883 0.91440 -0.02484 
0.07693 0.91440 -0.02451 
0.07503 0.91440 -0.02417 
0.07313 0.91440 -0.02383 
0.07123 0.91440 -0.02347 
0.06934 0.91440 -0.02311 
0.06744 0.91440 -0.02275 
0.06555 0.91440 -0.02237 
0.06366 0.91440 -0.02198 
0.06177 0.91440 -0.02159 
0.05988 0.91440 -0.02119 
0.05800 0.91440 -0.02077 
0.05603 0.91440 -0.02071 
0.05404 0.91440 -0.02077 
0.05210 0.91440 -0.02058 
0.05015 0.91440 -0.02038 
0.04820 0.91440 -0.02019 
0.04624 0.91440 -0.02000 
0.04428 0.91440 -0.01980 
0.04232 0.91440 -0.01961 
0.04035 0.91440 -0.01942 
0.03837 0.91440 -0.01923 
0.03638 0.91440 -0.01904 
0.03438 0.91440 -0.01885 
0.03237 0.91440 -0.01866 
0.03035 0.91440 -0.01847 
0.02832 0.91440 -0.01828 
0.02627 0.91440 -0.01809 
0.02419 0.91440 -0.01792 
0.02218 0.91440 -0.01753 
0.01990 0.91440 -0.01773 
0.01690 0.91440 -0.01952 
0.01374 0.91440 -0.02137 
0.01122 0.91440 -0.02153 
0.00921 0.91440 -0.02048 
0.00729 0.91440 -0.01917 
0.00540 0.91440 -0.01773 
0.00354 0.91440 -0.01614 
0.00171 0.91440 -0.01440 
-0.00007 0.91440 -0.01251 
-0.00178 0.91440 -0.01043 
-0.00325 0.91440 -0.00834 
-0.00449 0.91440 -0.00623 
-0.00552 0.91440 -0.00414 
-0.00642 0.91440 -0.00210 
-0.00752 0.91440 -0.00027 
-0.00895 0.91440 0.00144 
-0.01039 0.91440 0.00330 
-0.01186 0.91440 0.00537 
-0.01326 0.91440 0.00771 
-0.01439 0.91440 0.01033 
-0.01514 0.91440 0.01318 
-0.01579 0.91440 0.01628 
-0.01299 0.91440 0.01824 
-0.00799 0.91440 0.01847 
-0.00536 0.91440 0.01929 
-0.00357 0.91440 0.02044 
-0.00076 0.91440 0.02045 
0.00179 0.91440 0.02037 
0.00444 0.91440 0.01993 
0.00697 0.91440 0.01945 
0.00905 0.91440 0.01971 
0.01075 0.91440 0.02060 
0.01249 0.91440 0.02141 
0.01426 0.91440 0.02215 
0.01605 0.91440 0.02284 
0.01786 0.91440 0.02348 
0.01969 0.91440 0.02407 
0.02153 0.91440 0.02462 
0.02338 0.91440 0.02514 
0.02523 0.91440 0.02563 
0.02710 0.91440 0.02609 
0.02897 0.91440 0.02652 
0.03085 0.91440 0.02692 
0.03273 0.91440 0.02730 
0.03461 0.91440 0.02767 
0.03650 0.91440 0.02801 
0.03840 0.91440 0.02833 
0.04029 0.91440 0.02863 
0.04219 0.91440 0.02892 
0.04409 0.91440 0.02919 
0.04599 0.91440 0.02944 
0.04790 0.91440 0.02969 
0.04980 0.91440 0.02991 
0.05171 0.91440 0.03013 
0.05362 0.91440 0.03033 
0.05553 0.91440 0.03052 
0.05744 0.91440 0.03070 
0.05936 0.91440 0.03087 
0.06127 0.91440 0.03103 
0.06318 0.91440 0.03118 
0.06510 0.91440 0.03132 
0.06701 0.91440 0.03144 
0.06893 0.91440 0.03156 
0.07085 0.91440 0.03167 
0.07276 0.91440 0.03178 
0.07468 0.91440 0.03187 
0.07660 0.91440 0.03196 
0.07852 0.91440 0.03204 
0.08044 0.91440 0.03211 
0.08235 0.91440 0.03217 
0.08427 0.91440 0.03223 
0.08619 0.91440 0.03228 
0.08811 0.91440 0.03232 
0.09003 0.91440 0.03235 
0.09189 0.91440 0.03238 
0.09383 0.91440 0.03241 
0.09588 0.91440 0.03242 
0.09802 0.91440 0.03244 
0.10028 0.91440 0.03244 
0.10264 0.91440 0.03244 
0.10513 0.91440 0.03243 
0.10774 0.91440 0.03240 
0.11048 0.91440 0.03237 
0.11335 0.91440 0.03232 
0.11637 0.91440 0.03226 
0.11954 0.91440 0.03218 
0.12287 0.91440 0.03209 
0.12636 0.91440 0.03198 
0.13003 0.91440 0.03184 
0.13382 0.91440 0.03169 
0.13760 0.91440 0.03152 
0.14138 0.91440 0.03134 
0.14517 0.91440 0.03114 
0.14895 0.91440 0.03092 
0.15273 0.91440 0.03070 
0.15651 0.91440 0.03046 
0.16029 0.91440 0.03021 
0.16406 0.91440 0.02994 
0.16784 0.91440 0.02967 
0.17162 0.91440 0.02938 
0.17539 0.91440 0.02908 
0.17917 0.91440 0.02877 
0.18294 0.91440 0.02845 
0.18671 0.91440 0.02812 
0.19049 0.91440 0.02778 
0.19426 0.91440 0.02742 
0.19803 0.91440 0.02706 
0.20180 0.91440 0.02670 
0.20557 0.91440 0.02632 
0.20933 0.91440 0.02593 
0.21310 0.91440 0.02553 
0.21686 0.91440 0.02513 
0.22063 0.91440 0.02472 
0.22439 0.91440 0.02430 
0.22816 0.91440 0.02387 
0.23192 0.91440 0.02344 
0.23568 0.91440 0.02299 
0.23944 0.91440 0.02254 
0.24320 0.91440 0.02209 
0.24696 0.91440 0.02163 
0.25072 0.91440 0.02116 
0.25447 0.91440 0.02068 
0.25823 0.91440 0.02020 
0.26199 0.91440 0.01971 
0.26574 0.91440 0.01921 
0.26950 0.91440 0.01871 
0.27325 0.91440 0.01821 
0.27700 0.91440 0.01770 
0.28075 0.91440 0.01718 
0.28450 0.91440 0.01666 
0.28825 0.91440 0.01613 
0.29200 0.91440 0.01559 
0.29575 0.91440 0.01506 
0.29950 0.91440 0.01451 
0.30325 0.91440 0.01396 
0.30699 0.91440 0.01341 
0.31074 0.91440 0.01285 
0.31449 0.91440 0.01229 
0.31823 0.91440 0.01172 
0.32197 0.91440 0.01115 
0.32572 0.91440 0.01058 
0.32946 0.91440 0.01000 
0.33320 0.91440 0.00941 
0.33694 0.91440 0.00882 
0.34068 0.91440 0.00823 
0.34442 0.91440 0.00764 
0.34816 0.91440 0.00704 
0.35190 0.91440 0.00643 
0.35564 0.91440 0.00582 
0.35938 0.91440 0.00521 
0.36311 0.91440 0.00459 
0.36685 0.91440 0.00397 
0.37059 0.91440 0.00335 
0.37432 0.91440 0.00272 
0.37806 0.91440 0.00209 
0.38179 0.91440 0.00146 
0.38552 0.91440 0.00082 
0.38926 0.91440 0.00018 
0.39299 0.91440 -0.00047 
0.39672 0.91440 -0.00111 
0.40045 0.91440 -0.00177 
0.40418 0.91440 -0.00242 
0.40791 0.91440 -0.00308 
0.41164 0.91440 -0.00374 
0.41537 0.91440 -0.00441 
0.41909 0.91440 -0.00508 
0.42282 0.91440 -0.00575 
0.42655 0.91440 -0.00643 
0.43027 0.91440 -0.00711 
0.43400 0.91440 -0.00779 
0.43772 0.91440 -0.00848 
0.44145 0.91440 -0.00917 
0.44517 0.91440 -0.00986 
0.44889 0.91440 -0.01056 
0.45261 0.91440 -0.01126 
0.45634 0.91440 -0.01196 
0.46006 0.91440 -0.01267 
0.46378 0.91440 -0.01338 
0.46749 0.91440 -0.01410 
0.47121 0.91440 -0.01482 
0.47493 0.91440 -0.01554 
0.47865 0.91440 -0.01627 
0.48236 0.91440 -0.01699 
0.48608 0.91440 -0.01773 
0.48979 0.91440 -0.01847 
0.49351 0.91440 -0.01921 
0.49722 0.91440 -0.01995 
0.50093 0.91440 -0.02070 
0.50465 0.91440 -0.02145 
0.50836 0.91440 -0.02221 
0.51207 0.91440 -0.02297 
0.51578 0.91440 -0.02374 
0.51948 0.91440 -0.02451 
0.52319 0.91440 -0.02528 
0.52689 0.91440 -0.02606 
0.52921 0.91440 -0.02654 
0.53065 0.91440 -0.02685 
0.53156 0.91440 -0.02704 
0.53212 0.91440 -0.02716 
0.53247 0.91440 -0.02724 
0.53246 0.91440 -0.02735 
0.53246 0.91440 -0.02746 
0.53245 0.91440 -0.02757 
0.53244 0.91440 -0.02768 
0.53243 0.91440 -0.02779 
0.53243 0.91440 -0.02791 

ZONE T="SLICE_Y_0p9144_BINS03_KS_0p5334mm_SINGLE_LAYER"
0.53243 0.91440 -0.02791 
0.53242 0.91440 -0.02802 
0.53241 0.91440 -0.02813 
0.53240 0.91440 -0.02824 
0.53239 0.91440 -0.02835 
0.53239 0.91440 -0.02846 
0.53238 0.91440 -0.02858 
0.53202 0.91440 -0.02860 
0.53144 0.91440 -0.02864 
0.53052 0.91440 -0.02871 
0.52905 0.91440 -0.02881 
0.52669 0.91440 -0.02897 
0.52292 0.91440 -0.02922 
0.51916 0.91440 -0.02947 
0.51540 0.91440 -0.02972 
0.51164 0.91440 -0.02996 
0.50788 0.91440 -0.03019 
0.50412 0.91440 -0.03042 
0.50036 0.91440 -0.03065 
0.49660 0.91440 -0.03088 
0.49284 0.91440 -0.03110 
0.48907 0.91440 -0.03131 
0.48531 0.91440 -0.03152 
0.48155 0.91440 -0.03173 
0.47779 0.91440 -0.03194 
0.47403 0.91440 -0.03214 
0.47027 0.91440 -0.03233 
0.46650 0.91440 -0.03253 
0.46274 0.91440 -0.03272 
0.45898 0.91440 -0.03290 
0.45521 0.91440 -0.03309 
0.45145 0.91440 -0.03327 
0.44769 0.91440 -0.03344 
0.44392 0.91440 -0.03361 
0.44016 0.91440 -0.03378 
0.43640 0.91440 -0.03395 
0.43263 0.91440 -0.03411 
0.42887 0.91440 -0.03426 
0.42510 0.91440 -0.03442 
0.42134 0.91440 -0.03457 
0.41758 0.91440 -0.03472 
0.41381 0.91440 -0.03486 
0.41005 0.91440 -0.03500 
0.40628 0.91440 -0.03514 
0.40252 0.91440 -0.03527 
0.39875 0.91440 -0.03540 
0.39499 0.91440 -0.03553 
0.39122 0.91440 -0.03565 
0.38746 0.91440 -0.03577 
0.38369 0.91440 -0.03589 
0.37992 0.91440 -0.03600 
0.37616 0.91440 -0.03611 
0.37239 0.91440 -0.03621 
0.36863 0.91440 -0.03631 
0.36486 0.91440 -0.03641 
0.36109 0.91440 -0.03651 
0.35733 0.91440 -0.03660 
0.35356 0.91440 -0.03668 
0.34979 0.91440 -0.03677 
0.34603 0.91440 -0.03684 
0.34226 0.91440 -0.03692 
0.33849 0.91440 -0.03699 
0.33473 0.91440 -0.03706 
0.33096 0.91440 -0.03712 
0.32719 0.91440 -0.03718 
0.32343 0.91440 -0.03723 
0.31966 0.91440 -0.03728 
0.31589 0.91440 -0.03733 
0.31213 0.91440 -0.03737 
0.30836 0.91440 -0.03741 
0.30459 0.91440 -0.03744 
0.30082 0.91440 -0.03747 
0.29706 0.91440 -0.03749 
0.29329 0.91440 -0.03751 
0.28952 0.91440 -0.03752 
0.28575 0.91440 -0.03753 
0.28199 0.91440 -0.03753 
0.27822 0.91440 -0.03753 
0.27445 0.91440 -0.03752 
0.27068 0.91440 -0.03751 
0.26692 0.91440 -0.03749 
0.26315 0.91440 -0.03746 
0.25938 0.91440 -0.03743 
0.25562 0.91440 -0.03740 
0.25185 0.91440 -0.03735 
0.24808 0.91440 -0.03730 
0.24431 0.91440 -0.03725 
0.24055 0.91440 -0.03719 
0.23678 0.91440 -0.03712 
0.23301 0.91440 -0.03704 
0.22925 0.91440 -0.03696 
0.22548 0.91440 -0.03687 
0.22172 0.91440 -0.03678 
0.21795 0.91440 -0.03667 
0.21418 0.91440 -0.03656 
0.21042 0.91440 -0.03644 
0.20665 0.91440 -0.03631 
0.20289 0.91440 -0.03618 
0.19912 0.91440 -0.03603 
0.19536 0.91440 -0.03588 
0.19160 0.91440 -0.03571 
0.18783 0.91440 -0.03554 
0.18407 0.91440 -0.03536 
0.18031 0.91440 -0.03517 
0.17654 0.91440 -0.03497 
0.17278 0.91440 -0.03475 
0.16902 0.91440 -0.03453 
0.16526 0.91440 -0.03430 
0.16150 0.91440 -0.03405 
0.15774 0.91440 -0.03380 
0.15399 0.91440 -0.03353 
0.15023 0.91440 -0.03325 
0.14647 0.91440 -0.03295 
0.14272 0.91440 -0.03265 
0.13896 0.91440 -0.03233 
0.13521 0.91440 -0.03199 
0.13146 0.91440 -0.03164 
0.12771 0.91440 -0.03128 
0.12396 0.91440 -0.03090 
0.12034 0.91440 -0.03052 
0.11690 0.91440 -0.03014 
0.11362 0.91440 -0.02977 
0.11049 0.91440 -0.02940 
0.10752 0.91440 -0.02904 
0.10469 0.91440 -0.02868 
0.10200 0.91440 -0.02833 
0.09943 0.91440 -0.02799 
0.09699 0.91440 -0.02765 
0.09467 0.91440 -0.02732 
0.09241 0.91440 -0.02734 
0.09025 0.91440 -0.02740 
0.08823 0.91440 -0.02713 
0.08632 0.91440 -0.02688 
0.08440 0.91440 -0.02661 
0.08249 0.91440 -0.02634 
0.08058 0.91440 -0.02607 
0.07866 0.91440 -0.02579 
0.07675 0.91440 -0.02550 
0.07484 0.91440 -0.02521 
0.07293 0.91440 -0.02491 
0.07102 0.91440 -0.02460 
0.06911 0.91440 -0.02429 
0.06720 0.91440 -0.02397 
0.06529 0.91440 -0.02364 
0.06339 0.91440 -0.02331 
0.06148 0.91440 -0.02297 
0.05957 0.91440 -0.02262 
0.05767 0.91440 -0.02227 
0.05576 0.91440 -0.02190 
0.05386 0.91440 -0.02155 
0.05193 0.91440 -0.02126 
0.04999 0.91440 -0.02102 
0.04805 0.91440 -0.02077 
0.04611 0.91440 -0.02053 
0.04416 0.91440 -0.02028 
0.04220 0.91440 -0.02003 
0.04024 0.91440 -0.01978 
0.03828 0.91440 -0.01953 
0.03631 0.91440 -0.01928 
0.03433 0.91440 -0.01902 
0.03234 0.91440 -0.01877 
0.03034 0.91440 -0.01851 
0.02833 0.91440 -0.01825 
0.02631 0.91440 -0.01798 
0.02427 0.91440 -0.01771 
0.02222 0.91440 -0.01743 
0.02013 0.91440 -0.01718 
0.01825 0.91440 -0.01634 
0.01565 0.91440 -0.01712 
0.01228 0.91440 -0.01929 
0.00939 0.91440 -0.02012 
0.00726 0.91440 -0.01923 
0.00538 0.91440 -0.01777 
0.00352 0.91440 -0.01617 
0.00169 0.91440 -0.01443 
-0.00009 0.91440 -0.01254 
-0.00180 0.91440 -0.01046 
-0.00327 0.91440 -0.00836 
-0.00451 0.91440 -0.00625 
-0.00554 0.91440 -0.00416 
-0.00644 0.91440 -0.00212 
-0.00754 0.91440 -0.00029 
-0.00898 0.91440 0.00142 
-0.01044 0.91440 0.00329 
-0.01192 0.91440 0.00536 
-0.01336 0.91440 0.00770 
-0.01436 0.91440 0.01033 
-0.01554 0.91440 0.01325 
-0.01504 0.91440 0.01605 
-0.01085 0.91440 0.01731 
-0.00735 0.91440 0.01810 
-0.00567 0.91440 0.01951 
-0.00340 0.91440 0.02029 
-0.00099 0.91440 0.02069 
0.00144 0.91440 0.02078 
0.00391 0.91440 0.02066 
0.00615 0.91440 0.02076 
0.00855 0.91440 0.02062 
0.01075 0.91440 0.02060 
0.01249 0.91440 0.02141 
0.01426 0.91440 0.02215 
0.01605 0.91440 0.02284 
0.01786 0.91440 0.02348 
0.01969 0.91440 0.02407 
0.02153 0.91440 0.02462 
0.02338 0.91440 0.02514 
0.02523 0.91440 0.02563 
0.02710 0.91440 0.02609 
0.02897 0.91440 0.02652 
0.03085 0.91440 0.02692 
0.03273 0.91440 0.02730 
0.03461 0.91440 0.02767 
0.03650 0.91440 0.02801 
0.03840 0.91440 0.02833 
0.04029 0.91440 0.02863 
0.04219 0.91440 0.02892 
0.04409 0.91440 0.02919 
0.04599 0.91440 0.02944 
0.04790 0.91440 0.02969 
0.04980 0.91440 0.02991 
0.05171 0.91440 0.03013 
0.05362 0.91440 0.03033 
0.05553 0.91440 0.03052 
0.05744 0.91440 0.03070 
0.05936 0.91440 0.03087 
0.06127 0.91440 0.03103 
0.06318 0.91440 0.03118 
0.06510 0.91440 0.03132 
0.06701 0.91440 0.03144 
0.06893 0.91440 0.03156 
0.07085 0.91440 0.03167 
0.07276 0.91440 0.03178 
0.07468 0.91440 0.03187 
0.07660 0.91440 0.03196 
0.07852 0.91440 0.03204 
0.08044 0.91440 0.03211 
0.08235 0.91440 0.03217 
0.08427 0.91440 0.03223 
0.08619 0.91440 0.03228 
0.08811 0.91440 0.03232 
0.09003 0.91440 0.03235 
0.09189 0.91440 0.03238 
0.09383 0.91440 0.03241 
0.09588 0.91440 0.03242 
0.09802 0.91440 0.03244 
0.10028 0.91440 0.03244 
0.10264 0.91440 0.03244 
0.10513 0.91440 0.03243 
0.10774 0.91440 0.03240 
0.11048 0.91440 0.03237 
0.11335 0.91440 0.03232 
0.11637 0.91440 0.03226 
0.11954 0.91440 0.03218 
0.12287 0.91440 0.03209 
0.12636 0.91440 0.03198 
0.13003 0.91440 0.03184 
0.13382 0.91440 0.03169 
0.13760 0.91440 0.03152 
0.14138 0.91440 0.03134 
0.14517 0.91440 0.03114 
0.14895 0.91440 0.03092 
0.15273 0.91440 0.03070 
0.15651 0.91440 0.03046 
0.16029 0.91440 0.03021 
0.16406 0.91440 0.02994 
0.16784 0.91440 0.02967 
0.17162 0.91440 0.02938 
0.17539 0.91440 0.02908 
0.17917 0.91440 0.02877 
0.18294 0.91440 0.02845 
0.18671 0.91440 0.02812 
0.19049 0.91440 0.02778 
0.19426 0.91440 0.02742 
0.19803 0.91440 0.02706 
0.20180 0.91440 0.02670 
0.20557 0.91440 0.02632 
0.20933 0.91440 0.02593 
0.21310 0.91440 0.02553 
0.21686 0.91440 0.02513 
0.22063 0.91440 0.02472 
0.22439 0.91440 0.02430 
0.22816 0.91440 0.02387 
0.23192 0.91440 0.02344 
0.23568 0.91440 0.02299 
0.23944 0.91440 0.02254 
0.24320 0.91440 0.02209 
0.24696 0.91440 0.02163 
0.25072 0.91440 0.02116 
0.25447 0.91440 0.02068 
0.25823 0.91440 0.02020 
0.26199 0.91440 0.01971 
0.26574 0.91440 0.01921 
0.26950 0.91440 0.01871 
0.27325 0.91440 0.01821 
0.27700 0.91440 0.01770 
0.28075 0.91440 0.01718 
0.28450 0.91440 0.01666 
0.28825 0.91440 0.01613 
0.29200 0.91440 0.01559 
0.29575 0.91440 0.01506 
0.29950 0.91440 0.01451 
0.30325 0.91440 0.01396 
0.30699 0.91440 0.01341 
0.31074 0.91440 0.01285 
0.31449 0.91440 0.01229 
0.31823 0.91440 0.01172 
0.32197 0.91440 0.01115 
0.32572 0.91440 0.01058 
0.32946 0.91440 0.01000 
0.33320 0.91440 0.00941 
0.33694 0.91440 0.00882 
0.34068 0.91440 0.00823 
0.34442 0.91440 0.00764 
0.34816 0.91440 0.00704 
0.35190 0.91440 0.00643 
0.35564 0.91440 0.00582 
0.35938 0.91440 0.00521 
0.36311 0.91440 0.00459 
0.36685 0.91440 0.00397 
0.37059 0.91440 0.00335 
0.37432 0.91440 0.00272 
0.37806 0.91440 0.00209 
0.38179 0.91440 0.00146 
0.38552 0.91440 0.00082 
0.38926 0.91440 0.00018 
0.39299 0.91440 -0.00047 
0.39672 0.91440 -0.00111 
0.40045 0.91440 -0.00177 
0.40418 0.91440 -0.00242 
0.40791 0.91440 -0.00308 
0.41164 0.91440 -0.00374 
0.41537 0.91440 -0.00441 
0.41909 0.91440 -0.00508 
0.42282 0.91440 -0.00575 
0.42655 0.91440 -0.00643 
0.43027 0.91440 -0.00711 
0.43400 0.91440 -0.00779 
0.43772 0.91440 -0.00848 
0.44145 0.91440 -0.00917 
0.44517 0.91440 -0.00986 
0.44889 0.91440 -0.01056 
0.45261 0.91440 -0.01126 
0.45634 0.91440 -0.01196 
0.46006 0.91440 -0.01267 
0.46378 0.91440 -0.01338 
0.46749 0.91440 -0.01410 
0.47121 0.91440 -0.01482 
0.47493 0.91440 -0.01554 
0.47865 0.91440 -0.01627 
0.48236 0.91440 -0.01699 
0.48608 0.91440 -0.01773 
0.48979 0.91440 -0.01847 
0.49351 0.91440 -0.01921 
0.49722 0.91440 -0.01995 
0.50093 0.91440 -0.02070 
0.50465 0.91440 -0.02145 
0.50836 0.91440 -0.02221 
0.51207 0.91440 -0.02297 
0.51578 0.91440 -0.02374 
0.51948 0.91440 -0.02451 
0.52319 0.91440 -0.02528 
0.52689 0.91440 -0.02606 
0.52921 0.91440 -0.02654 
0.53065 0.91440 -0.02685 
0.53156 0.91440 -0.02704 
0.53212 0.91440 -0.02716 
0.53247 0.91440 -0.02724 
0.53246 0.91440 -0.02735 
0.53246 0.91440 -0.02746 
0.53245 0.91440 -0.02757 
0.53244 0.91440 -0.02768 
0.53243 0.91440 -0.02779 
0.53243 0.91440 -0.02791 

ZONE T="SLICE_Y_0p9144_BINS07_KS_0p5334mm_SINGLE_LAYER"
0.53243 0.91440 -0.02791 
0.53242 0.91440 -0.02802 
0.53241 0.91440 -0.02813 
0.53240 0.91440 -0.02824 
0.53239 0.91440 -0.02835 
0.53239 0.91440 -0.02846 
0.53238 0.91440 -0.02858 
0.53202 0.91440 -0.02860 
0.53144 0.91440 -0.02864 
0.53052 0.91440 -0.02871 
0.52905 0.91440 -0.02881 
0.52669 0.91440 -0.02897 
0.52292 0.91440 -0.02922 
0.51916 0.91440 -0.02947 
0.51540 0.91440 -0.02972 
0.51164 0.91440 -0.02996 
0.50788 0.91440 -0.03019 
0.50412 0.91440 -0.03042 
0.50036 0.91440 -0.03065 
0.49660 0.91440 -0.03088 
0.49284 0.91440 -0.03110 
0.48907 0.91440 -0.03131 
0.48531 0.91440 -0.03152 
0.48155 0.91440 -0.03173 
0.47779 0.91440 -0.03194 
0.47403 0.91440 -0.03214 
0.47027 0.91440 -0.03233 
0.46650 0.91440 -0.03253 
0.46274 0.91440 -0.03272 
0.45898 0.91440 -0.03290 
0.45521 0.91440 -0.03309 
0.45145 0.91440 -0.03327 
0.44769 0.91440 -0.03344 
0.44392 0.91440 -0.03361 
0.44016 0.91440 -0.03378 
0.43640 0.91440 -0.03395 
0.43263 0.91440 -0.03411 
0.42887 0.91440 -0.03426 
0.42510 0.91440 -0.03442 
0.42134 0.91440 -0.03457 
0.41758 0.91440 -0.03472 
0.41381 0.91440 -0.03486 
0.41005 0.91440 -0.03500 
0.40628 0.91440 -0.03514 
0.40252 0.91440 -0.03527 
0.39875 0.91440 -0.03540 
0.39499 0.91440 -0.03553 
0.39122 0.91440 -0.03565 
0.38746 0.91440 -0.03577 
0.38369 0.91440 -0.03589 
0.37992 0.91440 -0.03600 
0.37616 0.91440 -0.03611 
0.37239 0.91440 -0.03621 
0.36863 0.91440 -0.03631 
0.36486 0.91440 -0.03641 
0.36109 0.91440 -0.03651 
0.35733 0.91440 -0.03660 
0.35356 0.91440 -0.03668 
0.34979 0.91440 -0.03677 
0.34603 0.91440 -0.03684 
0.34226 0.91440 -0.03692 
0.33849 0.91440 -0.03699 
0.33473 0.91440 -0.03706 
0.33096 0.91440 -0.03712 
0.32719 0.91440 -0.03718 
0.32343 0.91440 -0.03723 
0.31966 0.91440 -0.03728 
0.31589 0.91440 -0.03733 
0.31213 0.91440 -0.03737 
0.30836 0.91440 -0.03741 
0.30459 0.91440 -0.03744 
0.30082 0.91440 -0.03747 
0.29706 0.91440 -0.03749 
0.29329 0.91440 -0.03751 
0.28952 0.91440 -0.03752 
0.28575 0.91440 -0.03753 
0.28199 0.91440 -0.03753 
0.27822 0.91440 -0.03753 
0.27445 0.91440 -0.03752 
0.27068 0.91440 -0.03751 
0.26692 0.91440 -0.03749 
0.26315 0.91440 -0.03746 
0.25938 0.91440 -0.03743 
0.25562 0.91440 -0.03740 
0.25185 0.91440 -0.03735 
0.24808 0.91440 -0.03730 
0.24431 0.91440 -0.03725 
0.24055 0.91440 -0.03719 
0.23678 0.91440 -0.03712 
0.23301 0.91440 -0.03704 
0.22925 0.91440 -0.03696 
0.22548 0.91440 -0.03687 
0.22172 0.91440 -0.03678 
0.21795 0.91440 -0.03667 
0.21418 0.91440 -0.03656 
0.21042 0.91440 -0.03644 
0.20665 0.91440 -0.03631 
0.20289 0.91440 -0.03618 
0.19912 0.91440 -0.03603 
0.19536 0.91440 -0.03588 
0.19160 0.91440 -0.03571 
0.18783 0.91440 -0.03554 
0.18407 0.91440 -0.03536 
0.18031 0.91440 -0.03517 
0.17654 0.91440 -0.03497 
0.17278 0.91440 -0.03475 
0.16902 0.91440 -0.03453 
0.16526 0.91440 -0.03430 
0.16150 0.91440 -0.03405 
0.15774 0.91440 -0.03380 
0.15399 0.91440 -0.03353 
0.15023 0.91440 -0.03325 
0.14647 0.91440 -0.03295 
0.14272 0.91440 -0.03265 
0.13896 0.91440 -0.03233 
0.13521 0.91440 -0.03199 
0.13146 0.91440 -0.03164 
0.12771 0.91440 -0.03128 
0.12396 0.91440 -0.03090 
0.12034 0.91440 -0.03052 
0.11690 0.91440 -0.03014 
0.11362 0.91440 -0.02977 
0.11049 0.91440 -0.02940 
0.10752 0.91440 -0.02904 
0.10469 0.91440 -0.02868 
0.10200 0.91440 -0.02833 
0.09943 0.91440 -0.02799 
0.09699 0.91440 -0.02765 
0.09467 0.91440 -0.02732 
0.09241 0.91440 -0.02734 
0.09024 0.91440 -0.02741 
0.08823 0.91440 -0.02715 
0.08631 0.91440 -0.02691 
0.08439 0.91440 -0.02668 
0.08247 0.91440 -0.02644 
0.08055 0.91440 -0.02619 
0.07864 0.91440 -0.02595 
0.07672 0.91440 -0.02569 
0.07480 0.91440 -0.02544 
0.07288 0.91440 -0.02517 
0.07096 0.91440 -0.02491 
0.06904 0.91440 -0.02463 
0.06713 0.91440 -0.02435 
0.06521 0.91440 -0.02407 
0.06329 0.91440 -0.02378 
0.06137 0.91440 -0.02349 
0.05945 0.91440 -0.02318 
0.05753 0.91440 -0.02288 
0.05561 0.91440 -0.02256 
0.05369 0.91440 -0.02224 
0.05177 0.91440 -0.02191 
0.04985 0.91440 -0.02159 
0.04792 0.91440 -0.02128 
0.04599 0.91440 -0.02099 
0.04405 0.91440 -0.02069 
0.04210 0.91440 -0.02040 
0.04016 0.91440 -0.02009 
0.03821 0.91440 -0.01978 
0.03625 0.91440 -0.01946 
0.03429 0.91440 -0.01914 
0.03232 0.91440 -0.01882 
0.03035 0.91440 -0.01848 
0.02837 0.91440 -0.01814 
0.02638 0.91440 -0.01780 
0.02437 0.91440 -0.01744 
0.02235 0.91440 -0.01708 
0.02032 0.91440 -0.01670 
0.01828 0.91440 -0.01627 
0.01618 0.91440 -0.01593 
0.01324 0.91440 -0.01727 
0.00989 0.91440 -0.01913 
0.00733 0.91440 -0.01910 
0.00539 0.91440 -0.01774 
0.00354 0.91440 -0.01614 
0.00172 0.91440 -0.01439 
-0.00006 0.91440 -0.01249 
-0.00176 0.91440 -0.01042 
-0.00323 0.91440 -0.00832 
-0.00448 0.91440 -0.00622 
-0.00551 0.91440 -0.00413 
-0.00640 0.91440 -0.00209 
-0.00751 0.91440 -0.00027 
-0.00895 0.91440 0.00143 
-0.01040 0.91440 0.00329 
-0.01188 0.91440 0.00537 
-0.01334 0.91440 0.00770 
-0.01429 0.91440 0.01032 
-0.01556 0.91440 0.01326 
-0.01453 0.91440 0.01589 
-0.00981 0.91440 0.01686 
-0.00669 0.91440 0.01773 
-0.00540 0.91440 0.01931 
-0.00317 0.91440 0.02009 
-0.00111 0.91440 0.02080 
0.00111 0.91440 0.02118 
0.00335 0.91440 0.02143 
0.00555 0.91440 0.02170 
0.00780 0.91440 0.02197 
0.01028 0.91440 0.02156 
0.01249 0.91440 0.02141 
0.01426 0.91440 0.02215 
0.01605 0.91440 0.02284 
0.01786 0.91440 0.02348 
0.01969 0.91440 0.02407 
0.02153 0.91440 0.02462 
0.02338 0.91440 0.02514 
0.02523 0.91440 0.02563 
0.02710 0.91440 0.02609 
0.02897 0.91440 0.02652 
0.03085 0.91440 0.02692 
0.03273 0.91440 0.02730 
0.03461 0.91440 0.02767 
0.03650 0.91440 0.02801 
0.03840 0.91440 0.02833 
0.04029 0.91440 0.02863 
0.04219 0.91440 0.02892 
0.04409 0.91440 0.02919 
0.04599 0.91440 0.02944 
0.04790 0.91440 0.02969 
0.04980 0.91440 0.02991 
0.05171 0.91440 0.03013 
0.05362 0.91440 0.03033 
0.05553 0.91440 0.03052 
0.05744 0.91440 0.03070 
0.05936 0.91440 0.03087 
0.06127 0.91440 0.03103 
0.06318 0.91440 0.03118 
0.06510 0.91440 0.03132 
0.06701 0.91440 0.03144 
0.06893 0.91440 0.03156 
0.07085 0.91440 0.03167 
0.07276 0.91440 0.03178 
0.07468 0.91440 0.03187 
0.07660 0.91440 0.03196 
0.07852 0.91440 0.03204 
0.08044 0.91440 0.03211 
0.08235 0.91440 0.03217 
0.08427 0.91440 0.03223 
0.08619 0.91440 0.03228 
0.08811 0.91440 0.03232 
0.09003 0.91440 0.03235 
0.09189 0.91440 0.03238 
0.09383 0.91440 0.03241 
0.09588 0.91440 0.03242 
0.09802 0.91440 0.03244 
0.10028 0.91440 0.03244 
0.10264 0.91440 0.03244 
0.10513 0.91440 0.03243 
0.10774 0.91440 0.03240 
0.11048 0.91440 0.03237 
0.11335 0.91440 0.03232 
0.11637 0.91440 0.03226 
0.11954 0.91440 0.03218 
0.12287 0.91440 0.03209 
0.12636 0.91440 0.03198 
0.13003 0.91440 0.03184 
0.13382 0.91440 0.03169 
0.13760 0.91440 0.03152 
0.14138 0.91440 0.03134 
0.14517 0.91440 0.03114 
0.14895 0.91440 0.03092 
0.15273 0.91440 0.03070 
0.15651 0.91440 0.03046 
0.16029 0.91440 0.03021 
0.16406 0.91440 0.02994 
0.16784 0.91440 0.02967 
0.17162 0.91440 0.02938 
0.17539 0.91440 0.02908 
0.17917 0.91440 0.02877 
0.18294 0.91440 0.02845 
0.18671 0.91440 0.02812 
0.19049 0.91440 0.02778 
0.19426 0.91440 0.02742 
0.19803 0.91440 0.02706 
0.20180 0.91440 0.02670 
0.20557 0.91440 0.02632 
0.20933 0.91440 0.02593 
0.21310 0.91440 0.02553 
0.21686 0.91440 0.02513 
0.22063 0.91440 0.02472 
0.22439 0.91440 0.02430 
0.22816 0.91440 0.02387 
0.23192 0.91440 0.02344 
0.23568 0.91440 0.02299 
0.23944 0.91440 0.02254 
0.24320 0.91440 0.02209 
0.24696 0.91440 0.02163 
0.25072 0.91440 0.02116 
0.25447 0.91440 0.02068 
0.25823 0.91440 0.02020 
0.26199 0.91440 0.01971 
0.26574 0.91440 0.01921 
0.26950 0.91440 0.01871 
0.27325 0.91440 0.01821 
0.27700 0.91440 0.01770 
0.28075 0.91440 0.01718 
0.28450 0.91440 0.01666 
0.28825 0.91440 0.01613 
0.29200 0.91440 0.01559 
0.29575 0.91440 0.01506 
0.29950 0.91440 0.01451 
0.30325 0.91440 0.01396 
0.30699 0.91440 0.01341 
0.31074 0.91440 0.01285 
0.31449 0.91440 0.01229 
0.31823 0.91440 0.01172 
0.32197 0.91440 0.01115 
0.32572 0.91440 0.01058 
0.32946 0.91440 0.01000 
0.33320 0.91440 0.00941 
0.33694 0.91440 0.00882 
0.34068 0.91440 0.00823 
0.34442 0.91440 0.00764 
0.34816 0.91440 0.00704 
0.35190 0.91440 0.00643 
0.35564 0.91440 0.00582 
0.35938 0.91440 0.00521 
0.36311 0.91440 0.00459 
0.36685 0.91440 0.00397 
0.37059 0.91440 0.00335 
0.37432 0.91440 0.00272 
0.37806 0.91440 0.00209 
0.38179 0.91440 0.00146 
0.38552 0.91440 0.00082 
0.38926 0.91440 0.00018 
0.39299 0.91440 -0.00047 
0.39672 0.91440 -0.00111 
0.40045 0.91440 -0.00177 
0.40418 0.91440 -0.00242 
0.40791 0.91440 -0.00308 
0.41164 0.91440 -0.00374 
0.41537 0.91440 -0.00441 
0.41909 0.91440 -0.00508 
0.42282 0.91440 -0.00575 
0.42655 0.91440 -0.00643 
0.43027 0.91440 -0.00711 
0.43400 0.91440 -0.00779 
0.43772 0.91440 -0.00848 
0.44145 0.91440 -0.00917 
0.44517 0.91440 -0.00986 
0.44889 0.91440 -0.01056 
0.45261 0.91440 -0.01126 
0.45634 0.91440 -0.01196 
0.46006 0.91440 -0.01267 
0.46378 0.91440 -0.01338 
0.46749 0.91440 -0.01410 
0.47121 0.91440 -0.01482 
0.47493 0.91440 -0.01554 
0.47865 0.91440 -0.01627 
0.48236 0.91440 -0.01699 
0.48608 0.91440 -0.01773 
0.48979 0.91440 -0.01847 
0.49351 0.91440 -0.01921 
0.49722 0.91440 -0.01995 
0.50093 0.91440 -0.02070 
0.50465 0.91440 -0.02145 
0.50836 0.91440 -0.02221 
0.51207 0.91440 -0.02297 
0.51578 0.91440 -0.02374 
0.51948 0.91440 -0.02451 
0.52319 0.91440 -0.02528 
0.52689 0.91440 -0.02606 
0.52921 0.91440 -0.02654 
0.53065 0.91440 -0.02685 
0.53156 0.91440 -0.02704 
0.53212 0.91440 -0.02716 
0.53247 0.91440 -0.02724 
0.53246 0.91440 -0.02735 
0.53246 0.91440 -0.02746 
0.53245 0.91440 -0.02757 
0.53244 0.91440 -0.02768 
0.53243 0.91440 -0.02779 
0.53243 0.91440 -0.02791 

ZONE T="SLICE_Y_0p9144_BINS15_KS_0p5334mm_SINGLE_LAYER"
0.53243 0.91440 -0.02791 
0.53242 0.91440 -0.02802 
0.53241 0.91440 -0.02813 
0.53240 0.91440 -0.02824 
0.53239 0.91440 -0.02835 
0.53239 0.91440 -0.02846 
0.53238 0.91440 -0.02858 
0.53202 0.91440 -0.02860 
0.53144 0.91440 -0.02864 
0.53052 0.91440 -0.02871 
0.52905 0.91440 -0.02881 
0.52669 0.91440 -0.02897 
0.52292 0.91440 -0.02922 
0.51916 0.91440 -0.02947 
0.51540 0.91440 -0.02972 
0.51164 0.91440 -0.02996 
0.50788 0.91440 -0.03019 
0.50412 0.91440 -0.03042 
0.50036 0.91440 -0.03065 
0.49660 0.91440 -0.03088 
0.49284 0.91440 -0.03110 
0.48907 0.91440 -0.03131 
0.48531 0.91440 -0.03152 
0.48155 0.91440 -0.03173 
0.47779 0.91440 -0.03194 
0.47403 0.91440 -0.03214 
0.47027 0.91440 -0.03233 
0.46650 0.91440 -0.03253 
0.46274 0.91440 -0.03272 
0.45898 0.91440 -0.03290 
0.45521 0.91440 -0.03309 
0.45145 0.91440 -0.03327 
0.44769 0.91440 -0.03344 
0.44392 0.91440 -0.03361 
0.44016 0.91440 -0.03378 
0.43640 0.91440 -0.03395 
0.43263 0.91440 -0.03411 
0.42887 0.91440 -0.03426 
0.42510 0.91440 -0.03442 
0.42134 0.91440 -0.03457 
0.41758 0.91440 -0.03472 
0.41381 0.91440 -0.03486 
0.41005 0.91440 -0.03500 
0.40628 0.91440 -0.03514 
0.40252 0.91440 -0.03527 
0.39875 0.91440 -0.03540 
0.39499 0.91440 -0.03553 
0.39122 0.91440 -0.03565 
0.38746 0.91440 -0.03577 
0.38369 0.91440 -0.03589 
0.37992 0.91440 -0.03600 
0.37616 0.91440 -0.03611 
0.37239 0.91440 -0.03621 
0.36863 0.91440 -0.03631 
0.36486 0.91440 -0.03641 
0.36109 0.91440 -0.03651 
0.35733 0.91440 -0.03660 
0.35356 0.91440 -0.03668 
0.34979 0.91440 -0.03677 
0.34603 0.91440 -0.03684 
0.34226 0.91440 -0.03692 
0.33849 0.91440 -0.03699 
0.33473 0.91440 -0.03706 
0.33096 0.91440 -0.03712 
0.32719 0.91440 -0.03718 
0.32343 0.91440 -0.03723 
0.31966 0.91440 -0.03728 
0.31589 0.91440 -0.03733 
0.31213 0.91440 -0.03737 
0.30836 0.91440 -0.03741 
0.30459 0.91440 -0.03744 
0.30082 0.91440 -0.03747 
0.29706 0.91440 -0.03749 
0.29329 0.91440 -0.03751 
0.28952 0.91440 -0.03752 
0.28575 0.91440 -0.03753 
0.28199 0.91440 -0.03753 
0.27822 0.91440 -0.03753 
0.27445 0.91440 -0.03752 
0.27068 0.91440 -0.03751 
0.26692 0.91440 -0.03749 
0.26315 0.91440 -0.03746 
0.25938 0.91440 -0.03743 
0.25562 0.91440 -0.03740 
0.25185 0.91440 -0.03735 
0.24808 0.91440 -0.03730 
0.24431 0.91440 -0.03725 
0.24055 0.91440 -0.03719 
0.23678 0.91440 -0.03712 
0.23301 0.91440 -0.03704 
0.22925 0.91440 -0.03696 
0.22548 0.91440 -0.03687 
0.22172 0.91440 -0.03678 
0.21795 0.91440 -0.03667 
0.21418 0.91440 -0.03656 
0.21042 0.91440 -0.03644 
0.20665 0.91440 -0.03631 
0.20289 0.91440 -0.03618 
0.19912 0.91440 -0.03603 
0.19536 0.91440 -0.03588 
0.19160 0.91440 -0.03571 
0.18783 0.91440 -0.03554 
0.18407 0.91440 -0.03536 
0.18031 0.91440 -0.03517 
0.17654 0.91440 -0.03497 
0.17278 0.91440 -0.03475 
0.16902 0.91440 -0.03453 
0.16526 0.91440 -0.03430 
0.16150 0.91440 -0.03405 
0.15774 0.91440 -0.03380 
0.15399 0.91440 -0.03353 
0.15023 0.91440 -0.03325 
0.14647 0.91440 -0.03295 
0.14272 0.91440 -0.03265 
0.13896 0.91440 -0.03233 
0.13521 0.91440 -0.03199 
0.13146 0.91440 -0.03164 
0.12771 0.91440 -0.03128 
0.12396 0.91440 -0.03090 
0.12034 0.91440 -0.03052 
0.11690 0.91440 -0.03014 
0.11362 0.91440 -0.02977 
0.11049 0.91440 -0.02940 
0.10752 0.91440 -0.02904 
0.10469 0.91440 -0.02868 
0.10200 0.91440 -0.02833 
0.09943 0.91440 -0.02799 
0.09699 0.91440 -0.02765 
0.09462 0.91440 -0.02766 
0.09235 0.91440 -0.02772 
0.09024 0.91440 -0.02747 
0.08822 0.91440 -0.02721 
0.08630 0.91440 -0.02697 
0.08439 0.91440 -0.02672 
0.08247 0.91440 -0.02647 
0.08055 0.91440 -0.02622 
0.07863 0.91440 -0.02596 
0.07672 0.91440 -0.02570 
0.07480 0.91440 -0.02544 
0.07288 0.91440 -0.02516 
0.07096 0.91440 -0.02489 
0.06905 0.91440 -0.02461 
0.06713 0.91440 -0.02432 
0.06521 0.91440 -0.02404 
0.06329 0.91440 -0.02376 
0.06137 0.91440 -0.02347 
0.05945 0.91440 -0.02318 
0.05753 0.91440 -0.02288 
0.05561 0.91440 -0.02258 
0.05369 0.91440 -0.02227 
0.05176 0.91440 -0.02196 
0.04984 0.91440 -0.02164 
0.04791 0.91440 -0.02133 
0.04598 0.91440 -0.02103 
0.04404 0.91440 -0.02072 
0.04210 0.91440 -0.02040 
0.04016 0.91440 -0.02008 
0.03821 0.91440 -0.01975 
0.03627 0.91440 -0.01942 
0.03431 0.91440 -0.01908 
0.03235 0.91440 -0.01873 
0.03038 0.91440 -0.01839 
0.02839 0.91440 -0.01807 
0.02639 0.91440 -0.01776 
0.02437 0.91440 -0.01744 
0.02234 0.91440 -0.01711 
0.02030 0.91440 -0.01676 
0.01822 0.91440 -0.01641 
0.01625 0.91440 -0.01578 
0.01339 0.91440 -0.01695 
0.00998 0.91440 -0.01895 
0.00735 0.91440 -0.01905 
0.00540 0.91440 -0.01773 
0.00355 0.91440 -0.01613 
0.00173 0.91440 -0.01438 
-0.00006 0.91440 -0.01248 
-0.00176 0.91440 -0.01041 
-0.00323 0.91440 -0.00832 
-0.00448 0.91440 -0.00621 
-0.00551 0.91440 -0.00413 
-0.00640 0.91440 -0.00209 
-0.00750 0.91440 -0.00027 
-0.00894 0.91440 0.00144 
-0.01040 0.91440 0.00330 
-0.01188 0.91440 0.00537 
-0.01334 0.91440 0.00770 
-0.01428 0.91440 0.01032 
-0.01556 0.91440 0.01326 
-0.01441 0.91440 0.01586 
-0.00959 0.91440 0.01676 
-0.00653 0.91440 0.01764 
-0.00543 0.91440 0.01934 
-0.00317 0.91440 0.02009 
-0.00105 0.91440 0.02074 
0.00111 0.91440 0.02117 
0.00331 0.91440 0.02149 
0.00554 0.91440 0.02173 
0.00781 0.91440 0.02195 
0.01028 0.91440 0.02156 
0.01249 0.91440 0.02141 
0.01426 0.91440 0.02215 
0.01605 0.91440 0.02284 
0.01786 0.91440 0.02348 
0.01969 0.91440 0.02407 
0.02153 0.91440 0.02462 
0.02338 0.91440 0.02514 
0.02523 0.91440 0.02563 
0.02710 0.91440 0.02609 
0.02897 0.91440 0.02652 
0.03085 0.91440 0.02692 
0.03273 0.91440 0.02730 
0.03461 0.91440 0.02767 
0.03650 0.91440 0.02801 
0.03840 0.91440 0.02833 
0.04029 0.91440 0.02863 
0.04219 0.91440 0.02892 
0.04409 0.91440 0.02919 
0.04599 0.91440 0.02944 
0.04790 0.91440 0.02969 
0.04980 0.91440 0.02991 
0.05171 0.91440 0.03013 
0.05362 0.91440 0.03033 
0.05553 0.91440 0.03052 
0.05744 0.91440 0.03070 
0.05936 0.91440 0.03087 
0.06127 0.91440 0.03103 
0.06318 0.91440 0.03118 
0.06510 0.91440 0.03132 
0.06701 0.91440 0.03144 
0.06893 0.91440 0.03156 
0.07085 0.91440 0.03167 
0.07276 0.91440 0.03178 
0.07468 0.91440 0.03187 
0.07660 0.91440 0.03196 
0.07852 0.91440 0.03204 
0.08044 0.91440 0.03211 
0.08235 0.91440 0.03217 
0.08427 0.91440 0.03223 
0.08619 0.91440 0.03228 
0.08811 0.91440 0.03232 
0.09003 0.91440 0.03235 
0.09189 0.91440 0.03238 
0.09383 0.91440 0.03241 
0.09588 0.91440 0.03242 
0.09802 0.91440 0.03244 
0.10028 0.91440 0.03244 
0.10264 0.91440 0.03244 
0.10513 0.91440 0.03243 
0.10774 0.91440 0.03240 
0.11048 0.91440 0.03237 
0.11335 0.91440 0.03232 
0.11637 0.91440 0.03226 
0.11954 0.91440 0.03218 
0.12287 0.91440 0.03209 
0.12636 0.91440 0.03198 
0.13003 0.91440 0.03184 
0.13382 0.91440 0.03169 
0.13760 0.91440 0.03152 
0.14138 0.91440 0.03134 
0.14517 0.91440 0.03114 
0.14895 0.91440 0.03092 
0.15273 0.91440 0.03070 
0.15651 0.91440 0.03046 
0.16029 0.91440 0.03021 
0.16406 0.91440 0.02994 
0.16784 0.91440 0.02967 
0.17162 0.91440 0.02938 
0.17539 0.91440 0.02908 
0.17917 0.91440 0.02877 
0.18294 0.91440 0.02845 
0.18671 0.91440 0.02812 
0.19049 0.91440 0.02778 
0.19426 0.91440 0.02742 
0.19803 0.91440 0.02706 
0.20180 0.91440 0.02670 
0.20557 0.91440 0.02632 
0.20933 0.91440 0.02593 
0.21310 0.91440 0.02553 
0.21686 0.91440 0.02513 
0.22063 0.91440 0.02472 
0.22439 0.91440 0.02430 
0.22816 0.91440 0.02387 
0.23192 0.91440 0.02344 
0.23568 0.91440 0.02299 
0.23944 0.91440 0.02254 
0.24320 0.91440 0.02209 
0.24696 0.91440 0.02163 
0.25072 0.91440 0.02116 
0.25447 0.91440 0.02068 
0.25823 0.91440 0.02020 
0.26199 0.91440 0.01971 
0.26574 0.91440 0.01921 
0.26950 0.91440 0.01871 
0.27325 0.91440 0.01821 
0.27700 0.91440 0.01770 
0.28075 0.91440 0.01718 
0.28450 0.91440 0.01666 
0.28825 0.91440 0.01613 
0.29200 0.91440 0.01559 
0.29575 0.91440 0.01506 
0.29950 0.91440 0.01451 
0.30325 0.91440 0.01396 
0.30699 0.91440 0.01341 
0.31074 0.91440 0.01285 
0.31449 0.91440 0.01229 
0.31823 0.91440 0.01172 
0.32197 0.91440 0.01115 
0.32572 0.91440 0.01058 
0.32946 0.91440 0.01000 
0.33320 0.91440 0.00941 
0.33694 0.91440 0.00882 
0.34068 0.91440 0.00823 
0.34442 0.91440 0.00764 
0.34816 0.91440 0.00704 
0.35190 0.91440 0.00643 
0.35564 0.91440 0.00582 
0.35938 0.91440 0.00521 
0.36311 0.91440 0.00459 
0.36685 0.91440 0.00397 
0.37059 0.91440 0.00335 
0.37432 0.91440 0.00272 
0.37806 0.91440 0.00209 
0.38179 0.91440 0.00146 
0.38552 0.91440 0.00082 
0.38926 0.91440 0.00018 
0.39299 0.91440 -0.00047 
0.39672 0.91440 -0.00111 
0.40045 0.91440 -0.00177 
0.40418 0.91440 -0.00242 
0.40791 0.91440 -0.00308 
0.41164 0.91440 -0.00374 
0.41537 0.91440 -0.00441 
0.41909 0.91440 -0.00508 
0.42282 0.91440 -0.00575 
0.42655 0.91440 -0.00643 
0.43027 0.91440 -0.00711 
0.43400 0.91440 -0.00779 
0.43772 0.91440 -0.00848 
0.44145 0.91440 -0.00917 
0.44517 0.91440 -0.00986 
0.44889 0.91440 -0.01056 
0.45261 0.91440 -0.01126 
0.45634 0.91440 -0.01196 
0.46006 0.91440 -0.01267 
0.46378 0.91440 -0.01338 
0.46749 0.91440 -0.01410 
0.47121 0.91440 -0.01482 
0.47493 0.91440 -0.01554 
0.47865 0.91440 -0.01627 
0.48236 0.91440 -0.01699 
0.48608 0.91440 -0.01773 
0.48979 0.91440 -0.01847 
0.49351 0.91440 -0.01921 
0.49722 0.91440 -0.01995 
0.50093 0.91440 -0.02070 
0.50465 0.91440 -0.02145 
0.50836 0.91440 -0.02221 
0.51207 0.91440 -0.02297 
0.51578 0.91440 -0.02374 
0.51948 0.91440 -0.02451 
0.52319 0.91440 -0.02528 
0.52689 0.91440 -0.02606 
0.52921 0.91440 -0.02654 
0.53065 0.91440 -0.02685 
0.53156 0.91440 -0.02704 
0.53212 0.91440 -0.02716 
0.53247 0.91440 -0.02724 
0.53246 0.91440 -0.02735 
0.53246 0.91440 -0.02746 
0.53245 0.91440 -0.02757 
0.53244 0.91440 -0.02768 
0.53243 0.91440 -0.02779 
0.53243 0.91440 -0.02791 





