#++++++++++++++++++++++++++++++++++++++++++++++++++++++++++++++++++++++++++++++++++++++++++++++++++++++++++++++++++++
#
#   IPW-3 Ice Shape DATA SUBMITTAL FORM for Test Case NACA0012_AE3932, May 18th 2026
#
#       NOMENCLATURE:
#             X_ICED [m]:  X-coordinate of the iced surface
#             Y_ICED [m]:  Y-coordinate of the iced surface
#             Z_ICED [m]:  Z-coordinate of the iced surface
#
#                XXmm:  Roughness height used for the case, in mm.
#                       In the zone name, use the format KS_XXmm.
#                       For example, if k_s = 1.5 mm, use KS_1p5mm. 
#                       For Variable roughness, use KS_VAR
#
#    FLOW CONDITIONS:
#                                   AOA: 4.0 deg
#                           Mach Number: 0.3151 [-]
#       Mean aerodynamic chord (M.A.C.): 0.5334 [m]
#                       Reynolds Number: 3.9795 million (based on MAC)
#                       Freestream Temp: 267.55 [K]
#                        Reference area: 0.97548 [m2]
#               Moment Reference Center: 0.13335, 0, 0 [m] (X, Y, Z)
#
#    ICING CONDITIONS:
#                           Icing Time: 420 [s]
#                                  LWC: 0.55 [g/m3]
#                                  MVD: 20 [μm]
#
#              NOTES: 1. Please use at least 5 decimal places in the numerical values
#                     2. If data are NOT provided, please fill data fields with a numerical value of "-999" 
#
#++++++++++++++++++++++++++++++++++++++++++++++++++++++++++++++++++++++++++++++++++++++++++++++++++++++++++++++++++++

AUXDATA NUM_LAYERS  = "insert the number of total ice layers"
                                              
VARIABLES = "X_ICED" "Y_ICED" "Z_ICED"

ZONE T="SLICE_Y_0p9144_BINS01_KS_0p5334mm_SINGLE_LAYER"
0.53242 0.91440 -0.02798 
0.53241 0.91440 -0.02813 
0.53240 0.91440 -0.02828 
0.53239 0.91440 -0.02843 
0.53238 0.91440 -0.02858 
0.53086 0.91440 -0.02868 
0.52843 0.91440 -0.02885 
0.52453 0.91440 -0.02911 
0.51931 0.91440 -0.02946 
0.51409 0.91440 -0.02980 
0.50887 0.91440 -0.03013 
0.50365 0.91440 -0.03045 
0.49843 0.91440 -0.03077 
0.49321 0.91440 -0.03107 
0.48799 0.91440 -0.03137 
0.48277 0.91440 -0.03166 
0.47754 0.91440 -0.03195 
0.47232 0.91440 -0.03223 
0.46710 0.91440 -0.03250 
0.46187 0.91440 -0.03276 
0.45665 0.91440 -0.03302 
0.45143 0.91440 -0.03327 
0.44620 0.91440 -0.03351 
0.44098 0.91440 -0.03374 
0.43575 0.91440 -0.03397 
0.43052 0.91440 -0.03420 
0.42530 0.91440 -0.03441 
0.42007 0.91440 -0.03462 
0.41484 0.91440 -0.03482 
0.40962 0.91440 -0.03502 
0.40439 0.91440 -0.03521 
0.39916 0.91440 -0.03539 
0.39394 0.91440 -0.03556 
0.38871 0.91440 -0.03573 
0.38348 0.91440 -0.03589 
0.37825 0.91440 -0.03605 
0.37302 0.91440 -0.03620 
0.36779 0.91440 -0.03634 
0.36257 0.91440 -0.03647 
0.35734 0.91440 -0.03660 
0.35211 0.91440 -0.03672 
0.34688 0.91440 -0.03683 
0.34165 0.91440 -0.03693 
0.33642 0.91440 -0.03703 
0.33119 0.91440 -0.03712 
0.32596 0.91440 -0.03720 
0.32073 0.91440 -0.03727 
0.31550 0.91440 -0.03733 
0.31027 0.91440 -0.03739 
0.30504 0.91440 -0.03743 
0.29981 0.91440 -0.03747 
0.29458 0.91440 -0.03750 
0.28935 0.91440 -0.03752 
0.28412 0.91440 -0.03753 
0.27889 0.91440 -0.03753 
0.27366 0.91440 -0.03752 
0.26843 0.91440 -0.03750 
0.26320 0.91440 -0.03746 
0.25797 0.91440 -0.03742 
0.25273 0.91440 -0.03736 
0.24750 0.91440 -0.03730 
0.24227 0.91440 -0.03722 
0.23705 0.91440 -0.03712 
0.23182 0.91440 -0.03702 
0.22659 0.91440 -0.03690 
0.22136 0.91440 -0.03677 
0.21613 0.91440 -0.03662 
0.21090 0.91440 -0.03646 
0.20567 0.91440 -0.03628 
0.20045 0.91440 -0.03608 
0.19522 0.91440 -0.03587 
0.19000 0.91440 -0.03564 
0.18477 0.91440 -0.03539 
0.17955 0.91440 -0.03513 
0.17432 0.91440 -0.03484 
0.16910 0.91440 -0.03454 
0.16388 0.91440 -0.03421 
0.15866 0.91440 -0.03386 
0.15345 0.91440 -0.03349 
0.14823 0.91440 -0.03309 
0.14302 0.91440 -0.03267 
0.13781 0.91440 -0.03223 
0.13258 0.91440 -0.03175 
0.12761 0.91440 -0.03127 
0.12288 0.91440 -0.03079 
0.11837 0.91440 -0.03030 
0.11408 0.91440 -0.02982 
0.11000 0.91440 -0.02934 
0.10611 0.91440 -0.02886 
0.10242 0.91440 -0.02838 
0.09890 0.91440 -0.02791 
0.09555 0.91440 -0.02745 
0.09236 0.91440 -0.02699 
0.08933 0.91440 -0.02653 
0.08644 0.91440 -0.02609 
0.08358 0.91440 -0.02563 
0.08072 0.91440 -0.02516 
0.07786 0.91440 -0.02467 
0.07501 0.91440 -0.02417 
0.07216 0.91440 -0.02365 
0.06931 0.91440 -0.02311 
0.06646 0.91440 -0.02255 
0.06362 0.91440 -0.02198 
0.06079 0.91440 -0.02138 
0.05795 0.91440 -0.02076 
0.05502 0.91440 -0.02059 
0.05203 0.91440 -0.02059 
0.04911 0.91440 -0.02031 
0.04617 0.91440 -0.02002 
0.04322 0.91440 -0.01973 
0.04026 0.91440 -0.01944 
0.03728 0.91440 -0.01915 
0.03428 0.91440 -0.01887 
0.03126 0.91440 -0.01859 
0.02821 0.91440 -0.01830 
0.02511 0.91440 -0.01804 
0.02218 0.91440 -0.01723 
0.01816 0.91440 -0.01891 
0.01360 0.91440 -0.02134 
0.01015 0.91440 -0.02081 
0.00724 0.91440 -0.01893 
0.00440 0.91440 -0.01672 
0.00162 0.91440 -0.01419 
-0.00105 0.91440 -0.01129 
-0.00334 0.91440 -0.00822 
-0.00513 0.91440 -0.00513 
-0.00660 0.91440 -0.00213 
-0.00835 0.91440 0.00057 
-0.01057 0.91440 0.00328 
-0.01275 0.91440 0.00650 
-0.01426 0.91440 0.01032 
-0.01561 0.91440 0.01470 
-0.01389 0.91440 0.01858 
-0.00776 0.91440 0.01955 
-0.00299 0.91440 0.01985 
0.00030 0.91440 0.02055 
0.00467 0.91440 0.01944 
0.00809 0.91440 0.01916 
0.01063 0.91440 0.02054 
0.01325 0.91440 0.02173 
0.01594 0.91440 0.02279 
0.01866 0.91440 0.02374 
0.02142 0.91440 0.02459 
0.02420 0.91440 0.02536 
0.02700 0.91440 0.02606 
0.02981 0.91440 0.02670 
0.03263 0.91440 0.02729 
0.03547 0.91440 0.02782 
0.03831 0.91440 0.02831 
0.04116 0.91440 0.02876 
0.04401 0.91440 0.02918 
0.04687 0.91440 0.02956 
0.04974 0.91440 0.02991 
0.05260 0.91440 0.03023 
0.05547 0.91440 0.03052 
0.05835 0.91440 0.03078 
0.06122 0.91440 0.03103 
0.06410 0.91440 0.03124 
0.06697 0.91440 0.03144 
0.06985 0.91440 0.03162 
0.07273 0.91440 0.03178 
0.07562 0.91440 0.03191 
0.07850 0.91440 0.03203 
0.08138 0.91440 0.03214 
0.08426 0.91440 0.03223 
0.08715 0.91440 0.03230 
0.09003 0.91440 0.03235 
0.09283 0.91440 0.03239 
0.09576 0.91440 0.03242 
0.09885 0.91440 0.03244 
0.10208 0.91440 0.03244 
0.10548 0.91440 0.03242 
0.10905 0.91440 0.03239 
0.11280 0.91440 0.03233 
0.11673 0.91440 0.03225 
0.12086 0.91440 0.03215 
0.12519 0.91440 0.03202 
0.12975 0.91440 0.03185 
0.13452 0.91440 0.03166 
0.13954 0.91440 0.03143 
0.14480 0.91440 0.03116 
0.15006 0.91440 0.03086 
0.15532 0.91440 0.03054 
0.16058 0.91440 0.03019 
0.16583 0.91440 0.02981 
0.17108 0.91440 0.02942 
0.17633 0.91440 0.02900 
0.18158 0.91440 0.02856 
0.18683 0.91440 0.02811 
0.19207 0.91440 0.02763 
0.19732 0.91440 0.02713 
0.20256 0.91440 0.02662 
0.20780 0.91440 0.02609 
0.21304 0.91440 0.02554 
0.21827 0.91440 0.02498 
0.22351 0.91440 0.02440 
0.22874 0.91440 0.02380 
0.23397 0.91440 0.02320 
0.23920 0.91440 0.02257 
0.24443 0.91440 0.02194 
0.24966 0.91440 0.02129 
0.25489 0.91440 0.02063 
0.26011 0.91440 0.01995 
0.26533 0.91440 0.01927 
0.27055 0.91440 0.01857 
0.27577 0.91440 0.01786 
0.28099 0.91440 0.01715 
0.28621 0.91440 0.01642 
0.29142 0.91440 0.01568 
0.29663 0.91440 0.01493 
0.30185 0.91440 0.01417 
0.30706 0.91440 0.01340 
0.31227 0.91440 0.01262 
0.31747 0.91440 0.01184 
0.32268 0.91440 0.01104 
0.32789 0.91440 0.01024 
0.33309 0.91440 0.00943 
0.33829 0.91440 0.00861 
0.34349 0.91440 0.00778 
0.34870 0.91440 0.00695 
0.35389 0.91440 0.00611 
0.35909 0.91440 0.00526 
0.36429 0.91440 0.00440 
0.36948 0.91440 0.00354 
0.37468 0.91440 0.00266 
0.37987 0.91440 0.00179 
0.38506 0.91440 0.00090 
0.39026 0.91440 0.00001 
0.39544 0.91440 -0.00089 
0.40063 0.91440 -0.00180 
0.40582 0.91440 -0.00271 
0.41101 0.91440 -0.00363 
0.41619 0.91440 -0.00456 
0.42138 0.91440 -0.00549 
0.42656 0.91440 -0.00643 
0.43174 0.91440 -0.00738 
0.43692 0.91440 -0.00833 
0.44210 0.91440 -0.00929 
0.44728 0.91440 -0.01026 
0.45245 0.91440 -0.01123 
0.45763 0.91440 -0.01221 
0.46280 0.91440 -0.01320 
0.46797 0.91440 -0.01419 
0.47314 0.91440 -0.01519 
0.47831 0.91440 -0.01620 
0.48348 0.91440 -0.01722 
0.48865 0.91440 -0.01824 
0.49381 0.91440 -0.01927 
0.49898 0.91440 -0.02031 
0.50414 0.91440 -0.02135 
0.50930 0.91440 -0.02240 
0.51446 0.91440 -0.02346 
0.51962 0.91440 -0.02453 
0.52477 0.91440 -0.02561 
0.52859 0.91440 -0.02641 
0.53098 0.91440 -0.02692 
0.53247 0.91440 -0.02724 
0.53246 0.91440 -0.02738 
0.53245 0.91440 -0.02753 
0.53244 0.91440 -0.02768 
0.53243 0.91440 -0.02783 
0.53242 0.91440 -0.02798 

ZONE T="SLICE_Y_0p9144_BINS03_KS_0p5334mm_SINGLE_LAYER"
0.53242 0.91440 -0.02798 
0.53241 0.91440 -0.02813 
0.53240 0.91440 -0.02828 
0.53239 0.91440 -0.02843 
0.53238 0.91440 -0.02858 
0.53086 0.91440 -0.02868 
0.52843 0.91440 -0.02885 
0.52453 0.91440 -0.02911 
0.51931 0.91440 -0.02946 
0.51409 0.91440 -0.02980 
0.50887 0.91440 -0.03013 
0.50365 0.91440 -0.03045 
0.49843 0.91440 -0.03077 
0.49321 0.91440 -0.03107 
0.48799 0.91440 -0.03137 
0.48277 0.91440 -0.03166 
0.47754 0.91440 -0.03195 
0.47232 0.91440 -0.03223 
0.46710 0.91440 -0.03250 
0.46187 0.91440 -0.03276 
0.45665 0.91440 -0.03302 
0.45143 0.91440 -0.03327 
0.44620 0.91440 -0.03351 
0.44098 0.91440 -0.03374 
0.43575 0.91440 -0.03397 
0.43052 0.91440 -0.03420 
0.42530 0.91440 -0.03441 
0.42007 0.91440 -0.03462 
0.41484 0.91440 -0.03482 
0.40962 0.91440 -0.03502 
0.40439 0.91440 -0.03521 
0.39916 0.91440 -0.03539 
0.39394 0.91440 -0.03556 
0.38871 0.91440 -0.03573 
0.38348 0.91440 -0.03589 
0.37825 0.91440 -0.03605 
0.37302 0.91440 -0.03620 
0.36779 0.91440 -0.03634 
0.36257 0.91440 -0.03647 
0.35734 0.91440 -0.03660 
0.35211 0.91440 -0.03672 
0.34688 0.91440 -0.03683 
0.34165 0.91440 -0.03693 
0.33642 0.91440 -0.03703 
0.33119 0.91440 -0.03712 
0.32596 0.91440 -0.03720 
0.32073 0.91440 -0.03727 
0.31550 0.91440 -0.03733 
0.31027 0.91440 -0.03739 
0.30504 0.91440 -0.03743 
0.29981 0.91440 -0.03747 
0.29458 0.91440 -0.03750 
0.28935 0.91440 -0.03752 
0.28412 0.91440 -0.03753 
0.27889 0.91440 -0.03753 
0.27366 0.91440 -0.03752 
0.26843 0.91440 -0.03750 
0.26320 0.91440 -0.03746 
0.25797 0.91440 -0.03742 
0.25273 0.91440 -0.03736 
0.24750 0.91440 -0.03730 
0.24227 0.91440 -0.03722 
0.23705 0.91440 -0.03712 
0.23182 0.91440 -0.03702 
0.22659 0.91440 -0.03690 
0.22136 0.91440 -0.03677 
0.21613 0.91440 -0.03662 
0.21090 0.91440 -0.03646 
0.20567 0.91440 -0.03628 
0.20045 0.91440 -0.03608 
0.19522 0.91440 -0.03587 
0.19000 0.91440 -0.03564 
0.18477 0.91440 -0.03539 
0.17955 0.91440 -0.03513 
0.17432 0.91440 -0.03484 
0.16910 0.91440 -0.03454 
0.16388 0.91440 -0.03421 
0.15866 0.91440 -0.03386 
0.15345 0.91440 -0.03349 
0.14823 0.91440 -0.03309 
0.14302 0.91440 -0.03267 
0.13781 0.91440 -0.03223 
0.13258 0.91440 -0.03175 
0.12761 0.91440 -0.03127 
0.12288 0.91440 -0.03079 
0.11837 0.91440 -0.03030 
0.11408 0.91440 -0.02982 
0.11000 0.91440 -0.02934 
0.10611 0.91440 -0.02886 
0.10242 0.91440 -0.02838 
0.09890 0.91440 -0.02791 
0.09555 0.91440 -0.02745 
0.09231 0.91440 -0.02732 
0.08922 0.91440 -0.02725 
0.08632 0.91440 -0.02686 
0.08344 0.91440 -0.02646 
0.08057 0.91440 -0.02605 
0.07770 0.91440 -0.02562 
0.07483 0.91440 -0.02518 
0.07195 0.91440 -0.02473 
0.06909 0.91440 -0.02426 
0.06622 0.91440 -0.02378 
0.06335 0.91440 -0.02328 
0.06049 0.91440 -0.02276 
0.05763 0.91440 -0.02223 
0.05477 0.91440 -0.02167 
0.05188 0.91440 -0.02122 
0.04896 0.91440 -0.02087 
0.04604 0.91440 -0.02049 
0.04312 0.91440 -0.02012 
0.04017 0.91440 -0.01974 
0.03722 0.91440 -0.01936 
0.03425 0.91440 -0.01897 
0.03126 0.91440 -0.01858 
0.02825 0.91440 -0.01818 
0.02521 0.91440 -0.01777 
0.02212 0.91440 -0.01736 
0.01918 0.91440 -0.01647 
0.01523 0.91440 -0.01774 
0.01072 0.91440 -0.01965 
0.00731 0.91440 -0.01879 
0.00448 0.91440 -0.01659 
0.00171 0.91440 -0.01407 
-0.00097 0.91440 -0.01119 
-0.00325 0.91440 -0.00814 
-0.00505 0.91440 -0.00506 
-0.00651 0.91440 -0.00208 
-0.00827 0.91440 0.00061 
-0.01049 0.91440 0.00330 
-0.01268 0.91440 0.00651 
-0.01421 0.91440 0.01032 
-0.01541 0.91440 0.01466 
-0.01229 0.91440 0.01789 
-0.00680 0.91440 0.01894 
-0.00325 0.91440 0.02007 
0.00004 0.91440 0.02084 
0.00372 0.91440 0.02074 
0.00697 0.91440 0.02103 
0.01022 0.91440 0.02136 
0.01325 0.91440 0.02173 
0.01594 0.91440 0.02279 
0.01866 0.91440 0.02374 
0.02142 0.91440 0.02459 
0.02420 0.91440 0.02536 
0.02700 0.91440 0.02606 
0.02981 0.91440 0.02670 
0.03263 0.91440 0.02729 
0.03547 0.91440 0.02782 
0.03831 0.91440 0.02831 
0.04116 0.91440 0.02876 
0.04401 0.91440 0.02918 
0.04687 0.91440 0.02956 
0.04974 0.91440 0.02991 
0.05260 0.91440 0.03023 
0.05547 0.91440 0.03052 
0.05835 0.91440 0.03078 
0.06122 0.91440 0.03103 
0.06410 0.91440 0.03124 
0.06697 0.91440 0.03144 
0.06985 0.91440 0.03162 
0.07273 0.91440 0.03178 
0.07562 0.91440 0.03191 
0.07850 0.91440 0.03203 
0.08138 0.91440 0.03214 
0.08426 0.91440 0.03223 
0.08715 0.91440 0.03230 
0.09003 0.91440 0.03235 
0.09283 0.91440 0.03239 
0.09576 0.91440 0.03242 
0.09885 0.91440 0.03244 
0.10208 0.91440 0.03244 
0.10548 0.91440 0.03242 
0.10905 0.91440 0.03239 
0.11280 0.91440 0.03233 
0.11673 0.91440 0.03225 
0.12086 0.91440 0.03215 
0.12519 0.91440 0.03202 
0.12975 0.91440 0.03185 
0.13452 0.91440 0.03166 
0.13954 0.91440 0.03143 
0.14480 0.91440 0.03116 
0.15006 0.91440 0.03086 
0.15532 0.91440 0.03054 
0.16058 0.91440 0.03019 
0.16583 0.91440 0.02981 
0.17108 0.91440 0.02942 
0.17633 0.91440 0.02900 
0.18158 0.91440 0.02856 
0.18683 0.91440 0.02811 
0.19207 0.91440 0.02763 
0.19732 0.91440 0.02713 
0.20256 0.91440 0.02662 
0.20780 0.91440 0.02609 
0.21304 0.91440 0.02554 
0.21827 0.91440 0.02498 
0.22351 0.91440 0.02440 
0.22874 0.91440 0.02380 
0.23397 0.91440 0.02320 
0.23920 0.91440 0.02257 
0.24443 0.91440 0.02194 
0.24966 0.91440 0.02129 
0.25489 0.91440 0.02063 
0.26011 0.91440 0.01995 
0.26533 0.91440 0.01927 
0.27055 0.91440 0.01857 
0.27577 0.91440 0.01786 
0.28099 0.91440 0.01715 
0.28621 0.91440 0.01642 
0.29142 0.91440 0.01568 
0.29663 0.91440 0.01493 
0.30185 0.91440 0.01417 
0.30706 0.91440 0.01340 
0.31227 0.91440 0.01262 
0.31747 0.91440 0.01184 
0.32268 0.91440 0.01104 
0.32789 0.91440 0.01024 
0.33309 0.91440 0.00943 
0.33829 0.91440 0.00861 
0.34349 0.91440 0.00778 
0.34870 0.91440 0.00695 
0.35389 0.91440 0.00611 
0.35909 0.91440 0.00526 
0.36429 0.91440 0.00440 
0.36948 0.91440 0.00354 
0.37468 0.91440 0.00266 
0.37987 0.91440 0.00179 
0.38506 0.91440 0.00090 
0.39026 0.91440 0.00001 
0.39544 0.91440 -0.00089 
0.40063 0.91440 -0.00180 
0.40582 0.91440 -0.00271 
0.41101 0.91440 -0.00363 
0.41619 0.91440 -0.00456 
0.42138 0.91440 -0.00549 
0.42656 0.91440 -0.00643 
0.43174 0.91440 -0.00738 
0.43692 0.91440 -0.00833 
0.44210 0.91440 -0.00929 
0.44728 0.91440 -0.01026 
0.45245 0.91440 -0.01123 
0.45763 0.91440 -0.01221 
0.46280 0.91440 -0.01320 
0.46797 0.91440 -0.01419 
0.47314 0.91440 -0.01519 
0.47831 0.91440 -0.01620 
0.48348 0.91440 -0.01722 
0.48865 0.91440 -0.01824 
0.49381 0.91440 -0.01927 
0.49898 0.91440 -0.02031 
0.50414 0.91440 -0.02135 
0.50930 0.91440 -0.02240 
0.51446 0.91440 -0.02346 
0.51962 0.91440 -0.02453 
0.52477 0.91440 -0.02561 
0.52859 0.91440 -0.02641 
0.53098 0.91440 -0.02692 
0.53247 0.91440 -0.02724 
0.53246 0.91440 -0.02738 
0.53245 0.91440 -0.02753 
0.53244 0.91440 -0.02768 
0.53243 0.91440 -0.02783 
0.53242 0.91440 -0.02798 

ZONE T="SLICE_Y_0p9144_BINS07_KS_0p5334mm_SINGLE_LAYER"
0.53242 0.91440 -0.02798 
0.53241 0.91440 -0.02813 
0.53240 0.91440 -0.02828 
0.53239 0.91440 -0.02843 
0.53238 0.91440 -0.02858 
0.53086 0.91440 -0.02868 
0.52843 0.91440 -0.02885 
0.52453 0.91440 -0.02911 
0.51931 0.91440 -0.02946 
0.51409 0.91440 -0.02980 
0.50887 0.91440 -0.03013 
0.50365 0.91440 -0.03045 
0.49843 0.91440 -0.03077 
0.49321 0.91440 -0.03107 
0.48799 0.91440 -0.03137 
0.48277 0.91440 -0.03166 
0.47754 0.91440 -0.03195 
0.47232 0.91440 -0.03223 
0.46710 0.91440 -0.03250 
0.46187 0.91440 -0.03276 
0.45665 0.91440 -0.03302 
0.45143 0.91440 -0.03327 
0.44620 0.91440 -0.03351 
0.44098 0.91440 -0.03374 
0.43575 0.91440 -0.03397 
0.43052 0.91440 -0.03420 
0.42530 0.91440 -0.03441 
0.42007 0.91440 -0.03462 
0.41484 0.91440 -0.03482 
0.40962 0.91440 -0.03502 
0.40439 0.91440 -0.03521 
0.39916 0.91440 -0.03539 
0.39394 0.91440 -0.03556 
0.38871 0.91440 -0.03573 
0.38348 0.91440 -0.03589 
0.37825 0.91440 -0.03605 
0.37302 0.91440 -0.03620 
0.36779 0.91440 -0.03634 
0.36257 0.91440 -0.03647 
0.35734 0.91440 -0.03660 
0.35211 0.91440 -0.03672 
0.34688 0.91440 -0.03683 
0.34165 0.91440 -0.03693 
0.33642 0.91440 -0.03703 
0.33119 0.91440 -0.03712 
0.32596 0.91440 -0.03720 
0.32073 0.91440 -0.03727 
0.31550 0.91440 -0.03733 
0.31027 0.91440 -0.03739 
0.30504 0.91440 -0.03743 
0.29981 0.91440 -0.03747 
0.29458 0.91440 -0.03750 
0.28935 0.91440 -0.03752 
0.28412 0.91440 -0.03753 
0.27889 0.91440 -0.03753 
0.27366 0.91440 -0.03752 
0.26843 0.91440 -0.03750 
0.26320 0.91440 -0.03746 
0.25797 0.91440 -0.03742 
0.25273 0.91440 -0.03736 
0.24750 0.91440 -0.03730 
0.24227 0.91440 -0.03722 
0.23705 0.91440 -0.03712 
0.23182 0.91440 -0.03702 
0.22659 0.91440 -0.03690 
0.22136 0.91440 -0.03677 
0.21613 0.91440 -0.03662 
0.21090 0.91440 -0.03646 
0.20567 0.91440 -0.03628 
0.20045 0.91440 -0.03608 
0.19522 0.91440 -0.03587 
0.19000 0.91440 -0.03564 
0.18477 0.91440 -0.03539 
0.17955 0.91440 -0.03513 
0.17432 0.91440 -0.03484 
0.16910 0.91440 -0.03454 
0.16388 0.91440 -0.03421 
0.15866 0.91440 -0.03386 
0.15345 0.91440 -0.03349 
0.14823 0.91440 -0.03309 
0.14302 0.91440 -0.03267 
0.13781 0.91440 -0.03223 
0.13258 0.91440 -0.03175 
0.12761 0.91440 -0.03127 
0.12288 0.91440 -0.03079 
0.11837 0.91440 -0.03030 
0.11408 0.91440 -0.02982 
0.11000 0.91440 -0.02934 
0.10611 0.91440 -0.02886 
0.10242 0.91440 -0.02838 
0.09890 0.91440 -0.02791 
0.09555 0.91440 -0.02745 
0.09231 0.91440 -0.02733 
0.08922 0.91440 -0.02726 
0.08631 0.91440 -0.02689 
0.08343 0.91440 -0.02654 
0.08055 0.91440 -0.02617 
0.07767 0.91440 -0.02580 
0.07478 0.91440 -0.02541 
0.07190 0.91440 -0.02501 
0.06902 0.91440 -0.02460 
0.06614 0.91440 -0.02417 
0.06326 0.91440 -0.02374 
0.06038 0.91440 -0.02329 
0.05750 0.91440 -0.02282 
0.05461 0.91440 -0.02235 
0.05173 0.91440 -0.02185 
0.04884 0.91440 -0.02138 
0.04593 0.91440 -0.02094 
0.04302 0.91440 -0.02049 
0.04009 0.91440 -0.02003 
0.03716 0.91440 -0.01956 
0.03422 0.91440 -0.01907 
0.03126 0.91440 -0.01858 
0.02829 0.91440 -0.01806 
0.02530 0.91440 -0.01753 
0.02227 0.91440 -0.01698 
0.01929 0.91440 -0.01621 
0.01573 0.91440 -0.01662 
0.01136 0.91440 -0.01834 
0.00744 0.91440 -0.01855 
0.00449 0.91440 -0.01656 
0.00174 0.91440 -0.01402 
-0.00094 0.91440 -0.01115 
-0.00322 0.91440 -0.00810 
-0.00501 0.91440 -0.00503 
-0.00648 0.91440 -0.00205 
-0.00823 0.91440 0.00063 
-0.01046 0.91440 0.00331 
-0.01264 0.91440 0.00652 
-0.01422 0.91440 0.01032 
-0.01522 0.91440 0.01461 
-0.01149 0.91440 0.01755 
-0.00614 0.91440 0.01852 
-0.00313 0.91440 0.01997 
-0.00012 0.91440 0.02101 
0.00320 0.91440 0.02145 
0.00650 0.91440 0.02182 
0.01007 0.91440 0.02166 
0.01325 0.91440 0.02173 
0.01594 0.91440 0.02279 
0.01866 0.91440 0.02374 
0.02142 0.91440 0.02459 
0.02420 0.91440 0.02536 
0.02700 0.91440 0.02606 
0.02981 0.91440 0.02670 
0.03263 0.91440 0.02729 
0.03547 0.91440 0.02782 
0.03831 0.91440 0.02831 
0.04116 0.91440 0.02876 
0.04401 0.91440 0.02918 
0.04687 0.91440 0.02956 
0.04974 0.91440 0.02991 
0.05260 0.91440 0.03023 
0.05547 0.91440 0.03052 
0.05835 0.91440 0.03078 
0.06122 0.91440 0.03103 
0.06410 0.91440 0.03124 
0.06697 0.91440 0.03144 
0.06985 0.91440 0.03162 
0.07273 0.91440 0.03178 
0.07562 0.91440 0.03191 
0.07850 0.91440 0.03203 
0.08138 0.91440 0.03214 
0.08426 0.91440 0.03223 
0.08715 0.91440 0.03230 
0.09003 0.91440 0.03235 
0.09283 0.91440 0.03239 
0.09576 0.91440 0.03242 
0.09885 0.91440 0.03244 
0.10208 0.91440 0.03244 
0.10548 0.91440 0.03242 
0.10905 0.91440 0.03239 
0.11280 0.91440 0.03233 
0.11673 0.91440 0.03225 
0.12086 0.91440 0.03215 
0.12519 0.91440 0.03202 
0.12975 0.91440 0.03185 
0.13452 0.91440 0.03166 
0.13954 0.91440 0.03143 
0.14480 0.91440 0.03116 
0.15006 0.91440 0.03086 
0.15532 0.91440 0.03054 
0.16058 0.91440 0.03019 
0.16583 0.91440 0.02981 
0.17108 0.91440 0.02942 
0.17633 0.91440 0.02900 
0.18158 0.91440 0.02856 
0.18683 0.91440 0.02811 
0.19207 0.91440 0.02763 
0.19732 0.91440 0.02713 
0.20256 0.91440 0.02662 
0.20780 0.91440 0.02609 
0.21304 0.91440 0.02554 
0.21827 0.91440 0.02498 
0.22351 0.91440 0.02440 
0.22874 0.91440 0.02380 
0.23397 0.91440 0.02320 
0.23920 0.91440 0.02257 
0.24443 0.91440 0.02194 
0.24966 0.91440 0.02129 
0.25489 0.91440 0.02063 
0.26011 0.91440 0.01995 
0.26533 0.91440 0.01927 
0.27055 0.91440 0.01857 
0.27577 0.91440 0.01786 
0.28099 0.91440 0.01715 
0.28621 0.91440 0.01642 
0.29142 0.91440 0.01568 
0.29663 0.91440 0.01493 
0.30185 0.91440 0.01417 
0.30706 0.91440 0.01340 
0.31227 0.91440 0.01262 
0.31747 0.91440 0.01184 
0.32268 0.91440 0.01104 
0.32789 0.91440 0.01024 
0.33309 0.91440 0.00943 
0.33829 0.91440 0.00861 
0.34349 0.91440 0.00778 
0.34870 0.91440 0.00695 
0.35389 0.91440 0.00611 
0.35909 0.91440 0.00526 
0.36429 0.91440 0.00440 
0.36948 0.91440 0.00354 
0.37468 0.91440 0.00266 
0.37987 0.91440 0.00179 
0.38506 0.91440 0.00090 
0.39026 0.91440 0.00001 
0.39544 0.91440 -0.00089 
0.40063 0.91440 -0.00180 
0.40582 0.91440 -0.00271 
0.41101 0.91440 -0.00363 
0.41619 0.91440 -0.00456 
0.42138 0.91440 -0.00549 
0.42656 0.91440 -0.00643 
0.43174 0.91440 -0.00738 
0.43692 0.91440 -0.00833 
0.44210 0.91440 -0.00929 
0.44728 0.91440 -0.01026 
0.45245 0.91440 -0.01123 
0.45763 0.91440 -0.01221 
0.46280 0.91440 -0.01320 
0.46797 0.91440 -0.01419 
0.47314 0.91440 -0.01519 
0.47831 0.91440 -0.01620 
0.48348 0.91440 -0.01722 
0.48865 0.91440 -0.01824 
0.49381 0.91440 -0.01927 
0.49898 0.91440 -0.02031 
0.50414 0.91440 -0.02135 
0.50930 0.91440 -0.02240 
0.51446 0.91440 -0.02346 
0.51962 0.91440 -0.02453 
0.52477 0.91440 -0.02561 
0.52859 0.91440 -0.02641 
0.53098 0.91440 -0.02692 
0.53247 0.91440 -0.02724 
0.53246 0.91440 -0.02738 
0.53245 0.91440 -0.02753 
0.53244 0.91440 -0.02768 
0.53243 0.91440 -0.02783 
0.53242 0.91440 -0.02798 

ZONE T="SLICE_Y_0p9144_BINS15_KS_0p5334mm_SINGLE_LAYER"
0.53242 0.91440 -0.02798 
0.53241 0.91440 -0.02813 
0.53240 0.91440 -0.02828 
0.53239 0.91440 -0.02843 
0.53238 0.91440 -0.02858 
0.53086 0.91440 -0.02868 
0.52843 0.91440 -0.02885 
0.52453 0.91440 -0.02911 
0.51931 0.91440 -0.02946 
0.51409 0.91440 -0.02980 
0.50887 0.91440 -0.03013 
0.50365 0.91440 -0.03045 
0.49843 0.91440 -0.03077 
0.49321 0.91440 -0.03107 
0.48799 0.91440 -0.03137 
0.48277 0.91440 -0.03166 
0.47754 0.91440 -0.03195 
0.47232 0.91440 -0.03223 
0.46710 0.91440 -0.03250 
0.46187 0.91440 -0.03276 
0.45665 0.91440 -0.03302 
0.45143 0.91440 -0.03327 
0.44620 0.91440 -0.03351 
0.44098 0.91440 -0.03374 
0.43575 0.91440 -0.03397 
0.43052 0.91440 -0.03420 
0.42530 0.91440 -0.03441 
0.42007 0.91440 -0.03462 
0.41484 0.91440 -0.03482 
0.40962 0.91440 -0.03502 
0.40439 0.91440 -0.03521 
0.39916 0.91440 -0.03539 
0.39394 0.91440 -0.03556 
0.38871 0.91440 -0.03573 
0.38348 0.91440 -0.03589 
0.37825 0.91440 -0.03605 
0.37302 0.91440 -0.03620 
0.36779 0.91440 -0.03634 
0.36257 0.91440 -0.03647 
0.35734 0.91440 -0.03660 
0.35211 0.91440 -0.03672 
0.34688 0.91440 -0.03683 
0.34165 0.91440 -0.03693 
0.33642 0.91440 -0.03703 
0.33119 0.91440 -0.03712 
0.32596 0.91440 -0.03720 
0.32073 0.91440 -0.03727 
0.31550 0.91440 -0.03733 
0.31027 0.91440 -0.03739 
0.30504 0.91440 -0.03743 
0.29981 0.91440 -0.03747 
0.29458 0.91440 -0.03750 
0.28935 0.91440 -0.03752 
0.28412 0.91440 -0.03753 
0.27889 0.91440 -0.03753 
0.27366 0.91440 -0.03752 
0.26843 0.91440 -0.03750 
0.26320 0.91440 -0.03746 
0.25797 0.91440 -0.03742 
0.25273 0.91440 -0.03736 
0.24750 0.91440 -0.03730 
0.24227 0.91440 -0.03722 
0.23705 0.91440 -0.03712 
0.23182 0.91440 -0.03702 
0.22659 0.91440 -0.03690 
0.22136 0.91440 -0.03677 
0.21613 0.91440 -0.03662 
0.21090 0.91440 -0.03646 
0.20567 0.91440 -0.03628 
0.20045 0.91440 -0.03608 
0.19522 0.91440 -0.03587 
0.19000 0.91440 -0.03564 
0.18477 0.91440 -0.03539 
0.17955 0.91440 -0.03513 
0.17432 0.91440 -0.03484 
0.16910 0.91440 -0.03454 
0.16388 0.91440 -0.03421 
0.15866 0.91440 -0.03386 
0.15345 0.91440 -0.03349 
0.14823 0.91440 -0.03309 
0.14302 0.91440 -0.03267 
0.13781 0.91440 -0.03223 
0.13258 0.91440 -0.03175 
0.12761 0.91440 -0.03127 
0.12288 0.91440 -0.03079 
0.11837 0.91440 -0.03030 
0.11408 0.91440 -0.02982 
0.11000 0.91440 -0.02934 
0.10611 0.91440 -0.02886 
0.10242 0.91440 -0.02838 
0.09890 0.91440 -0.02791 
0.09555 0.91440 -0.02745 
0.09231 0.91440 -0.02736 
0.08921 0.91440 -0.02732 
0.08631 0.91440 -0.02695 
0.08343 0.91440 -0.02657 
0.08055 0.91440 -0.02619 
0.07766 0.91440 -0.02581 
0.07478 0.91440 -0.02541 
0.07191 0.91440 -0.02500 
0.06903 0.91440 -0.02457 
0.06615 0.91440 -0.02415 
0.06326 0.91440 -0.02372 
0.06038 0.91440 -0.02328 
0.05749 0.91440 -0.02284 
0.05461 0.91440 -0.02237 
0.05172 0.91440 -0.02190 
0.04882 0.91440 -0.02143 
0.04592 0.91440 -0.02097 
0.04301 0.91440 -0.02050 
0.04010 0.91440 -0.02001 
0.03718 0.91440 -0.01952 
0.03424 0.91440 -0.01901 
0.03129 0.91440 -0.01849 
0.02831 0.91440 -0.01800 
0.02530 0.91440 -0.01751 
0.02226 0.91440 -0.01701 
0.01924 0.91440 -0.01633 
0.01577 0.91440 -0.01653 
0.01146 0.91440 -0.01813 
0.00747 0.91440 -0.01850 
0.00450 0.91440 -0.01655 
0.00174 0.91440 -0.01402 
-0.00093 0.91440 -0.01114 
-0.00321 0.91440 -0.00810 
-0.00501 0.91440 -0.00503 
-0.00647 0.91440 -0.00205 
-0.00823 0.91440 0.00063 
-0.01046 0.91440 0.00331 
-0.01263 0.91440 0.00652 
-0.01423 0.91440 0.01032 
-0.01519 0.91440 0.01460 
-0.01139 0.91440 0.01751 
-0.00617 0.91440 0.01854 
-0.00318 0.91440 0.02001 
-0.00008 0.91440 0.02097 
0.00318 0.91440 0.02148 
0.00649 0.91440 0.02184 
0.01008 0.91440 0.02164 
0.01325 0.91440 0.02173 
0.01594 0.91440 0.02279 
0.01866 0.91440 0.02374 
0.02142 0.91440 0.02459 
0.02420 0.91440 0.02536 
0.02700 0.91440 0.02606 
0.02981 0.91440 0.02670 
0.03263 0.91440 0.02729 
0.03547 0.91440 0.02782 
0.03831 0.91440 0.02831 
0.04116 0.91440 0.02876 
0.04401 0.91440 0.02918 
0.04687 0.91440 0.02956 
0.04974 0.91440 0.02991 
0.05260 0.91440 0.03023 
0.05547 0.91440 0.03052 
0.05835 0.91440 0.03078 
0.06122 0.91440 0.03103 
0.06410 0.91440 0.03124 
0.06697 0.91440 0.03144 
0.06985 0.91440 0.03162 
0.07273 0.91440 0.03178 
0.07562 0.91440 0.03191 
0.07850 0.91440 0.03203 
0.08138 0.91440 0.03214 
0.08426 0.91440 0.03223 
0.08715 0.91440 0.03230 
0.09003 0.91440 0.03235 
0.09283 0.91440 0.03239 
0.09576 0.91440 0.03242 
0.09885 0.91440 0.03244 
0.10208 0.91440 0.03244 
0.10548 0.91440 0.03242 
0.10905 0.91440 0.03239 
0.11280 0.91440 0.03233 
0.11673 0.91440 0.03225 
0.12086 0.91440 0.03215 
0.12519 0.91440 0.03202 
0.12975 0.91440 0.03185 
0.13452 0.91440 0.03166 
0.13954 0.91440 0.03143 
0.14480 0.91440 0.03116 
0.15006 0.91440 0.03086 
0.15532 0.91440 0.03054 
0.16058 0.91440 0.03019 
0.16583 0.91440 0.02981 
0.17108 0.91440 0.02942 
0.17633 0.91440 0.02900 
0.18158 0.91440 0.02856 
0.18683 0.91440 0.02811 
0.19207 0.91440 0.02763 
0.19732 0.91440 0.02713 
0.20256 0.91440 0.02662 
0.20780 0.91440 0.02609 
0.21304 0.91440 0.02554 
0.21827 0.91440 0.02498 
0.22351 0.91440 0.02440 
0.22874 0.91440 0.02380 
0.23397 0.91440 0.02320 
0.23920 0.91440 0.02257 
0.24443 0.91440 0.02194 
0.24966 0.91440 0.02129 
0.25489 0.91440 0.02063 
0.26011 0.91440 0.01995 
0.26533 0.91440 0.01927 
0.27055 0.91440 0.01857 
0.27577 0.91440 0.01786 
0.28099 0.91440 0.01715 
0.28621 0.91440 0.01642 
0.29142 0.91440 0.01568 
0.29663 0.91440 0.01493 
0.30185 0.91440 0.01417 
0.30706 0.91440 0.01340 
0.31227 0.91440 0.01262 
0.31747 0.91440 0.01184 
0.32268 0.91440 0.01104 
0.32789 0.91440 0.01024 
0.33309 0.91440 0.00943 
0.33829 0.91440 0.00861 
0.34349 0.91440 0.00778 
0.34870 0.91440 0.00695 
0.35389 0.91440 0.00611 
0.35909 0.91440 0.00526 
0.36429 0.91440 0.00440 
0.36948 0.91440 0.00354 
0.37468 0.91440 0.00266 
0.37987 0.91440 0.00179 
0.38506 0.91440 0.00090 
0.39026 0.91440 0.00001 
0.39544 0.91440 -0.00089 
0.40063 0.91440 -0.00180 
0.40582 0.91440 -0.00271 
0.41101 0.91440 -0.00363 
0.41619 0.91440 -0.00456 
0.42138 0.91440 -0.00549 
0.42656 0.91440 -0.00643 
0.43174 0.91440 -0.00738 
0.43692 0.91440 -0.00833 
0.44210 0.91440 -0.00929 
0.44728 0.91440 -0.01026 
0.45245 0.91440 -0.01123 
0.45763 0.91440 -0.01221 
0.46280 0.91440 -0.01320 
0.46797 0.91440 -0.01419 
0.47314 0.91440 -0.01519 
0.47831 0.91440 -0.01620 
0.48348 0.91440 -0.01722 
0.48865 0.91440 -0.01824 
0.49381 0.91440 -0.01927 
0.49898 0.91440 -0.02031 
0.50414 0.91440 -0.02135 
0.50930 0.91440 -0.02240 
0.51446 0.91440 -0.02346 
0.51962 0.91440 -0.02453 
0.52477 0.91440 -0.02561 
0.52859 0.91440 -0.02641 
0.53098 0.91440 -0.02692 
0.53247 0.91440 -0.02724 
0.53246 0.91440 -0.02738 
0.53245 0.91440 -0.02753 
0.53244 0.91440 -0.02768 
0.53243 0.91440 -0.02783 
0.53242 0.91440 -0.02798 



