TITLE = "TC_NACA0012_3932_L3_finalIceShape_V1 | NACA0012 coordinates rotated +4 degrees about X=0.13335 m"
AUXDATA NUM_LAYERS = "insert the number of total ice layers"
VARIABLES = "X_ICED" "Y_ICED" "Z_ICED"

ZONE T="SLICE_Y_0p9144_BINS01_KS_0p5334mm_SINGLE_LAYER"
0.533399671673 0.9144 -7.41261492018e-05
0.533400159503 0.9144 -0.000224458321478
0.533400647334 0.9144 -0.000374790493755
0.533401135164 0.9144 -0.000525122666031
0.533401622995 0.9144 -0.000675454838307
0.531892301286 0.9144 -0.000881241083425
0.529480079244 0.9144 -0.00122033520317
0.525607716131 0.9144 -0.00175175210384
0.520424846555 0.9144 -0.00246502831437
0.515241279414 0.9144 -0.0031683288844
0.510057014707 0.9144 -0.00386165381393
0.504872052437 0.9144 -0.00454500310296
0.499687090166 0.9144 -0.00522835239199
0.494500732766 0.9144 -0.00589175040001
0.489314375365 0.9144 -0.00655514840803
0.484127320401 0.9144 -0.00720857077555
0.478930289795 0.9144 -0.00786269070781
0.473742537265 0.9144 -0.00850613743483
0.468554087171 0.9144 -0.00913960852134
0.463354963871 0.9144 -0.00976380153209
0.458165816212 0.9144 -0.0103872969781
0.452975970988 0.9144 -0.0110008167836
0.447775452559 0.9144 -0.0116050585134
0.442584212206 0.9144 -0.0121986270379
0.437382996212 0.9144 -0.0127928931271
0.432181780218 0.9144 -0.0133871592163
0.426989144735 0.9144 -0.0139607764598
0.421786533612 0.9144 -0.0145350912681
0.416583224923 0.9144 -0.0150994304358
0.411389891876 0.9144 -0.0156630720388
0.406185885623 0.9144 -0.016217435566
0.400981181805 0.9144 -0.0167618234528
0.395785756064 0.9144 -0.0172955381343
0.390580354681 0.9144 -0.0178299503805
0.385374255734 0.9144 -0.0183543869862
0.380168156787 0.9144 -0.0188788235919
0.374961360275 0.9144 -0.0193932845572
0.369753866199 0.9144 -0.0198977698819
0.364555650198 0.9144 -0.0203915820013
0.359347458557 0.9144 -0.0208860916856
0.354138569351 0.9144 -0.0213706257293
0.34892898258 0.9144 -0.0218451841325
0.343718698244 0.9144 -0.0223097668952
0.338508413909 0.9144 -0.0227743496579
0.333297432009 0.9144 -0.0232289567801
0.328085752544 0.9144 -0.0236735882618
0.322873375514 0.9144 -0.024108244103
0.31766030092 0.9144 -0.0245329243037
0.312447226325 0.9144 -0.0249576045044
0.307232756601 0.9144 -0.0253623334241
0.302018286877 0.9144 -0.0257670623438
0.296803119589 0.9144 -0.026161815623
0.291587254735 0.9144 -0.0265465932617
0.286370692317 0.9144 -0.0269213952598
0.281153432334 0.9144 -0.0272862216175
0.275935474787 0.9144 -0.0276410723347
0.270716819675 0.9144 -0.0279859474114
0.265496769433 0.9144 -0.0283108712071
0.260276719191 0.9144 -0.0286357950027
0.255045298179 0.9144 -0.0289414650821
0.249823852808 0.9144 -0.0292464375968
0.244601012307 0.9144 -0.0295314588305
0.239386752317 0.9144 -0.0297958312184
0.234162516687 0.9144 -0.030060901171
0.228936885927 0.9144 -0.0303060198427
0.223710557603 0.9144 -0.0305411628738
0.218482834149 0.9144 -0.030756354624
0.21325441313 0.9144 -0.0309615707336
0.208024596982 0.9144 -0.0311468355623
0.202803361345 0.9144 -0.0313114515451
0.197571452503 0.9144 -0.0314667894523
0.192348124171 0.9144 -0.0316014785137
0.18711342507 0.9144 -0.0317169138588
0.181888004045 0.9144 -0.0318216759986
0.176650514684 0.9144 -0.0318972087818
0.1714223034 0.9144 -0.0319620683596
0.166191999421 0.9144 -0.031997001016
0.160960300313 0.9144 -0.0320119823913
0.155737181716 0.9144 -0.0320063149209
0.150501994784 0.9144 -0.0319714180938
0.145275388363 0.9144 -0.0319158724209
0.140047386813 0.9144 -0.031840375467
0.134796643723 0.9144 -0.0317263710805
0.129805267285 0.9144 -0.0315942300109
0.12505330622 0.9144 -0.0314453473876
0.120520111682 0.9144 -0.0312711426996
0.116207078799 0.9144 -0.0310915672278
0.112103534366 0.9144 -0.0308973428965
0.108189527103 0.9144 -0.0306898648353
0.10447503265 0.9144 -0.0304684354793
0.100930821651 0.9144 -0.0302451231632
0.0975568941045 0.9144 -0.0300199278872
0.0943425768062 0.9144 -0.0297835715753
0.091287869756 0.9144 -0.0295360542276
0.0883742168023 0.9144 -0.0292987222546
0.0854890956406 0.9144 -0.0290393463064
0.0826032769142 0.9144 -0.0287699947177
0.0797160630583 0.9144 -0.028480691848
0.0768381272782 0.9144 -0.028180715773
0.0739587963686 0.9144 -0.027860788417
0.0710780703296 0.9144 -0.0275209097801
0.0681959491611 0.9144 -0.0271610798621
0.0653231060683 0.9144 -0.0267905767389
0.0624581459218 0.9144 -0.0263894491294
0.0595818150053 0.9144 -0.0259690678037
0.0566470937375 0.9144 -0.0260038683832
0.0536643772273 0.9144 -0.0262124402397
0.0507319583879 0.9144 -0.026136811209
0.0477788907027 0.9144 -0.0260526016672
0.0448158473771 0.9144 -0.0259690896902
0.0418428284109 0.9144 -0.0258862752779
0.0388498581637 0.9144 -0.0258048559951
0.0358376342003 0.9144 -0.0257348074822
0.0328054589559 0.9144 -0.0256661540989
0.0297426592252 0.9144 -0.0255896177692
0.0266320739862 0.9144 -0.0255464961848
0.0236527085752 0.9144 -0.0249428557721
0.0197596919691 0.9144 -0.026899184401
0.0153803081311 0.9144 -0.0296413545634
0.0119017412266 0.9144 -0.0293533054512
0.00886768766971 0.9144 -0.0276808763753
0.00588044396 0.9144 -0.0256743682096
0.0029307320217 0.9144 -0.0233444541595
6.49422336508e-05 0.9144 -0.0206377681986
-0.00243363181584 0.9144 -0.0177349888892
-0.00443481896967 0.9144 -0.0147773800619
-0.00611050754479 0.9144 -0.0118872299275
-0.00804458711185 0.9144 -0.00931588082089
-0.0104482193473 0.9144 -0.0067673416164
-0.0128475248223 0.9144 -0.00370725448733
-0.0146203162679 0.9144 -1.89209068895e-06
-0.0162725610907 0.9144 0.00427326720989
-0.0148274060424 0.9144 0.00826379685974
-0.00878000219386 0.9144 0.00965904117255
-0.00404254861625 0.9144 0.0102910487674
-0.000809392422511 0.9144 0.0112188424012
0.00362739216298 0.9144 0.0104163820957
0.00705859302752 0.9144 0.0103756313018
0.00949614178141 0.9144 0.0119294511345
0.0120267493893 0.9144 0.0132993143155
0.0146362548224 0.9144 0.0145443771231
0.017283360389 0.9144 0.0156818005795
0.019977344165 0.9144 0.0167222578897
0.02269685974 0.9144 0.0176843052054
0.0254412095491 0.9144 0.0185779181671
0.0281997203871 0.9144 0.0194123748505
0.0309716946894 0.9144 0.0201976508961
0.033767805661 0.9144 0.0209244682282
0.0365667068916 0.9144 0.0216113829982
0.0393783740217 0.9144 0.022259092771
0.0421921338459 0.9144 0.0228768756223
0.0450186595697 0.9144 0.0234554534763
0.0478572536281 0.9144 0.0240048019735
0.0506879647402 0.9144 0.0245235259845
0.0535307441871 0.9144 0.0250130206387
0.0563855919687 0.9144 0.0254732859362
0.0592311616745 0.9144 0.0259228780284
0.0620894972797 0.9144 0.0263332651233
0.0649385548092 0.9144 0.026732979013
0.0677989831087 0.9144 0.0271134391865
0.0706608065377 0.9144 0.0274739480789
0.0735346983013 0.9144 0.0278052276145
0.0763993119892 0.9144 0.028125833945
0.0792646232419 0.9144 0.0284364646349
0.082131329624 0.9144 0.0287271440438
0.0850094067761 0.9144 0.0289985697364
0.0878789034171 0.9144 0.0292493465833
0.0906692924989 0.9144 0.0294845672718
0.0935900624719 0.9144 0.0297188806614
0.0966711402578 0.9144 0.0299543794463
0.0998932721401 0.9144 0.0301796928564
0.10328638504 0.9144 0.0303969135862
0.106849781394 0.9144 0.0306160172759
0.110594831971 0.9144 0.0308177502095
0.114520839206 0.9144 0.0310120880273
0.118647754381 0.9144 0.0312004258588
0.122976275061 0.9144 0.0313727880636
0.12753702573 0.9144 0.0315212916953
0.13230865998 0.9144 0.0316644929055
0.137332475501 0.9144 0.0317852306721
0.142598496654 0.9144 0.0318828074305
0.1478666105 0.9144 0.0319504572673
0.153136119476 0.9144 0.0319981558231
0.158407721146 0.9144 0.0320159274574
0.16367143987 0.9144 0.0320030746055
0.168935856159 0.9144 0.031980246113
0.174202365142 0.9144 0.0319274906991
0.179470269254 0.9144 0.0318547840041
0.184738870931 0.9144 0.0317721016686
0.189999589662 0.9144 0.0316587948469
0.195271679162 0.9144 0.031526234309
0.200534490587 0.9144 0.0313830005657
0.205798697142 0.9144 0.0312198155415
0.211064298826 0.9144 0.0310366792363
0.216320622434 0.9144 0.0308428697258
0.221588316812 0.9144 0.0306298064991
0.226847430679 0.9144 0.0303960944266
0.232106544546 0.9144 0.0301623823542
0.237367751108 0.9144 0.0298987433602
0.242628957669 0.9144 0.0296351043662
0.24789155936 0.9144 0.0293515140912
0.253154858615 0.9144 0.0290579481757
0.25840957736 0.9144 0.0287437334145
0.263664296104 0.9144 0.0284295186533
0.268920409978 0.9144 0.028095352611
0.274177221417 0.9144 0.0277512109283
0.279434032856 0.9144 0.0274070692455
0.284692239424 0.9144 0.0270429762818
0.289941167916 0.9144 0.0266682101128
0.295190793973 0.9144 0.0262834683033
0.300451093236 0.9144 0.0258894484181
0.305702114422 0.9144 0.0254847553276
0.310953833174 0.9144 0.0250700865966
0.316195576285 0.9144 0.0246547203008
0.321448690166 0.9144 0.0242201002888
0.326701804046 0.9144 0.0237854802768
0.331945639851 0.9144 0.0233401870596
0.337190173221 0.9144 0.0228849182019
0.342435404156 0.9144 0.0224196737036
0.347690610731 0.9144 0.0219551267701
0.35292656359 0.9144 0.0214792090666
0.358173189654 0.9144 0.0209940132874
0.363420513283 0.9144 0.0204988418676
0.368657861271 0.9144 0.0200029728831
0.373906580029 0.9144 0.0194878501824
0.379144625582 0.9144 0.0189820055574
0.384384066265 0.9144 0.0184562096514
0.389633482588 0.9144 0.0179311113101
0.394863645194 0.9144 0.0173946421989
0.400104481006 0.9144 0.0168488950119
0.405345316818 0.9144 0.0163031478249
0.410586850195 0.9144 0.0157474249974
0.415819105496 0.9144 0.0151810289646
0.421061336437 0.9144 0.0146153304966
0.426294289303 0.9144 0.0140389588233
0.431527939733 0.9144 0.0134526115096
0.436761590164 0.9144 0.0128662641958
0.441995938159 0.9144 0.0122699412416
0.447230983719 0.9144 0.0116636426468
0.452456053638 0.9144 0.0110566464873
0.457691796763 0.9144 0.0104403722521
0.462918261812 0.9144 0.00981342481157
0.46814472686 0.9144 0.00918647737107
0.473371889474 0.9144 0.00854955429007
0.478599749652 0.9144 0.00790265556856
0.483828307395 0.9144 0.00724578120656
0.489056865138 0.9144 0.00658890684455
0.494276144806 0.9144 0.0059213592773
0.499506097678 0.9144 0.00524453363429
0.50472607491 0.9144 0.00456701042654
0.509946749707 0.9144 0.00387951157828
0.515168122069 0.9144 0.00318203708953
0.520390191995 0.9144 0.00247458696027
0.525602983845 0.9144 0.00175646362577
0.529469483696 0.9144 0.00122488211527
0.531889237578 0.9144 0.000882842421882
0.533397930084 0.9144 0.000667559071678
0.53339772035 0.9144 0.000527202539904
0.533398208181 0.9144 0.000376870367627
0.533398696011 0.9144 0.000226538195351
0.533399183842 0.9144 7.62060230746e-05
0.533399671673 0.9144 -7.41261492018e-05

ZONE T="SLICE_Y_0p9144_BINS03_KS_0p5334mm_SINGLE_LAYER"
0.533399671673 0.9144 -7.41261492018e-05
0.533400159503 0.9144 -0.000224458321478
0.533400647334 0.9144 -0.000374790493755
0.533401135164 0.9144 -0.000525122666031
0.533401622995 0.9144 -0.000675454838307
0.531892301286 0.9144 -0.000881241083425
0.529480079244 0.9144 -0.00122033520317
0.525607716131 0.9144 -0.00175175210384
0.520424846555 0.9144 -0.00246502831437
0.515241279414 0.9144 -0.0031683288844
0.510057014707 0.9144 -0.00386165381393
0.504872052437 0.9144 -0.00454500310296
0.499687090166 0.9144 -0.00522835239199
0.494500732766 0.9144 -0.00589175040001
0.489314375365 0.9144 -0.00655514840803
0.484127320401 0.9144 -0.00720857077555
0.478930289795 0.9144 -0.00786269070781
0.473742537265 0.9144 -0.00850613743483
0.468554087171 0.9144 -0.00913960852134
0.463354963871 0.9144 -0.00976380153209
0.458165816212 0.9144 -0.0103872969781
0.452975970988 0.9144 -0.0110008167836
0.447775452559 0.9144 -0.0116050585134
0.442584212206 0.9144 -0.0121986270379
0.437382996212 0.9144 -0.0127928931271
0.432181780218 0.9144 -0.0133871592163
0.426989144735 0.9144 -0.0139607764598
0.421786533612 0.9144 -0.0145350912681
0.416583224923 0.9144 -0.0150994304358
0.411389891876 0.9144 -0.0156630720388
0.406185885623 0.9144 -0.016217435566
0.400981181805 0.9144 -0.0167618234528
0.395785756064 0.9144 -0.0172955381343
0.390580354681 0.9144 -0.0178299503805
0.385374255734 0.9144 -0.0183543869862
0.380168156787 0.9144 -0.0188788235919
0.374961360275 0.9144 -0.0193932845572
0.369753866199 0.9144 -0.0198977698819
0.364555650198 0.9144 -0.0203915820013
0.359347458557 0.9144 -0.0208860916856
0.354138569351 0.9144 -0.0213706257293
0.34892898258 0.9144 -0.0218451841325
0.343718698244 0.9144 -0.0223097668952
0.338508413909 0.9144 -0.0227743496579
0.333297432009 0.9144 -0.0232289567801
0.328085752544 0.9144 -0.0236735882618
0.322873375514 0.9144 -0.024108244103
0.31766030092 0.9144 -0.0245329243037
0.312447226325 0.9144 -0.0249576045044
0.307232756601 0.9144 -0.0253623334241
0.302018286877 0.9144 -0.0257670623438
0.296803119589 0.9144 -0.026161815623
0.291587254735 0.9144 -0.0265465932617
0.286370692317 0.9144 -0.0269213952598
0.281153432334 0.9144 -0.0272862216175
0.275935474787 0.9144 -0.0276410723347
0.270716819675 0.9144 -0.0279859474114
0.265496769433 0.9144 -0.0283108712071
0.260276719191 0.9144 -0.0286357950027
0.255045298179 0.9144 -0.0289414650821
0.249823852808 0.9144 -0.0292464375968
0.244601012307 0.9144 -0.0295314588305
0.239386752317 0.9144 -0.0297958312184
0.234162516687 0.9144 -0.030060901171
0.228936885927 0.9144 -0.0303060198427
0.223710557603 0.9144 -0.0305411628738
0.218482834149 0.9144 -0.030756354624
0.21325441313 0.9144 -0.0309615707336
0.208024596982 0.9144 -0.0311468355623
0.202803361345 0.9144 -0.0313114515451
0.197571452503 0.9144 -0.0314667894523
0.192348124171 0.9144 -0.0316014785137
0.18711342507 0.9144 -0.0317169138588
0.181888004045 0.9144 -0.0318216759986
0.176650514684 0.9144 -0.0318972087818
0.1714223034 0.9144 -0.0319620683596
0.166191999421 0.9144 -0.031997001016
0.160960300313 0.9144 -0.0320119823913
0.155737181716 0.9144 -0.0320063149209
0.150501994784 0.9144 -0.0319714180938
0.145275388363 0.9144 -0.0319158724209
0.140047386813 0.9144 -0.031840375467
0.134796643723 0.9144 -0.0317263710805
0.129805267285 0.9144 -0.0315942300109
0.12505330622 0.9144 -0.0314453473876
0.120520111682 0.9144 -0.0312711426996
0.116207078799 0.9144 -0.0310915672278
0.112103534366 0.9144 -0.0308973428965
0.108189527103 0.9144 -0.0306898648353
0.10447503265 0.9144 -0.0304684354793
0.100930821651 0.9144 -0.0302451231632
0.0975568941045 0.9144 -0.0300199278872
0.09431571824 0.9144 -0.0301162555356
0.0912283623716 0.9144 -0.0302619735559
0.088308221601 0.9144 -0.0300752173502
0.0854073345468 0.9144 -0.0298770903744
0.0825157255683 0.9144 -0.0296682901935
0.0796227214604 0.9144 -0.0294395387315
0.0767290197877 0.9144 -0.029200811629
0.0738246449097 0.9144 -0.0289528064508
0.0709388261833 0.9144 -0.0286834548621
0.0680423342517 0.9144 -0.0284048251976
0.0651444471906 0.9144 -0.0281062442521
0.0622551406405 0.9144 -0.0277870144609
0.0593651365257 0.9144 -0.0274578090292
0.0564730397166 0.9144 -0.0270986766759
0.0535586891982 0.9144 -0.0268513690624
0.0506213874056 0.9144 -0.0267059105482
0.0476819929188 0.9144 -0.0265305251124
0.0447432959968 0.9144 -0.0263651153172
0.0417739745885 0.9144 -0.0261918225756
0.0388046531802 0.9144 -0.0260185298341
0.0358146829262 0.9144 -0.0258366565815
0.0328047613911 0.9144 -0.0256561784584
0.0297741910104 0.9144 -0.0254671198242
0.0267129961433 0.9144 -0.0252701782438
0.0236019230738 0.9144 -0.0250767244871
0.0206070015044 0.9144 -0.0243939765151
0.0167552142275 0.9144 -0.0259364209303
0.0123894352257 0.9144 -0.0281563699628
0.0089277512469 0.9144 -0.0275363344551
0.00595118074243 0.9144 -0.0255391043652
0.00301214200938 0.9144 -0.0232184683908
0.000137771710297 0.9144 -0.0205324312757
-0.00234943156921 0.9144 -0.0176489056826
-0.00435989679881 0.9144 -0.0147019700605
-0.00602421460395 0.9144 -0.0118310736424
-0.00796757224678 0.9144 -0.00927039774098
-0.0103698093527 0.9144 -0.0067418098175
-0.0127783929035 0.9144 -0.00369239589366
-0.0145704380654 0.9144 1.59573299826e-06
-0.0160702580217 0.9144 0.00424731594263
-0.0131831715951 0.9144 0.00768708802305
-0.00777978925663 0.9144 0.00911749331668
-0.00431726169354 0.9144 0.0104923761753
-0.00108898845296 0.9144 0.0114899992926
0.00258902289937 0.9144 0.0116469467109
0.00581087668532 0.9144 0.0121629488252
0.00902994021233 0.9144 0.0127188535014
0.0120267493893 0.9144 0.0132993143155
0.0146362548224 0.9144 0.0145443771231
0.017283360389 0.9144 0.0156818005795
0.019977344165 0.9144 0.0167222578897
0.02269685974 0.9144 0.0176843052054
0.0254412095491 0.9144 0.0185779181671
0.0281997203871 0.9144 0.0194123748505
0.0309716946894 0.9144 0.0201976508961
0.033767805661 0.9144 0.0209244682282
0.0365667068916 0.9144 0.0216113829982
0.0393783740217 0.9144 0.022259092771
0.0421921338459 0.9144 0.0228768756223
0.0450186595697 0.9144 0.0234554534763
0.0478572536281 0.9144 0.0240048019735
0.0506879647402 0.9144 0.0245235259845
0.0535307441871 0.9144 0.0250130206387
0.0563855919687 0.9144 0.0254732859362
0.0592311616745 0.9144 0.0259228780284
0.0620894972797 0.9144 0.0263332651233
0.0649385548092 0.9144 0.026732979013
0.0677989831087 0.9144 0.0271134391865
0.0706608065377 0.9144 0.0274739480789
0.0735346983013 0.9144 0.0278052276145
0.0763993119892 0.9144 0.028125833945
0.0792646232419 0.9144 0.0284364646349
0.082131329624 0.9144 0.0287271440438
0.0850094067761 0.9144 0.0289985697364
0.0878789034171 0.9144 0.0292493465833
0.0906692924989 0.9144 0.0294845672718
0.0935900624719 0.9144 0.0297188806614
0.0966711402578 0.9144 0.0299543794463
0.0998932721401 0.9144 0.0301796928564
0.10328638504 0.9144 0.0303969135862
0.106849781394 0.9144 0.0306160172759
0.110594831971 0.9144 0.0308177502095
0.114520839206 0.9144 0.0310120880273
0.118647754381 0.9144 0.0312004258588
0.122976275061 0.9144 0.0313727880636
0.12753702573 0.9144 0.0315212916953
0.13230865998 0.9144 0.0316644929055
0.137332475501 0.9144 0.0317852306721
0.142598496654 0.9144 0.0318828074305
0.1478666105 0.9144 0.0319504572673
0.153136119476 0.9144 0.0319981558231
0.158407721146 0.9144 0.0320159274574
0.16367143987 0.9144 0.0320030746055
0.168935856159 0.9144 0.031980246113
0.174202365142 0.9144 0.0319274906991
0.179470269254 0.9144 0.0318547840041
0.184738870931 0.9144 0.0317721016686
0.189999589662 0.9144 0.0316587948469
0.195271679162 0.9144 0.031526234309
0.200534490587 0.9144 0.0313830005657
0.205798697142 0.9144 0.0312198155415
0.211064298826 0.9144 0.0310366792363
0.216320622434 0.9144 0.0308428697258
0.221588316812 0.9144 0.0306298064991
0.226847430679 0.9144 0.0303960944266
0.232106544546 0.9144 0.0301623823542
0.237367751108 0.9144 0.0298987433602
0.242628957669 0.9144 0.0296351043662
0.24789155936 0.9144 0.0293515140912
0.253154858615 0.9144 0.0290579481757
0.25840957736 0.9144 0.0287437334145
0.263664296104 0.9144 0.0284295186533
0.268920409978 0.9144 0.028095352611
0.274177221417 0.9144 0.0277512109283
0.279434032856 0.9144 0.0274070692455
0.284692239424 0.9144 0.0270429762818
0.289941167916 0.9144 0.0266682101128
0.295190793973 0.9144 0.0262834683033
0.300451093236 0.9144 0.0258894484181
0.305702114422 0.9144 0.0254847553276
0.310953833174 0.9144 0.0250700865966
0.316195576285 0.9144 0.0246547203008
0.321448690166 0.9144 0.0242201002888
0.326701804046 0.9144 0.0237854802768
0.331945639851 0.9144 0.0233401870596
0.337190173221 0.9144 0.0228849182019
0.342435404156 0.9144 0.0224196737036
0.347690610731 0.9144 0.0219551267701
0.35292656359 0.9144 0.0214792090666
0.358173189654 0.9144 0.0209940132874
0.363420513283 0.9144 0.0204988418676
0.368657861271 0.9144 0.0200029728831
0.373906580029 0.9144 0.0194878501824
0.379144625582 0.9144 0.0189820055574
0.384384066265 0.9144 0.0184562096514
0.389633482588 0.9144 0.0179311113101
0.394863645194 0.9144 0.0173946421989
0.400104481006 0.9144 0.0168488950119
0.405345316818 0.9144 0.0163031478249
0.410586850195 0.9144 0.0157474249974
0.415819105496 0.9144 0.0151810289646
0.421061336437 0.9144 0.0146153304966
0.426294289303 0.9144 0.0140389588233
0.431527939733 0.9144 0.0134526115096
0.436761590164 0.9144 0.0128662641958
0.441995938159 0.9144 0.0122699412416
0.447230983719 0.9144 0.0116636426468
0.452456053638 0.9144 0.0110566464873
0.457691796763 0.9144 0.0104403722521
0.462918261812 0.9144 0.00981342481157
0.46814472686 0.9144 0.00918647737107
0.473371889474 0.9144 0.00854955429007
0.478599749652 0.9144 0.00790265556856
0.483828307395 0.9144 0.00724578120656
0.489056865138 0.9144 0.00658890684455
0.494276144806 0.9144 0.0059213592773
0.499506097678 0.9144 0.00524453363429
0.50472607491 0.9144 0.00456701042654
0.509946749707 0.9144 0.00387951157828
0.515168122069 0.9144 0.00318203708953
0.520390191995 0.9144 0.00247458696027
0.525602983845 0.9144 0.00175646362577
0.529469483696 0.9144 0.00122488211527
0.531889237578 0.9144 0.000882842421882
0.533397930084 0.9144 0.000667559071678
0.53339772035 0.9144 0.000527202539904
0.533398208181 0.9144 0.000376870367627
0.533398696011 0.9144 0.000226538195351
0.533399183842 0.9144 7.62060230746e-05
0.533399671673 0.9144 -7.41261492018e-05

ZONE T="SLICE_Y_0p9144_BINS07_KS_0p5334mm_SINGLE_LAYER"
0.533399671673 0.9144 -7.41261492018e-05
0.533400159503 0.9144 -0.000224458321478
0.533400647334 0.9144 -0.000374790493755
0.533401135164 0.9144 -0.000525122666031
0.533401622995 0.9144 -0.000675454838307
0.531892301286 0.9144 -0.000881241083425
0.529480079244 0.9144 -0.00122033520317
0.525607716131 0.9144 -0.00175175210384
0.520424846555 0.9144 -0.00246502831437
0.515241279414 0.9144 -0.0031683288844
0.510057014707 0.9144 -0.00386165381393
0.504872052437 0.9144 -0.00454500310296
0.499687090166 0.9144 -0.00522835239199
0.494500732766 0.9144 -0.00589175040001
0.489314375365 0.9144 -0.00655514840803
0.484127320401 0.9144 -0.00720857077555
0.478930289795 0.9144 -0.00786269070781
0.473742537265 0.9144 -0.00850613743483
0.468554087171 0.9144 -0.00913960852134
0.463354963871 0.9144 -0.00976380153209
0.458165816212 0.9144 -0.0103872969781
0.452975970988 0.9144 -0.0110008167836
0.447775452559 0.9144 -0.0116050585134
0.442584212206 0.9144 -0.0121986270379
0.437382996212 0.9144 -0.0127928931271
0.432181780218 0.9144 -0.0133871592163
0.426989144735 0.9144 -0.0139607764598
0.421786533612 0.9144 -0.0145350912681
0.416583224923 0.9144 -0.0150994304358
0.411389891876 0.9144 -0.0156630720388
0.406185885623 0.9144 -0.016217435566
0.400981181805 0.9144 -0.0167618234528
0.395785756064 0.9144 -0.0172955381343
0.390580354681 0.9144 -0.0178299503805
0.385374255734 0.9144 -0.0183543869862
0.380168156787 0.9144 -0.0188788235919
0.374961360275 0.9144 -0.0193932845572
0.369753866199 0.9144 -0.0198977698819
0.364555650198 0.9144 -0.0203915820013
0.359347458557 0.9144 -0.0208860916856
0.354138569351 0.9144 -0.0213706257293
0.34892898258 0.9144 -0.0218451841325
0.343718698244 0.9144 -0.0223097668952
0.338508413909 0.9144 -0.0227743496579
0.333297432009 0.9144 -0.0232289567801
0.328085752544 0.9144 -0.0236735882618
0.322873375514 0.9144 -0.024108244103
0.31766030092 0.9144 -0.0245329243037
0.312447226325 0.9144 -0.0249576045044
0.307232756601 0.9144 -0.0253623334241
0.302018286877 0.9144 -0.0257670623438
0.296803119589 0.9144 -0.026161815623
0.291587254735 0.9144 -0.0265465932617
0.286370692317 0.9144 -0.0269213952598
0.281153432334 0.9144 -0.0272862216175
0.275935474787 0.9144 -0.0276410723347
0.270716819675 0.9144 -0.0279859474114
0.265496769433 0.9144 -0.0283108712071
0.260276719191 0.9144 -0.0286357950027
0.255045298179 0.9144 -0.0289414650821
0.249823852808 0.9144 -0.0292464375968
0.244601012307 0.9144 -0.0295314588305
0.239386752317 0.9144 -0.0297958312184
0.234162516687 0.9144 -0.030060901171
0.228936885927 0.9144 -0.0303060198427
0.223710557603 0.9144 -0.0305411628738
0.218482834149 0.9144 -0.030756354624
0.21325441313 0.9144 -0.0309615707336
0.208024596982 0.9144 -0.0311468355623
0.202803361345 0.9144 -0.0313114515451
0.197571452503 0.9144 -0.0314667894523
0.192348124171 0.9144 -0.0316014785137
0.18711342507 0.9144 -0.0317169138588
0.181888004045 0.9144 -0.0318216759986
0.176650514684 0.9144 -0.0318972087818
0.1714223034 0.9144 -0.0319620683596
0.166191999421 0.9144 -0.031997001016
0.160960300313 0.9144 -0.0320119823913
0.155737181716 0.9144 -0.0320063149209
0.150501994784 0.9144 -0.0319714180938
0.145275388363 0.9144 -0.0319158724209
0.140047386813 0.9144 -0.031840375467
0.134796643723 0.9144 -0.0317263710805
0.129805267285 0.9144 -0.0315942300109
0.12505330622 0.9144 -0.0314453473876
0.120520111682 0.9144 -0.0312711426996
0.116207078799 0.9144 -0.0310915672278
0.112103534366 0.9144 -0.0308973428965
0.108189527103 0.9144 -0.0306898648353
0.10447503265 0.9144 -0.0304684354793
0.100930821651 0.9144 -0.0302451231632
0.0975568941045 0.9144 -0.0300199278872
0.0943164158048 0.9144 -0.0301262311761
0.0912290599363 0.9144 -0.0302719491964
0.0883003386548 0.9144 -0.0301058418364
0.0854029394242 0.9144 -0.0299575930632
0.0825041450642 0.9144 -0.029789393009
0.0796053507041 0.9144 -0.0296211929548
0.0766951855741 0.9144 -0.0294337391843
0.0737942985199 0.9144 -0.0292356122086
0.0708927139009 0.9144 -0.0290275095924
0.0679897341524 0.9144 -0.0287994556951
0.065086754404 0.9144 -0.0285714017979
0.062182379526 0.9144 -0.0283233966197
0.0592766095186 0.9144 -0.0280554401604
0.0563608638707 0.9144 -0.0277881812659
0.0534530011691 0.9144 -0.0274902978852
0.0505372555212 0.9144 -0.0272230389907
0.0476036512865 0.9144 -0.0269871021472
0.044669349487 0.9144 -0.0267411896631
0.0417143988419 0.9144 -0.0264866966681
0.0387587506319 0.9144 -0.0262222280325
0.035791731652 0.9144 -0.0259385056807
0.0328047613911 0.9144 -0.0256561784584
0.0298057227955 0.9144 -0.0253446218793
0.0267860353542 0.9144 -0.0250244847891
0.0237250502213 0.9144 -0.0246871866769
0.0206985968668 0.9144 -0.02412693665
0.0171758690021 0.9144 -0.0247842709571
0.0129364952373 0.9144 -0.0268049169138
0.00904069301974 0.9144 -0.0272878507414
0.00595906368872 0.9144 -0.025508479879
0.0030385811072 0.9144 -0.0231664974941
0.000164908372855 0.9144 -0.0204904360195
-0.00232229490666 0.9144 -0.0176069104263
-0.00432208693102 0.9144 -0.01466925288
-0.00599638037666 0.9144 -0.0117990540267
-0.00792906481424 0.9144 -0.00924765620103
-0.010340579996 0.9144 -0.00672974148278
-0.0127391879062 0.9144 -0.00367962999421
-0.0145804137059 0.9144 8.98168260814e-07
-0.0158772330285 0.9144 0.00421069147013
-0.0123614031538 0.9144 0.00740372142496
-0.00709209926448 0.9144 0.00874455568824
-0.00419057836013 0.9144 0.0104009905471
-0.00126045730154 0.9144 0.0116484241453
0.00202076249687 0.9144 0.0123189438203
0.00528691396744 0.9144 0.0129182388822
0.00885937866267 0.9144 0.0130076592455
0.0120267493893 0.9144 0.0132993143155
0.0146362548224 0.9144 0.0145443771231
0.017283360389 0.9144 0.0156818005795
0.019977344165 0.9144 0.0167222578897
0.02269685974 0.9144 0.0176843052054
0.0254412095491 0.9144 0.0185779181671
0.0281997203871 0.9144 0.0194123748505
0.0309716946894 0.9144 0.0201976508961
0.033767805661 0.9144 0.0209244682282
0.0365667068916 0.9144 0.0216113829982
0.0393783740217 0.9144 0.022259092771
0.0421921338459 0.9144 0.0228768756223
0.0450186595697 0.9144 0.0234554534763
0.0478572536281 0.9144 0.0240048019735
0.0506879647402 0.9144 0.0245235259845
0.0535307441871 0.9144 0.0250130206387
0.0563855919687 0.9144 0.0254732859362
0.0592311616745 0.9144 0.0259228780284
0.0620894972797 0.9144 0.0263332651233
0.0649385548092 0.9144 0.026732979013
0.0677989831087 0.9144 0.0271134391865
0.0706608065377 0.9144 0.0274739480789
0.0735346983013 0.9144 0.0278052276145
0.0763993119892 0.9144 0.028125833945
0.0792646232419 0.9144 0.0284364646349
0.082131329624 0.9144 0.0287271440438
0.0850094067761 0.9144 0.0289985697364
0.0878789034171 0.9144 0.0292493465833
0.0906692924989 0.9144 0.0294845672718
0.0935900624719 0.9144 0.0297188806614
0.0966711402578 0.9144 0.0299543794463
0.0998932721401 0.9144 0.0301796928564
0.10328638504 0.9144 0.0303969135862
0.106849781394 0.9144 0.0306160172759
0.110594831971 0.9144 0.0308177502095
0.114520839206 0.9144 0.0310120880273
0.118647754381 0.9144 0.0312004258588
0.122976275061 0.9144 0.0313727880636
0.12753702573 0.9144 0.0315212916953
0.13230865998 0.9144 0.0316644929055
0.137332475501 0.9144 0.0317852306721
0.142598496654 0.9144 0.0318828074305
0.1478666105 0.9144 0.0319504572673
0.153136119476 0.9144 0.0319981558231
0.158407721146 0.9144 0.0320159274574
0.16367143987 0.9144 0.0320030746055
0.168935856159 0.9144 0.031980246113
0.174202365142 0.9144 0.0319274906991
0.179470269254 0.9144 0.0318547840041
0.184738870931 0.9144 0.0317721016686
0.189999589662 0.9144 0.0316587948469
0.195271679162 0.9144 0.031526234309
0.200534490587 0.9144 0.0313830005657
0.205798697142 0.9144 0.0312198155415
0.211064298826 0.9144 0.0310366792363
0.216320622434 0.9144 0.0308428697258
0.221588316812 0.9144 0.0306298064991
0.226847430679 0.9144 0.0303960944266
0.232106544546 0.9144 0.0301623823542
0.237367751108 0.9144 0.0298987433602
0.242628957669 0.9144 0.0296351043662
0.24789155936 0.9144 0.0293515140912
0.253154858615 0.9144 0.0290579481757
0.25840957736 0.9144 0.0287437334145
0.263664296104 0.9144 0.0284295186533
0.268920409978 0.9144 0.028095352611
0.274177221417 0.9144 0.0277512109283
0.279434032856 0.9144 0.0274070692455
0.284692239424 0.9144 0.0270429762818
0.289941167916 0.9144 0.0266682101128
0.295190793973 0.9144 0.0262834683033
0.300451093236 0.9144 0.0258894484181
0.305702114422 0.9144 0.0254847553276
0.310953833174 0.9144 0.0250700865966
0.316195576285 0.9144 0.0246547203008
0.321448690166 0.9144 0.0242201002888
0.326701804046 0.9144 0.0237854802768
0.331945639851 0.9144 0.0233401870596
0.337190173221 0.9144 0.0228849182019
0.342435404156 0.9144 0.0224196737036
0.347690610731 0.9144 0.0219551267701
0.35292656359 0.9144 0.0214792090666
0.358173189654 0.9144 0.0209940132874
0.363420513283 0.9144 0.0204988418676
0.368657861271 0.9144 0.0200029728831
0.373906580029 0.9144 0.0194878501824
0.379144625582 0.9144 0.0189820055574
0.384384066265 0.9144 0.0184562096514
0.389633482588 0.9144 0.0179311113101
0.394863645194 0.9144 0.0173946421989
0.400104481006 0.9144 0.0168488950119
0.405345316818 0.9144 0.0163031478249
0.410586850195 0.9144 0.0157474249974
0.415819105496 0.9144 0.0151810289646
0.421061336437 0.9144 0.0146153304966
0.426294289303 0.9144 0.0140389588233
0.431527939733 0.9144 0.0134526115096
0.436761590164 0.9144 0.0128662641958
0.441995938159 0.9144 0.0122699412416
0.447230983719 0.9144 0.0116636426468
0.452456053638 0.9144 0.0110566464873
0.457691796763 0.9144 0.0104403722521
0.462918261812 0.9144 0.00981342481157
0.46814472686 0.9144 0.00918647737107
0.473371889474 0.9144 0.00854955429007
0.478599749652 0.9144 0.00790265556856
0.483828307395 0.9144 0.00724578120656
0.489056865138 0.9144 0.00658890684455
0.494276144806 0.9144 0.0059213592773
0.499506097678 0.9144 0.00524453363429
0.50472607491 0.9144 0.00456701042654
0.509946749707 0.9144 0.00387951157828
0.515168122069 0.9144 0.00318203708953
0.520390191995 0.9144 0.00247458696027
0.525602983845 0.9144 0.00175646362577
0.529469483696 0.9144 0.00122488211527
0.531889237578 0.9144 0.000882842421882
0.533397930084 0.9144 0.000667559071678
0.53339772035 0.9144 0.000527202539904
0.533398208181 0.9144 0.000376870367627
0.533398696011 0.9144 0.000226538195351
0.533399183842 0.9144 7.62060230746e-05
0.533399671673 0.9144 -7.41261492018e-05

ZONE T="SLICE_Y_0p9144_BINS15_KS_0p5334mm_SINGLE_LAYER"
0.533399671673 0.9144 -7.41261492018e-05
0.533400159503 0.9144 -0.000224458321478
0.533400647334 0.9144 -0.000374790493755
0.533401135164 0.9144 -0.000525122666031
0.533401622995 0.9144 -0.000675454838307
0.531892301286 0.9144 -0.000881241083425
0.529480079244 0.9144 -0.00122033520317
0.525607716131 0.9144 -0.00175175210384
0.520424846555 0.9144 -0.00246502831437
0.515241279414 0.9144 -0.0031683288844
0.510057014707 0.9144 -0.00386165381393
0.504872052437 0.9144 -0.00454500310296
0.499687090166 0.9144 -0.00522835239199
0.494500732766 0.9144 -0.00589175040001
0.489314375365 0.9144 -0.00655514840803
0.484127320401 0.9144 -0.00720857077555
0.478930289795 0.9144 -0.00786269070781
0.473742537265 0.9144 -0.00850613743483
0.468554087171 0.9144 -0.00913960852134
0.463354963871 0.9144 -0.00976380153209
0.458165816212 0.9144 -0.0103872969781
0.452975970988 0.9144 -0.0110008167836
0.447775452559 0.9144 -0.0116050585134
0.442584212206 0.9144 -0.0121986270379
0.437382996212 0.9144 -0.0127928931271
0.432181780218 0.9144 -0.0133871592163
0.426989144735 0.9144 -0.0139607764598
0.421786533612 0.9144 -0.0145350912681
0.416583224923 0.9144 -0.0150994304358
0.411389891876 0.9144 -0.0156630720388
0.406185885623 0.9144 -0.016217435566
0.400981181805 0.9144 -0.0167618234528
0.395785756064 0.9144 -0.0172955381343
0.390580354681 0.9144 -0.0178299503805
0.385374255734 0.9144 -0.0183543869862
0.380168156787 0.9144 -0.0188788235919
0.374961360275 0.9144 -0.0193932845572
0.369753866199 0.9144 -0.0198977698819
0.364555650198 0.9144 -0.0203915820013
0.359347458557 0.9144 -0.0208860916856
0.354138569351 0.9144 -0.0213706257293
0.34892898258 0.9144 -0.0218451841325
0.343718698244 0.9144 -0.0223097668952
0.338508413909 0.9144 -0.0227743496579
0.333297432009 0.9144 -0.0232289567801
0.328085752544 0.9144 -0.0236735882618
0.322873375514 0.9144 -0.024108244103
0.31766030092 0.9144 -0.0245329243037
0.312447226325 0.9144 -0.0249576045044
0.307232756601 0.9144 -0.0253623334241
0.302018286877 0.9144 -0.0257670623438
0.296803119589 0.9144 -0.026161815623
0.291587254735 0.9144 -0.0265465932617
0.286370692317 0.9144 -0.0269213952598
0.281153432334 0.9144 -0.0272862216175
0.275935474787 0.9144 -0.0276410723347
0.270716819675 0.9144 -0.0279859474114
0.265496769433 0.9144 -0.0283108712071
0.260276719191 0.9144 -0.0286357950027
0.255045298179 0.9144 -0.0289414650821
0.249823852808 0.9144 -0.0292464375968
0.244601012307 0.9144 -0.0295314588305
0.239386752317 0.9144 -0.0297958312184
0.234162516687 0.9144 -0.030060901171
0.228936885927 0.9144 -0.0303060198427
0.223710557603 0.9144 -0.0305411628738
0.218482834149 0.9144 -0.030756354624
0.21325441313 0.9144 -0.0309615707336
0.208024596982 0.9144 -0.0311468355623
0.202803361345 0.9144 -0.0313114515451
0.197571452503 0.9144 -0.0314667894523
0.192348124171 0.9144 -0.0316014785137
0.18711342507 0.9144 -0.0317169138588
0.181888004045 0.9144 -0.0318216759986
0.176650514684 0.9144 -0.0318972087818
0.1714223034 0.9144 -0.0319620683596
0.166191999421 0.9144 -0.031997001016
0.160960300313 0.9144 -0.0320119823913
0.155737181716 0.9144 -0.0320063149209
0.150501994784 0.9144 -0.0319714180938
0.145275388363 0.9144 -0.0319158724209
0.140047386813 0.9144 -0.031840375467
0.134796643723 0.9144 -0.0317263710805
0.129805267285 0.9144 -0.0315942300109
0.12505330622 0.9144 -0.0314453473876
0.120520111682 0.9144 -0.0312711426996
0.116207078799 0.9144 -0.0310915672278
0.112103534366 0.9144 -0.0308973428965
0.108189527103 0.9144 -0.0306898648353
0.10447503265 0.9144 -0.0304684354793
0.100930821651 0.9144 -0.0302451231632
0.0975568941045 0.9144 -0.0300199278872
0.094318508499 0.9144 -0.0301561580976
0.0912232696842 0.9144 -0.0303325006042
0.0883045240432 0.9144 -0.0301656956794
0.0854050321184 0.9144 -0.0299875199847
0.0825055401936 0.9144 -0.02980934429
0.0795960726284 0.9144 -0.02963186616
0.0766951855741 0.9144 -0.0294337391843
0.0738035765956 0.9144 -0.0292249390033
0.0709005968472 0.9144 -0.0289968851061
0.0679983146635 0.9144 -0.0287788068494
0.0650853592745 0.9144 -0.0285514505169
0.0621816819613 0.9144 -0.0283134209792
0.0592680290076 0.9144 -0.0280760890062
0.0563622590002 0.9144 -0.0278081325469
0.0534465133523 0.9144 -0.0275408736524
0.0505207920639 0.9144 -0.0272743123227
0.0475957683402 0.9144 -0.0270177266334
0.0446600714113 0.9144 -0.0267518628684
0.0417229793529 0.9144 -0.0264660478223
0.038775911654 0.9144 -0.026180930341
0.0358074975446 0.9144 -0.0258772567082
0.03282841023 0.9144 -0.0255643049996
0.0298214886881 0.9144 -0.0252833729068
0.0267846402247 0.9144 -0.0250045335081
0.023717167275 0.9144 -0.0247178111632
0.0206570894411 0.9144 -0.0242501321597
0.0172094934814 0.9144 -0.0246916999336
0.0130216027828 0.9144 -0.0265884528159
0.00906713211756 0.9144 -0.0272358798447
0.00596834176449 0.9144 -0.0254978066737
0.0030385811072 0.9144 -0.0231664974941
0.00017418644862 0.9144 -0.0204797628143
-0.00231231926615 0.9144 -0.0176062128616
-0.00432208693102 0.9144 -0.01466925288
-0.00598640473615 0.9144 -0.0117983564619
-0.00792906481424 0.9144 -0.00924765620103
-0.010340579996 0.9144 -0.00672974148278
-0.0127292122657 0.9144 -0.00367893242947
-0.0145903893464 0.9144 2.00603523374e-07
-0.0158466085423 0.9144 0.00420280852384
-0.0122588564899 0.9144 0.00737079451032
-0.00712342131547 0.9144 0.00876241427504
-0.00424324682159 0.9144 0.0104374052854
-0.00121776448058 0.9144 0.0116113118423
0.00199871852165 0.9144 0.0123474756123
0.00527554319747 0.9144 0.0129374925985
0.00887074943265 0.9144 0.0129884055292
0.0120267493893 0.9144 0.0132993143155
0.0146362548224 0.9144 0.0145443771231
0.017283360389 0.9144 0.0156818005795
0.019977344165 0.9144 0.0167222578897
0.02269685974 0.9144 0.0176843052054
0.0254412095491 0.9144 0.0185779181671
0.0281997203871 0.9144 0.0194123748505
0.0309716946894 0.9144 0.0201976508961
0.033767805661 0.9144 0.0209244682282
0.0365667068916 0.9144 0.0216113829982
0.0393783740217 0.9144 0.022259092771
0.0421921338459 0.9144 0.0228768756223
0.0450186595697 0.9144 0.0234554534763
0.0478572536281 0.9144 0.0240048019735
0.0506879647402 0.9144 0.0245235259845
0.0535307441871 0.9144 0.0250130206387
0.0563855919687 0.9144 0.0254732859362
0.0592311616745 0.9144 0.0259228780284
0.0620894972797 0.9144 0.0263332651233
0.0649385548092 0.9144 0.026732979013
0.0677989831087 0.9144 0.0271134391865
0.0706608065377 0.9144 0.0274739480789
0.0735346983013 0.9144 0.0278052276145
0.0763993119892 0.9144 0.028125833945
0.0792646232419 0.9144 0.0284364646349
0.082131329624 0.9144 0.0287271440438
0.0850094067761 0.9144 0.0289985697364
0.0878789034171 0.9144 0.0292493465833
0.0906692924989 0.9144 0.0294845672718
0.0935900624719 0.9144 0.0297188806614
0.0966711402578 0.9144 0.0299543794463
0.0998932721401 0.9144 0.0301796928564
0.10328638504 0.9144 0.0303969135862
0.106849781394 0.9144 0.0306160172759
0.110594831971 0.9144 0.0308177502095
0.114520839206 0.9144 0.0310120880273
0.118647754381 0.9144 0.0312004258588
0.122976275061 0.9144 0.0313727880636
0.12753702573 0.9144 0.0315212916953
0.13230865998 0.9144 0.0316644929055
0.137332475501 0.9144 0.0317852306721
0.142598496654 0.9144 0.0318828074305
0.1478666105 0.9144 0.0319504572673
0.153136119476 0.9144 0.0319981558231
0.158407721146 0.9144 0.0320159274574
0.16367143987 0.9144 0.0320030746055
0.168935856159 0.9144 0.031980246113
0.174202365142 0.9144 0.0319274906991
0.179470269254 0.9144 0.0318547840041
0.184738870931 0.9144 0.0317721016686
0.189999589662 0.9144 0.0316587948469
0.195271679162 0.9144 0.031526234309
0.200534490587 0.9144 0.0313830005657
0.205798697142 0.9144 0.0312198155415
0.211064298826 0.9144 0.0310366792363
0.216320622434 0.9144 0.0308428697258
0.221588316812 0.9144 0.0306298064991
0.226847430679 0.9144 0.0303960944266
0.232106544546 0.9144 0.0301623823542
0.237367751108 0.9144 0.0298987433602
0.242628957669 0.9144 0.0296351043662
0.24789155936 0.9144 0.0293515140912
0.253154858615 0.9144 0.0290579481757
0.25840957736 0.9144 0.0287437334145
0.263664296104 0.9144 0.0284295186533
0.268920409978 0.9144 0.028095352611
0.274177221417 0.9144 0.0277512109283
0.279434032856 0.9144 0.0274070692455
0.284692239424 0.9144 0.0270429762818
0.289941167916 0.9144 0.0266682101128
0.295190793973 0.9144 0.0262834683033
0.300451093236 0.9144 0.0258894484181
0.305702114422 0.9144 0.0254847553276
0.310953833174 0.9144 0.0250700865966
0.316195576285 0.9144 0.0246547203008
0.321448690166 0.9144 0.0242201002888
0.326701804046 0.9144 0.0237854802768
0.331945639851 0.9144 0.0233401870596
0.337190173221 0.9144 0.0228849182019
0.342435404156 0.9144 0.0224196737036
0.347690610731 0.9144 0.0219551267701
0.35292656359 0.9144 0.0214792090666
0.358173189654 0.9144 0.0209940132874
0.363420513283 0.9144 0.0204988418676
0.368657861271 0.9144 0.0200029728831
0.373906580029 0.9144 0.0194878501824
0.379144625582 0.9144 0.0189820055574
0.384384066265 0.9144 0.0184562096514
0.389633482588 0.9144 0.0179311113101
0.394863645194 0.9144 0.0173946421989
0.400104481006 0.9144 0.0168488950119
0.405345316818 0.9144 0.0163031478249
0.410586850195 0.9144 0.0157474249974
0.415819105496 0.9144 0.0151810289646
0.421061336437 0.9144 0.0146153304966
0.426294289303 0.9144 0.0140389588233
0.431527939733 0.9144 0.0134526115096
0.436761590164 0.9144 0.0128662641958
0.441995938159 0.9144 0.0122699412416
0.447230983719 0.9144 0.0116636426468
0.452456053638 0.9144 0.0110566464873
0.457691796763 0.9144 0.0104403722521
0.462918261812 0.9144 0.00981342481157
0.46814472686 0.9144 0.00918647737107
0.473371889474 0.9144 0.00854955429007
0.478599749652 0.9144 0.00790265556856
0.483828307395 0.9144 0.00724578120656
0.489056865138 0.9144 0.00658890684455
0.494276144806 0.9144 0.0059213592773
0.499506097678 0.9144 0.00524453363429
0.50472607491 0.9144 0.00456701042654
0.509946749707 0.9144 0.00387951157828
0.515168122069 0.9144 0.00318203708953
0.520390191995 0.9144 0.00247458696027
0.525602983845 0.9144 0.00175646362577
0.529469483696 0.9144 0.00122488211527
0.531889237578 0.9144 0.000882842421882
0.533397930084 0.9144 0.000667559071678
0.53339772035 0.9144 0.000527202539904
0.533398208181 0.9144 0.000376870367627
0.533398696011 0.9144 0.000226538195351
0.533399183842 0.9144 7.62060230746e-05
0.533399671673 0.9144 -7.41261492018e-05
