TITLE = "cutData curvilinear distance mapping"
AUXDATA SMAP_VERSION = "signed-common-frame-z-surface-v10"
VARIABLES = "s" "variable Index"

ZONE T="SLICE_Y_0p9144_BINS01_KS_0mm_CUTDATA"
-0.545214907733 504
0.543870739437 0
0.543616556414 1
0.543209863492 2
0.542559153755 3
0.541518019091 4
0.539852203309 5
0.537273999797 6
0.534695796735 7
0.532117594305 8
0.529539391102 9
0.526961187831 10
0.524382985647 11
0.521804782367 12
0.519226578823 13
0.516648376044 14
0.514070173232 15
0.511491970781 16
0.508913766925 17
0.506335564451 18
0.503757360794 19
0.501179157903 20
0.498600955707 21
0.496022752734 22
0.493444549021 23
0.49086634643 24
0.488288143562 25
0.485709940453 26
0.483131737499 27
0.480553534588 28
0.477975330502 29
0.475397128198 30
0.47281892548 31
0.470240722132 32
0.467662518524 33
0.465084315979 34
0.462506112778 35
0.459927909861 36
0.457349706755 37
0.454771504189 38
0.45219330044 39
0.449615098228 40
0.44703689544 41
0.444458691753 42
0.441880488649 43
0.439302286275 44
0.436724082662 45
0.434145880272 46
0.431567676836 47
0.428989474192 48
0.426411270859 49
0.423833067385 50
0.421254864922 51
0.418676662133 52
0.41609845919 53
0.413520255756 54
0.410942052471 55
0.408363849763 56
0.405785647345 57
0.403207443561 58
0.400629240507 59
0.398051038177 60
0.39547283537 61
0.392894631911 62
0.3903164292 63
0.387738226251 64
0.385160022765 65
0.38258181995 66
0.380003616956 67
0.377425413808 68
0.374847210407 69
0.372269008337 70
0.369690805463 71
0.367112601991 72
0.364534399225 73
0.3619561962 74
0.359377992888 75
0.356799789815 76
0.354221587134 77
0.35164338389 78
0.349065181157 79
0.346486977645 80
0.34390877469 81
0.341330572012 82
0.338752368869 83
0.336174166112 84
0.333595962205 85
0.33101775972 86
0.328439556457 87
0.325861353653 88
0.32328315004 89
0.320704947778 90
0.318126744814 91
0.315548540899 92
0.31297033792 93
0.310392134944 94
0.307813932182 95
0.305235729792 96
0.302657526218 97
0.300079323481 98
0.297501119887 99
0.294922917726 100
0.292344714634 101
0.289766511704 102
0.287188308503 103
0.284610105159 104
0.282031902505 105
0.279453699219 106
0.276875495959 107
0.274297293218 108
0.271719090565 109
0.269140887314 110
0.266562684057 111
0.263984481516 112
0.261406278474 113
0.25882807482 114
0.256249872402 115
0.253671668981 116
0.251093466079 117
0.248515262936 118
0.245937060554 119
0.243358857032 120
0.240780654258 121
0.238202451602 122
0.235624248202 123
0.233046045319 124
0.230467842704 125
0.22788963964 126
0.225311435821 127
0.222733233196 128
0.220155030461 129
0.217576827309 130
0.214998624064 131
0.212420421161 132
0.209842218025 133
0.207264015392 134
0.204685812126 135
0.20210760926 136
0.19952940664 137
0.196951203906 138
0.194373000667 139
0.191794797717 140
0.189216595079 141
0.186638391925 142
0.184060189142 143
0.181481985767 144
0.178903782666 145
0.176325580003 146
0.173747377297 147
0.171169174011 148
0.168590971081 149
0.166012767932 150
0.163434565183 151
0.160856361939 152
0.158278159315 153
0.155699956701 154
0.153121753265 155
0.15054355024 156
0.147965348084 157
0.145387145022 158
0.142808942012 159
0.140230739017 160
0.137652536026 161
0.135074333424 162
0.132496131108 163
0.129917927496 164
0.127339724526 165
0.124761522382 166
0.122183319086 167
0.119600841106 168
0.117141338149 169
0.114798953595 170
0.112568112679 171
0.110443501586 172
0.108420062453 173
0.106492977284 174
0.104657658515 175
0.102909735469 176
0.101245047214 177
0.0996596307784 178
0.098149708984 179
0.0967116890021 180
0.095272636804 181
0.0938335847872 182
0.0923945329442 183
0.0909554814802 184
0.0895164296016 185
0.0880773779531 186
0.0866383256384 187
0.0851992732565 188
0.0837602221976 189
0.0823211701405 190
0.0808821183314 191
0.0794430658393 192
0.0780040145879 193
0.0765649627505 194
0.0751259104449 195
0.0736868587968 196
0.0722478070742 197
0.0708087550542 198
0.069369702742 199
0.0679306514722 200
0.0664915994341 201
0.0650525474002 202
0.0636134956819 203
0.0621744435449 204
0.0607353915075 205
0.0592963398853 206
0.0578572883712 207
0.0564182358418 208
0.0549791840129 209
0.0535401326718 210
0.0521010808958 211
0.0506620284547 212
0.0492229764807 213
0.0477839245712 214
0.04634487245 215
0.0449058211533 216
0.0434667692472 217
0.042027717804 218
0.0405886660429 219
0.039149614004 220
0.0377105620423 221
0.036271510261 222
0.0348324584054 223
0.0333934066592 224
0.0319543555181 225
0.030515303575 226
0.0290762513724 227
0.0276372003657 228
0.026198148553 229
0.024759096422 230
0.0233200454046 231
0.0218809935095 232
0.020441941951 233
0.0190028903472 234
0.0175638391292 235
0.0161247875776 236
0.0146857368613 237
0.0132466856196 238
0.0118724751272 239
0.0105920901707 240
0.0093929179389 241
0.008292085118 242
0.00727098090808 243
0.00630716737343 244
0.00540102459494 245
0.00454369191832 246
0.00373109364893 247
0.00295629654549 248
0.00220046794731 249
0.00145367533946 250
0.000719885119721 251
5.0237933813e-09 252
-0.000723410684422 253
-0.00146118413052 254
-0.00221133654983 255
-0.00297075679527 256
-0.00374710956232 257
-0.00456238552028 258
-0.00542376361435 259
-0.00633868541814 260
-0.00730643474889 261
-0.00833471585357 262
-0.0094415355916 263
-0.0106525473274 264
-0.0119479805587 265
-0.0133344256886 266
-0.0147805409664 267
-0.0162266571713 268
-0.0176727714952 269
-0.0191188872059 270
-0.0205650032695 271
-0.0220111191548 272
-0.0234572350738 273
-0.0249033512477 274
-0.0263494665859 275
-0.027795581904 276
-0.0292416978578 277
-0.0306878145269 278
-0.0321339303507 279
-0.0335800456421 280
-0.0350261623233 281
-0.0364722775649 282
-0.0379183933417 283
-0.0393645099585 284
-0.0408106254562 285
-0.0422567419438 286
-0.0437028576621 287
-0.0451489738991 288
-0.0465950898561 289
-0.0480412062134 290
-0.0494873213927 291
-0.050933437558 292
-0.0523795534173 293
-0.0538256704585 294
-0.0552717860797 295
-0.0567179022614 296
-0.058164018478 297
-0.0596101346339 298
-0.0610562500553 299
-0.0625023669403 300
-0.0639484827605 301
-0.06539459885 302
-0.0668407149224 303
-0.0682868306546 304
-0.0697329470686 305
-0.0711790625573 306
-0.0726251786537 307
-0.07407129463 308
-0.0755174106915 309
-0.0769635271367 310
-0.0784096431733 311
-0.0798557588959 312
-0.0813018757785 313
-0.0827479917045 314
-0.0841941069908 315
-0.0856402231785 316
-0.0870863393065 317
-0.0885324553213 318
-0.0899785721563 319
-0.0914246876904 320
-0.0928708040243 321
-0.094316920284 322
-0.0957630356374 323
-0.0972091520057 324
-0.0986552652457 325
-0.100173684098 326
-0.101768023207 327
-0.10344207976 328
-0.105199839439 329
-0.107045486468 330
-0.108983416291 331
-0.111018242656 332
-0.113154809507 333
-0.115398206158 334
-0.117753771222 335
-0.120227115485 336
-0.122824126837 337
-0.125398391648 338
-0.127972655664 339
-0.130546921063 340
-0.133121185477 341
-0.135695450448 342
-0.138269715632 343
-0.140843980937 344
-0.143418245348 345
-0.145992510922 346
-0.14856677583 347
-0.151141040353 348
-0.153715305578 349
-0.156289570977 350
-0.15886383567 351
-0.161438100162 352
-0.16401236523 353
-0.166586630721 354
-0.169160895025 355
-0.171735160105 356
-0.174309425079 357
-0.176883690898 358
-0.179457955864 359
-0.182032220282 360
-0.184606485046 361
-0.187180750535 362
-0.189755015312 363
-0.192329280314 364
-0.194903545368 365
-0.197477810827 366
-0.20005207596 367
-0.202626340969 368
-0.205200605784 369
-0.20777487116 370
-0.210349136108 371
-0.212923400621 372
-0.215497665975 373
-0.21807193111 374
-0.220646196162 375
-0.223220460778 376
-0.225794726287 377
-0.228368991756 378
-0.230943256258 379
-0.233517521287 380
-0.236091786814 381
-0.238666051429 382
-0.241240316834 383
-0.243814582164 384
-0.246388846642 385
-0.24896311233 386
-0.251537376957 387
-0.25411164249 388
-0.256685907504 389
-0.259260172224 390
-0.261834437312 391
-0.264408702015 392
-0.266982967258 393
-0.269557232094 394
-0.272131497336 395
-0.274705762363 396
-0.277280027218 397
-0.279854293202 398
-0.282428558219 399
-0.285002822895 400
-0.287577088482 401
-0.29015135284 402
-0.29272561837 403
-0.295299883495 404
-0.297874148491 405
-0.300448413641 406
-0.30302267888 407
-0.305596943578 408
-0.308171209136 409
-0.310745474228 410
-0.313319738659 411
-0.315894004256 412
-0.318468269566 413
-0.321042534306 414
-0.323616798916 415
-0.326191064927 416
-0.328765329739 417
-0.331339594825 418
-0.333913860326 419
-0.336488124872 420
-0.339062390223 421
-0.341636655259 422
-0.344210920241 423
-0.346785185454 424
-0.34935944988 425
-0.35193371544 426
-0.354507980743 427
-0.357082245763 428
-0.359656511036 429
-0.362230776141 430
-0.364805041055 431
-0.367379305829 432
-0.369953571547 433
-0.372527836102 434
-0.375102100792 435
-0.377676365816 436
-0.380250631282 437
-0.382824896549 438
-0.385399161449 439
-0.387973426335 440
-0.390547691602 441
-0.393121956618 442
-0.395696221974 443
-0.398270486309 444
-0.40084475156 445
-0.403419017046 446
-0.40599328147 447
-0.408567547121 448
-0.411141812122 449
-0.413716077533 450
-0.416290341649 451
-0.418864607643 452
-0.421438872188 453
-0.424013137794 454
-0.426587402378 455
-0.429161667194 456
-0.431735932949 457
-0.434310197474 458
-0.43688446307 459
-0.439458727702 460
-0.442032992528 461
-0.444607257856 462
-0.447181523135 463
-0.449755787663 464
-0.4523300529 465
-0.454904318619 466
-0.457478583586 467
-0.460052848153 468
-0.462627113864 469
-0.465201378805 470
-0.46777564327 471
-0.470349909058 472
-0.472924174143 473
-0.475498439072 474
-0.478072703855 475
-0.480646968909 476
-0.483221234508 477
-0.48579549972 478
-0.488369764237 479
-0.490944029511 480
-0.493518294678 481
-0.496092559369 482
-0.498666824668 483
-0.501241089714 484
-0.503815354752 485
-0.50638962006 486
-0.50896388541 487
-0.511538149754 488
-0.514112415804 489
-0.516686680433 490
-0.519260945561 491
-0.521835210483 492
-0.524409475803 493
-0.526983740528 494
-0.52955800559 495
-0.532132270919 496
-0.534706535335 497
-0.537280800604 498
-0.539855066421 499
-0.541519676921 500
-0.542560058519 501
-0.543210297417 502
-0.543616696536 503
