TITLE = "cutData curvilinear distance mapping"
AUXDATA SMAP_VERSION = "signed-common-frame-z-surface-v10"
VARIABLES = "s" "variable Index"

ZONE T="SLICE_Y_0p9144_BINS01_KS_0mm_CUTDATA"
-0.545212516557 360
0.543868348261 0
0.543507668031 1
0.542930579525 2
0.542007238273 3
0.540529892403 4
0.538166139347 5
0.534384133773 6
0.530596859459 7
0.52680958579 8
0.523022311532 9
0.519235038233 10
0.51544776397 11
0.511660490355 12
0.507873216416 13
0.504085942674 14
0.500298668699 15
0.49651139496 16
0.49272412065 17
0.488936846732 18
0.485149573536 19
0.481362299515 20
0.477575025269 21
0.473787751256 22
0.470000477737 23
0.466213203506 24
0.46242593025 25
0.458638655983 26
0.454851382094 27
0.45106410885 28
0.447276834687 29
0.443489560514 30
0.439702286705 31
0.435915012677 32
0.43212773882 33
0.428340465534 34
0.424553191478 35
0.420765918015 36
0.416978643709 37
0.413191369423 38
0.409404096355 39
0.405616822424 40
0.401829548485 41
0.398042274651 42
0.394255001014 43
0.390467727018 44
0.386680453439 45
0.38289317974 46
0.37910590538 47
0.375318631521 48
0.371531357743 49
0.36774408387 50
0.363956810371 51
0.360169536789 52
0.356382262528 53
0.352594988722 54
0.348807715355 55
0.345020440822 56
0.34123316749 57
0.337445893634 58
0.333658619933 59
0.329871345475 60
0.326084071505 61
0.322296797533 62
0.318509523675 63
0.314722249771 64
0.310934976471 65
0.307147702555 66
0.303360428726 67
0.299573154878 68
0.29578588103 69
0.291998606622 70
0.288211333364 71
0.284424059492 72
0.280636785376 73
0.276849511207 74
0.273062237291 75
0.269274963529 76
0.265487690095 77
0.261700415843 78
0.257913142194 79
0.254125868458 80
0.250338594559 81
0.246551320555 82
0.242764046835 83
0.238976772739 84
0.235189498781 85
0.231402225001 86
0.227614951614 87
0.223827677558 88
0.22004040397 89
0.216253129937 90
0.212465856568 91
0.208678582438 92
0.204891308701 93
0.201104034214 94
0.197316760569 95
0.193529486757 96
0.189742213071 97
0.185954939642 98
0.182167665893 99
0.178380391754 100
0.174593118247 101
0.170805844649 102
0.167018570781 103
0.163231296411 104
0.15944402337 105
0.155656749206 106
0.151869475396 107
0.148082201029 108
0.144294928077 109
0.140507654148 110
0.136720380105 111
0.133049185152 112
0.129552808 113
0.12622292491 114
0.123051608412 115
0.120031306078 116
0.117154828389 117
0.114415325026 118
0.111806274873 119
0.109321465422 120
0.106954980021 121
0.10470118415 122
0.102554711667 123
0.100510453308 124
0.098563539672 125
0.0967093363586 126
0.09478947964 127
0.0928696232866 128
0.0909497668977 129
0.0890299103293 130
0.0871100547833 131
0.085190197605 132
0.0832703411329 133
0.0813504856842 134
0.0794306285784 135
0.077510772421 136
0.0755909163093 137
0.0736710594344 138
0.071751203466 139
0.0698313469762 140
0.0679114903079 141
0.0659916344198 142
0.0640717779408 143
0.0621519217614 144
0.0602320649625 145
0.0583122089322 146
0.0563923520336 147
0.0544724958824 148
0.0525526398331 149
0.0506327833816 150
0.0487129263064 151
0.0467930700292 152
0.0448732144251 153
0.0429533578959 154
0.0410335012002 155
0.0391136453521 156
0.0371937888834 157
0.0352739326283 158
0.0333540766044 159
0.031434219884 160
0.0295143635126 161
0.0275945074979 162
0.0256746520684 163
0.0237547965099 164
0.0218349398834 165
0.0199150841784 166
0.0179952276892 167
0.016075371177 168
0.0141555159592 169
0.0122621464922 170
0.0105433458471 171
0.00897813929327 172
0.00757426695088 173
0.0062817552625 174
0.0050880716696 175
0.00398420054618 176
0.0029488503935 177
0.00194551690414 178
0.000960408595759 179
5.13953224424e-09 180
-0.000965098580355 181
-0.00195494201371 182
-0.00296319230121 183
-0.00400441543836 184
-0.00511312701795 185
-0.00631290230547 186
-0.0076122472324 187
-0.0090279590535 188
-0.0106063848603 189
-0.0123375907941 190
-0.0142489342034 191
-0.0161781866293 192
-0.0181074395173 193
-0.0200366912452 194
-0.0219659433277 195
-0.0238951944673 196
-0.0258244468542 197
-0.0277536990164 198
-0.0296829515282 199
-0.0316122034726 200
-0.0335414561745 201
-0.0354707085384 202
-0.0373999605768 203
-0.039329213129 204
-0.0412584649527 205
-0.043187717033 206
-0.0451169693192 207
-0.0470462227197 208
-0.0489754745061 209
-0.0509047268678 210
-0.052833979738 211
-0.0547632325043 212
-0.0566924844149 213
-0.0586217369172 214
-0.0605509898052 215
-0.0624802416568 216
-0.0644094947125 217
-0.0663387470714 218
-0.0682679994591 219
-0.0701972519954 220
-0.0721265036711 221
-0.0740557561656 222
-0.075985009469 223
-0.0779142617821 224
-0.0798435142191 225
-0.0817727660533 226
-0.0837020191219 227
-0.085631271212 228
-0.0875605232366 229
-0.0894897765716 230
-0.0914190288204 231
-0.0933482814498 232
-0.0952775336051 233
-0.0972067857214 234
-0.0991371847407 235
-0.101164102974 236
-0.103292366589 237
-0.105527044923 238
-0.107873456367 239
-0.110337188009 240
-0.11292410647 241
-0.115640370485 242
-0.118492448441 243
-0.121487130654 244
-0.124631546236 245
-0.127933182187 246
-0.131399900741 247
-0.135039954131 248
-0.138807351653 249
-0.142574749275 250
-0.146342146179 251
-0.150109544127 252
-0.153876940565 253
-0.157644338488 254
-0.161411735049 255
-0.165179132935 256
-0.168946529458 257
-0.172713927029 258
-0.176481324546 259
-0.180248721932 260
-0.184016119927 261
-0.187783516236 262
-0.191550913694 263
-0.195318311676 264
-0.199085708258 265
-0.202853105881 266
-0.20662050295 267
-0.210387900726 268
-0.214155298148 269
-0.217922695576 270
-0.221690092514 271
-0.225457490412 272
-0.229224887619 273
-0.232992284716 274
-0.236759682179 275
-0.240527079202 276
-0.244294477217 277
-0.248061874239 278
-0.251829271346 279
-0.25559666877 280
-0.259364066533 281
-0.263131463489 282
-0.266898861598 283
-0.270666258602 284
-0.274433655563 285
-0.278201053801 286
-0.281968450481 287
-0.285735848841 288
-0.289503246061 289
-0.293270642883 290
-0.29703804089 291
-0.30080543806 292
-0.304572835379 293
-0.308340232661 294
-0.31210763014 295
-0.315875027385 296
-0.31964242521 297
-0.323409822506 298
-0.327177220198 299
-0.330944617575 300
-0.334712015101 301
-0.338479411697 302
-0.342246810026 303
-0.34601420703 304
-0.34978160433 305
-0.353549002125 306
-0.357316398758 307
-0.361083796386 308
-0.364851193694 309
-0.368618591772 310
-0.372385988777 311
-0.376153386752 312
-0.379920783429 313
-0.383688180997 314
-0.387455578729 315
-0.391222976014 316
-0.394990373543 317
-0.398757770521 318
-0.402525168525 319
-0.406292565834 320
-0.410059963072 321
-0.413827360531 322
-0.417594757274 323
-0.421362155112 324
-0.42512955282 325
-0.428896949914 326
-0.43266434672 327
-0.436431745133 328
-0.440199141735 329
-0.443966539685 330
-0.447733936861 331
-0.451501334033 332
-0.455268731822 333
-0.459036128775 334
-0.462803526399 335
-0.466570923786 336
-0.470338320735 337
-0.474105718227 338
-0.477873115708 339
-0.48164051323 340
-0.485407910736 341
-0.489175308189 342
-0.492942705265 343
-0.496710103074 344
-0.500477500321 345
-0.504244897846 346
-0.508012294982 347
-0.511779692412 348
-0.515547090237 349
-0.519314486702 350
-0.523081884256 351
-0.52684928255 352
-0.530616679378 353
-0.534384077133 354
-0.5381660834 355
-0.540529836966 356
-0.542007183001 357
-0.542930523938 358
-0.543507612848 359
