#+++++++++++++++++++++++++++++++++++++++++++++++++++++++++++++++++++++++++++++++++++++++++++++++++++++++++++++++++++++++++++++++++
#
#   IPW-3 Final Ice Shape DATA SUBMITTAL FORM for Test Case NACA0012_AE3933, May 18th 2026
#
#       NOMENCLATURE:
#             X_ICED [m]:  X-coordinate of the iced surface
#             Y_ICED [m]:  Y-coordinate of the iced surface
#             Z_ICED [m]:  Z-coordinate of the iced surface
#
#                XXmm:  Roughness height used for the case, in mm.
#                       In the zone name, use the format KS_XXmm.
#                       For example, if k_s = 1.5 mm, use KS_1p5mm. 
#                       For Variable roughness, use KS_VAR
#
#    FLOW CONDITIONS:
#                                   AOA: 4.0 deg
#                           Mach Number: 0.3127 [-]
#       Mean aerodynamic chord (M.A.C.): 0.5334 [m]
#                       Reynolds Number: 3.8947 million (based on MAC)
#                       Freestream Temp: 270.95 [K]
#                        Reference area: 0.97548 [m2]
#               Moment Reference Center: 0.13335, 0, 0 [m] (X, Y, Z)
#
#    ICING CONDITIONS:
#                           Icing Time: 420 [s]
#                                  LWC: 0.55 [g/m3]
#                                  MVD: 20 [μm]
#
#              NOTES: 1. Please use at least 5 decimal places in the numerical values
#                     2. If data are NOT provided, please fill data fields with a numerical value of "-999" 
#
#++++++++++++++++++++++++++++++++++++++++++++++++++++++++++++++++++++++++++++++++++++++++++++++++++++++++++++++++++++

AUXDATA NUM_LAYERS  = "insert the number of total ice layers"
                                              
VARIABLES = "X_ICED" "Y_ICED" "Z_ICED"

ZONE T="SLICE_Y_0p9144_BINS01_KS_0p5334mm_SINGLE_LAYER"
0.53242 0.91440 -0.02795 
0.53242 0.91440 -0.02804 
0.53241 0.91440 -0.02813 
0.53240 0.91440 -0.02822 
0.53240 0.91440 -0.02831 
0.53239 0.91440 -0.02840 
0.53238 0.91440 -0.02849 
0.53238 0.91440 -0.02858 
0.53213 0.91440 -0.02859 
0.53172 0.91440 -0.02862 
0.53107 0.91440 -0.02867 
0.53003 0.91440 -0.02874 
0.52837 0.91440 -0.02885 
0.52580 0.91440 -0.02903 
0.52324 0.91440 -0.02920 
0.52067 0.91440 -0.02937 
0.51810 0.91440 -0.02954 
0.51553 0.91440 -0.02971 
0.51296 0.91440 -0.02987 
0.51039 0.91440 -0.03003 
0.50782 0.91440 -0.03019 
0.50525 0.91440 -0.03035 
0.50268 0.91440 -0.03051 
0.50011 0.91440 -0.03067 
0.49754 0.91440 -0.03082 
0.49497 0.91440 -0.03097 
0.49240 0.91440 -0.03112 
0.48983 0.91440 -0.03127 
0.48726 0.91440 -0.03141 
0.48469 0.91440 -0.03156 
0.48212 0.91440 -0.03170 
0.47955 0.91440 -0.03184 
0.47698 0.91440 -0.03198 
0.47441 0.91440 -0.03212 
0.47184 0.91440 -0.03225 
0.46927 0.91440 -0.03239 
0.46670 0.91440 -0.03252 
0.46413 0.91440 -0.03265 
0.46156 0.91440 -0.03278 
0.45899 0.91440 -0.03290 
0.45642 0.91440 -0.03303 
0.45384 0.91440 -0.03315 
0.45127 0.91440 -0.03327 
0.44870 0.91440 -0.03339 
0.44613 0.91440 -0.03351 
0.44356 0.91440 -0.03363 
0.44099 0.91440 -0.03374 
0.43841 0.91440 -0.03386 
0.43584 0.91440 -0.03397 
0.43327 0.91440 -0.03408 
0.43070 0.91440 -0.03419 
0.42813 0.91440 -0.03430 
0.42555 0.91440 -0.03440 
0.42298 0.91440 -0.03450 
0.42041 0.91440 -0.03461 
0.41784 0.91440 -0.03471 
0.41527 0.91440 -0.03481 
0.41269 0.91440 -0.03490 
0.41012 0.91440 -0.03500 
0.40755 0.91440 -0.03509 
0.40498 0.91440 -0.03519 
0.40240 0.91440 -0.03528 
0.39983 0.91440 -0.03537 
0.39726 0.91440 -0.03545 
0.39468 0.91440 -0.03554 
0.39211 0.91440 -0.03562 
0.38954 0.91440 -0.03571 
0.38697 0.91440 -0.03579 
0.38439 0.91440 -0.03587 
0.38182 0.91440 -0.03594 
0.37925 0.91440 -0.03602 
0.37667 0.91440 -0.03609 
0.37410 0.91440 -0.03617 
0.37153 0.91440 -0.03624 
0.36895 0.91440 -0.03631 
0.36638 0.91440 -0.03637 
0.36381 0.91440 -0.03644 
0.36123 0.91440 -0.03650 
0.35866 0.91440 -0.03657 
0.35609 0.91440 -0.03663 
0.35351 0.91440 -0.03668 
0.35094 0.91440 -0.03674 
0.34837 0.91440 -0.03680 
0.34579 0.91440 -0.03685 
0.34322 0.91440 -0.03690 
0.34064 0.91440 -0.03695 
0.33807 0.91440 -0.03700 
0.33550 0.91440 -0.03704 
0.33292 0.91440 -0.03709 
0.33035 0.91440 -0.03713 
0.32777 0.91440 -0.03717 
0.32520 0.91440 -0.03721 
0.32263 0.91440 -0.03724 
0.32005 0.91440 -0.03728 
0.31748 0.91440 -0.03731 
0.31490 0.91440 -0.03734 
0.31233 0.91440 -0.03737 
0.30976 0.91440 -0.03739 
0.30718 0.91440 -0.03742 
0.30461 0.91440 -0.03744 
0.30203 0.91440 -0.03746 
0.29946 0.91440 -0.03747 
0.29689 0.91440 -0.03749 
0.29431 0.91440 -0.03750 
0.29174 0.91440 -0.03751 
0.28916 0.91440 -0.03752 
0.28659 0.91440 -0.03753 
0.28401 0.91440 -0.03753 
0.28144 0.91440 -0.03753 
0.27887 0.91440 -0.03753 
0.27629 0.91440 -0.03752 
0.27372 0.91440 -0.03752 
0.27114 0.91440 -0.03751 
0.26857 0.91440 -0.03750 
0.26599 0.91440 -0.03748 
0.26342 0.91440 -0.03746 
0.26085 0.91440 -0.03744 
0.25827 0.91440 -0.03742 
0.25570 0.91440 -0.03740 
0.25312 0.91440 -0.03737 
0.25055 0.91440 -0.03734 
0.24798 0.91440 -0.03730 
0.24540 0.91440 -0.03727 
0.24283 0.91440 -0.03723 
0.24025 0.91440 -0.03718 
0.23768 0.91440 -0.03714 
0.23511 0.91440 -0.03709 
0.23253 0.91440 -0.03703 
0.22996 0.91440 -0.03698 
0.22738 0.91440 -0.03692 
0.22481 0.91440 -0.03686 
0.22224 0.91440 -0.03679 
0.21966 0.91440 -0.03672 
0.21709 0.91440 -0.03665 
0.21452 0.91440 -0.03657 
0.21195 0.91440 -0.03649 
0.20937 0.91440 -0.03641 
0.20680 0.91440 -0.03632 
0.20423 0.91440 -0.03622 
0.20165 0.91440 -0.03613 
0.19908 0.91440 -0.03603 
0.19651 0.91440 -0.03592 
0.19394 0.91440 -0.03582 
0.19137 0.91440 -0.03570 
0.18879 0.91440 -0.03559 
0.18622 0.91440 -0.03546 
0.18365 0.91440 -0.03534 
0.18108 0.91440 -0.03521 
0.17851 0.91440 -0.03507 
0.17594 0.91440 -0.03493 
0.17337 0.91440 -0.03479 
0.17080 0.91440 -0.03464 
0.16823 0.91440 -0.03448 
0.16566 0.91440 -0.03432 
0.16309 0.91440 -0.03416 
0.16052 0.91440 -0.03399 
0.15796 0.91440 -0.03381 
0.15539 0.91440 -0.03363 
0.15282 0.91440 -0.03344 
0.15025 0.91440 -0.03325 
0.14769 0.91440 -0.03305 
0.14512 0.91440 -0.03285 
0.14255 0.91440 -0.03263 
0.13999 0.91440 -0.03242 
0.13743 0.91440 -0.03219 
0.13486 0.91440 -0.03196 
0.13230 0.91440 -0.03172 
0.12974 0.91440 -0.03148 
0.12717 0.91440 -0.03123 
0.12461 0.91440 -0.03097 
0.12205 0.91440 -0.03070 
0.11949 0.91440 -0.03043 
0.11693 0.91440 -0.03015 
0.11438 0.91440 -0.02986 
0.11182 0.91440 -0.02956 
0.10924 0.91440 -0.02925 
0.10679 0.91440 -0.02894 
0.10445 0.91440 -0.02865 
0.10222 0.91440 -0.02836 
0.10011 0.91440 -0.02808 
0.09809 0.91440 -0.02780 
0.09617 0.91440 -0.02754 
0.09434 0.91440 -0.02728 
0.09260 0.91440 -0.02702 
0.09095 0.91440 -0.02678 
0.08937 0.91440 -0.02654 
0.08787 0.91440 -0.02631 
0.08644 0.91440 -0.02609 
0.08501 0.91440 -0.02586 
0.08359 0.91440 -0.02563 
0.08216 0.91440 -0.02540 
0.08073 0.91440 -0.02516 
0.07931 0.91440 -0.02492 
0.07788 0.91440 -0.02467 
0.07646 0.91440 -0.02442 
0.07503 0.91440 -0.02417 
0.07361 0.91440 -0.02391 
0.07219 0.91440 -0.02365 
0.07077 0.91440 -0.02339 
0.06935 0.91440 -0.02312 
0.06793 0.91440 -0.02284 
0.06651 0.91440 -0.02256 
0.06509 0.91440 -0.02228 
0.06367 0.91440 -0.02199 
0.06226 0.91440 -0.02169 
0.06084 0.91440 -0.02142 
0.05941 0.91440 -0.02120 
0.05805 0.91440 -0.02099 
0.05750 0.91440 -0.02235 
0.05584 0.91440 -0.02417 
0.05334 0.91440 -0.02456 
0.05153 0.91440 -0.02473 
0.04982 0.91440 -0.02454 
0.04829 0.91440 -0.02429 
0.04681 0.91440 -0.02396 
0.04536 0.91440 -0.02362 
0.04392 0.91440 -0.02326 
0.04249 0.91440 -0.02289 
0.04106 0.91440 -0.02251 
0.03963 0.91440 -0.02212 
0.03821 0.91440 -0.02172 
0.03678 0.91440 -0.02131 
0.03536 0.91440 -0.02090 
0.03394 0.91440 -0.02047 
0.03251 0.91440 -0.02003 
0.03109 0.91440 -0.01958 
0.02966 0.91440 -0.01911 
0.02824 0.91440 -0.01862 
0.02682 0.91440 -0.01812 
0.02540 0.91440 -0.01760 
0.02399 0.91440 -0.01706 
0.02258 0.91440 -0.01650 
0.02118 0.91440 -0.01592 
0.01977 0.91440 -0.01530 
0.01837 0.91440 -0.01467 
0.01698 0.91440 -0.01401 
0.01561 0.91440 -0.01331 
0.01423 0.91440 -0.01258 
0.01286 0.91440 -0.01181 
0.01151 0.91440 -0.01099 
0.01018 0.91440 -0.01014 
0.00887 0.91440 -0.00923 
0.00758 0.91440 -0.00828 
0.00632 0.91440 -0.00728 
0.00509 0.91440 -0.00623 
0.00389 0.91440 -0.00511 
0.00278 0.91440 -0.00398 
0.00178 0.91440 -0.00286 
0.00088 0.91440 -0.00176 
0.00011 0.91440 -0.00073 
-0.00060 0.91440 0.00019 
-0.00124 0.91440 0.00097 
-0.00182 0.91440 0.00160 
-0.00241 0.91440 0.00222 
-0.00303 0.91440 0.00282 
-0.00368 0.91440 0.00343 
-0.00437 0.91440 0.00415 
-0.00510 0.91440 0.00497 
-0.00583 0.91440 0.00593 
-0.00655 0.91440 0.00706 
-0.00720 0.91440 0.00836 
-0.00776 0.91440 0.00988 
-0.00814 0.91440 0.01160 
-0.00830 0.91440 0.01350 
-0.00811 0.91440 0.01553 
-0.00752 0.91440 0.01771 
-0.00639 0.91440 0.01990 
-0.00461 0.91440 0.02193 
-0.00206 0.91440 0.02369 
0.00121 0.91440 0.02443 
0.00565 0.91440 0.02390 
0.00812 0.91440 0.02057 
0.00732 0.91440 0.01914 
0.00825 0.91440 0.01928 
0.00951 0.91440 0.01996 
0.01079 0.91440 0.02062 
0.01210 0.91440 0.02123 
0.01342 0.91440 0.02180 
0.01475 0.91440 0.02234 
0.01610 0.91440 0.02285 
0.01745 0.91440 0.02334 
0.01882 0.91440 0.02379 
0.02019 0.91440 0.02422 
0.02157 0.91440 0.02464 
0.02295 0.91440 0.02503 
0.02434 0.91440 0.02540 
0.02574 0.91440 0.02576 
0.02713 0.91440 0.02610 
0.02854 0.91440 0.02642 
0.02994 0.91440 0.02673 
0.03135 0.91440 0.02703 
0.03276 0.91440 0.02731 
0.03417 0.91440 0.02758 
0.03559 0.91440 0.02784 
0.03701 0.91440 0.02809 
0.03843 0.91440 0.02833 
0.03985 0.91440 0.02856 
0.04127 0.91440 0.02878 
0.04269 0.91440 0.02899 
0.04412 0.91440 0.02919 
0.04554 0.91440 0.02939 
0.04697 0.91440 0.02957 
0.04840 0.91440 0.02975 
0.04983 0.91440 0.02992 
0.05126 0.91440 0.03008 
0.05269 0.91440 0.03023 
0.05412 0.91440 0.03038 
0.05555 0.91440 0.03052 
0.05698 0.91440 0.03066 
0.05842 0.91440 0.03079 
0.05985 0.91440 0.03091 
0.06129 0.91440 0.03103 
0.06272 0.91440 0.03114 
0.06415 0.91440 0.03125 
0.06559 0.91440 0.03135 
0.06703 0.91440 0.03144 
0.06846 0.91440 0.03154 
0.06990 0.91440 0.03162 
0.07134 0.91440 0.03170 
0.07277 0.91440 0.03178 
0.07421 0.91440 0.03185 
0.07565 0.91440 0.03192 
0.07709 0.91440 0.03198 
0.07852 0.91440 0.03204 
0.07996 0.91440 0.03209 
0.08140 0.91440 0.03214 
0.08284 0.91440 0.03218 
0.08428 0.91440 0.03223 
0.08571 0.91440 0.03226 
0.08715 0.91440 0.03230 
0.08859 0.91440 0.03233 
0.09003 0.91440 0.03235 
0.09147 0.91440 0.03238 
0.09298 0.91440 0.03240 
0.09456 0.91440 0.03241 
0.09623 0.91440 0.03243 
0.09798 0.91440 0.03244 
0.09981 0.91440 0.03244 
0.10174 0.91440 0.03244 
0.10376 0.91440 0.03243 
0.10589 0.91440 0.03242 
0.10812 0.91440 0.03240 
0.11046 0.91440 0.03237 
0.11292 0.91440 0.03233 
0.11550 0.91440 0.03228 
0.11808 0.91440 0.03222 
0.12066 0.91440 0.03215 
0.12323 0.91440 0.03208 
0.12581 0.91440 0.03200 
0.12839 0.91440 0.03191 
0.13096 0.91440 0.03181 
0.13354 0.91440 0.03170 
0.13611 0.91440 0.03159 
0.13869 0.91440 0.03147 
0.14127 0.91440 0.03134 
0.14384 0.91440 0.03121 
0.14641 0.91440 0.03107 
0.14899 0.91440 0.03092 
0.15156 0.91440 0.03077 
0.15414 0.91440 0.03061 
0.15671 0.91440 0.03045 
0.15928 0.91440 0.03027 
0.16185 0.91440 0.03010 
0.16442 0.91440 0.02992 
0.16700 0.91440 0.02973 
0.16957 0.91440 0.02954 
0.17214 0.91440 0.02934 
0.17471 0.91440 0.02913 
0.17728 0.91440 0.02893 
0.17985 0.91440 0.02871 
0.18242 0.91440 0.02849 
0.18498 0.91440 0.02827 
0.18755 0.91440 0.02804 
0.19012 0.91440 0.02781 
0.19269 0.91440 0.02757 
0.19525 0.91440 0.02733 
0.19782 0.91440 0.02708 
0.20039 0.91440 0.02683 
0.20295 0.91440 0.02658 
0.20552 0.91440 0.02632 
0.20808 0.91440 0.02606 
0.21065 0.91440 0.02579 
0.21321 0.91440 0.02552 
0.21577 0.91440 0.02525 
0.21834 0.91440 0.02497 
0.22090 0.91440 0.02469 
0.22346 0.91440 0.02440 
0.22602 0.91440 0.02411 
0.22859 0.91440 0.02382 
0.23115 0.91440 0.02353 
0.23371 0.91440 0.02323 
0.23627 0.91440 0.02292 
0.23883 0.91440 0.02262 
0.24139 0.91440 0.02231 
0.24395 0.91440 0.02200 
0.24651 0.91440 0.02168 
0.24906 0.91440 0.02136 
0.25162 0.91440 0.02104 
0.25418 0.91440 0.02072 
0.25674 0.91440 0.02039 
0.25929 0.91440 0.02006 
0.26185 0.91440 0.01973 
0.26441 0.91440 0.01939 
0.26696 0.91440 0.01905 
0.26952 0.91440 0.01871 
0.27207 0.91440 0.01837 
0.27463 0.91440 0.01802 
0.27718 0.91440 0.01767 
0.27974 0.91440 0.01732 
0.28229 0.91440 0.01696 
0.28484 0.91440 0.01661 
0.28740 0.91440 0.01625 
0.28995 0.91440 0.01589 
0.29250 0.91440 0.01552 
0.29505 0.91440 0.01516 
0.29761 0.91440 0.01479 
0.30016 0.91440 0.01442 
0.30271 0.91440 0.01404 
0.30526 0.91440 0.01367 
0.30781 0.91440 0.01329 
0.31036 0.91440 0.01291 
0.31291 0.91440 0.01253 
0.31546 0.91440 0.01214 
0.31801 0.91440 0.01176 
0.32056 0.91440 0.01137 
0.32311 0.91440 0.01098 
0.32565 0.91440 0.01059 
0.32820 0.91440 0.01019 
0.33075 0.91440 0.00980 
0.33330 0.91440 0.00940 
0.33584 0.91440 0.00900 
0.33839 0.91440 0.00860 
0.34094 0.91440 0.00819 
0.34348 0.91440 0.00779 
0.34603 0.91440 0.00738 
0.34857 0.91440 0.00697 
0.35112 0.91440 0.00656 
0.35366 0.91440 0.00615 
0.35621 0.91440 0.00573 
0.35875 0.91440 0.00531 
0.36130 0.91440 0.00489 
0.36384 0.91440 0.00447 
0.36638 0.91440 0.00405 
0.36893 0.91440 0.00363 
0.37147 0.91440 0.00320 
0.37401 0.91440 0.00278 
0.37655 0.91440 0.00235 
0.37910 0.91440 0.00192 
0.38164 0.91440 0.00149 
0.38418 0.91440 0.00105 
0.38672 0.91440 0.00062 
0.38926 0.91440 0.00018 
0.39180 0.91440 -0.00026 
0.39434 0.91440 -0.00070 
0.39688 0.91440 -0.00114 
0.39942 0.91440 -0.00159 
0.40196 0.91440 -0.00203 
0.40450 0.91440 -0.00248 
0.40704 0.91440 -0.00293 
0.40958 0.91440 -0.00338 
0.41212 0.91440 -0.00383 
0.41466 0.91440 -0.00428 
0.41719 0.91440 -0.00474 
0.41973 0.91440 -0.00519 
0.42227 0.91440 -0.00565 
0.42480 0.91440 -0.00611 
0.42734 0.91440 -0.00657 
0.42988 0.91440 -0.00704 
0.43241 0.91440 -0.00750 
0.43495 0.91440 -0.00797 
0.43748 0.91440 -0.00843 
0.44002 0.91440 -0.00890 
0.44255 0.91440 -0.00937 
0.44509 0.91440 -0.00985 
0.44762 0.91440 -0.01032 
0.45016 0.91440 -0.01080 
0.45269 0.91440 -0.01127 
0.45522 0.91440 -0.01175 
0.45776 0.91440 -0.01223 
0.46029 0.91440 -0.01272 
0.46282 0.91440 -0.01320 
0.46535 0.91440 -0.01369 
0.46789 0.91440 -0.01417 
0.47042 0.91440 -0.01466 
0.47295 0.91440 -0.01515 
0.47548 0.91440 -0.01565 
0.47801 0.91440 -0.01614 
0.48054 0.91440 -0.01664 
0.48307 0.91440 -0.01713 
0.48560 0.91440 -0.01763 
0.48813 0.91440 -0.01813 
0.49066 0.91440 -0.01864 
0.49318 0.91440 -0.01914 
0.49571 0.91440 -0.01965 
0.49824 0.91440 -0.02016 
0.50077 0.91440 -0.02067 
0.50329 0.91440 -0.02118 
0.50582 0.91440 -0.02169 
0.50835 0.91440 -0.02221 
0.51087 0.91440 -0.02273 
0.51340 0.91440 -0.02325 
0.51592 0.91440 -0.02377 
0.51845 0.91440 -0.02429 
0.52097 0.91440 -0.02482 
0.52349 0.91440 -0.02534 
0.52602 0.91440 -0.02587 
0.52854 0.91440 -0.02640 
0.53017 0.91440 -0.02675 
0.53119 0.91440 -0.02696 
0.53183 0.91440 -0.02710 
0.53222 0.91440 -0.02718 
0.53247 0.91440 -0.02724 
0.53247 0.91440 -0.02733 
0.53246 0.91440 -0.02741 
0.53245 0.91440 -0.02750 
0.53245 0.91440 -0.02759 
0.53244 0.91440 -0.02768 
0.53243 0.91440 -0.02777 
0.53243 0.91440 -0.02786 
0.53242 0.91440 -0.02795 

ZONE T="SLICE_Y_0p9144_BINS03_KS_0p5334mm_SINGLE_LAYER"
0.53242 0.91440 -0.02795 
0.53242 0.91440 -0.02804 
0.53241 0.91440 -0.02813 
0.53240 0.91440 -0.02822 
0.53240 0.91440 -0.02831 
0.53239 0.91440 -0.02840 
0.53238 0.91440 -0.02849 
0.53238 0.91440 -0.02858 
0.53213 0.91440 -0.02859 
0.53172 0.91440 -0.02862 
0.53107 0.91440 -0.02867 
0.53003 0.91440 -0.02874 
0.52837 0.91440 -0.02885 
0.52580 0.91440 -0.02903 
0.52324 0.91440 -0.02920 
0.52067 0.91440 -0.02937 
0.51810 0.91440 -0.02954 
0.51553 0.91440 -0.02971 
0.51296 0.91440 -0.02987 
0.51039 0.91440 -0.03003 
0.50782 0.91440 -0.03019 
0.50525 0.91440 -0.03035 
0.50268 0.91440 -0.03051 
0.50011 0.91440 -0.03067 
0.49754 0.91440 -0.03082 
0.49497 0.91440 -0.03097 
0.49240 0.91440 -0.03112 
0.48983 0.91440 -0.03127 
0.48726 0.91440 -0.03141 
0.48469 0.91440 -0.03156 
0.48212 0.91440 -0.03170 
0.47955 0.91440 -0.03184 
0.47698 0.91440 -0.03198 
0.47441 0.91440 -0.03212 
0.47184 0.91440 -0.03225 
0.46927 0.91440 -0.03239 
0.46670 0.91440 -0.03252 
0.46413 0.91440 -0.03265 
0.46156 0.91440 -0.03278 
0.45899 0.91440 -0.03290 
0.45642 0.91440 -0.03303 
0.45384 0.91440 -0.03315 
0.45127 0.91440 -0.03327 
0.44870 0.91440 -0.03339 
0.44613 0.91440 -0.03351 
0.44356 0.91440 -0.03363 
0.44099 0.91440 -0.03374 
0.43841 0.91440 -0.03386 
0.43584 0.91440 -0.03397 
0.43327 0.91440 -0.03408 
0.43070 0.91440 -0.03419 
0.42813 0.91440 -0.03430 
0.42555 0.91440 -0.03440 
0.42298 0.91440 -0.03450 
0.42041 0.91440 -0.03461 
0.41784 0.91440 -0.03471 
0.41527 0.91440 -0.03481 
0.41269 0.91440 -0.03490 
0.41012 0.91440 -0.03500 
0.40755 0.91440 -0.03509 
0.40498 0.91440 -0.03519 
0.40240 0.91440 -0.03528 
0.39983 0.91440 -0.03537 
0.39726 0.91440 -0.03545 
0.39468 0.91440 -0.03554 
0.39211 0.91440 -0.03562 
0.38954 0.91440 -0.03571 
0.38697 0.91440 -0.03579 
0.38439 0.91440 -0.03587 
0.38182 0.91440 -0.03594 
0.37925 0.91440 -0.03602 
0.37667 0.91440 -0.03609 
0.37410 0.91440 -0.03617 
0.37153 0.91440 -0.03624 
0.36895 0.91440 -0.03631 
0.36638 0.91440 -0.03637 
0.36381 0.91440 -0.03644 
0.36123 0.91440 -0.03650 
0.35866 0.91440 -0.03657 
0.35609 0.91440 -0.03663 
0.35351 0.91440 -0.03668 
0.35094 0.91440 -0.03674 
0.34837 0.91440 -0.03680 
0.34579 0.91440 -0.03685 
0.34322 0.91440 -0.03690 
0.34064 0.91440 -0.03695 
0.33807 0.91440 -0.03700 
0.33550 0.91440 -0.03704 
0.33292 0.91440 -0.03709 
0.33035 0.91440 -0.03713 
0.32777 0.91440 -0.03717 
0.32520 0.91440 -0.03721 
0.32263 0.91440 -0.03724 
0.32005 0.91440 -0.03728 
0.31748 0.91440 -0.03731 
0.31490 0.91440 -0.03734 
0.31233 0.91440 -0.03737 
0.30976 0.91440 -0.03739 
0.30718 0.91440 -0.03742 
0.30461 0.91440 -0.03744 
0.30203 0.91440 -0.03746 
0.29946 0.91440 -0.03747 
0.29689 0.91440 -0.03749 
0.29431 0.91440 -0.03750 
0.29174 0.91440 -0.03751 
0.28916 0.91440 -0.03752 
0.28659 0.91440 -0.03753 
0.28401 0.91440 -0.03753 
0.28144 0.91440 -0.03753 
0.27887 0.91440 -0.03753 
0.27629 0.91440 -0.03752 
0.27372 0.91440 -0.03752 
0.27114 0.91440 -0.03751 
0.26857 0.91440 -0.03750 
0.26599 0.91440 -0.03748 
0.26342 0.91440 -0.03746 
0.26085 0.91440 -0.03744 
0.25827 0.91440 -0.03742 
0.25570 0.91440 -0.03740 
0.25312 0.91440 -0.03737 
0.25055 0.91440 -0.03734 
0.24798 0.91440 -0.03730 
0.24540 0.91440 -0.03727 
0.24283 0.91440 -0.03723 
0.24025 0.91440 -0.03718 
0.23768 0.91440 -0.03714 
0.23511 0.91440 -0.03709 
0.23253 0.91440 -0.03703 
0.22996 0.91440 -0.03698 
0.22738 0.91440 -0.03692 
0.22481 0.91440 -0.03686 
0.22224 0.91440 -0.03679 
0.21966 0.91440 -0.03672 
0.21709 0.91440 -0.03665 
0.21452 0.91440 -0.03657 
0.21195 0.91440 -0.03649 
0.20937 0.91440 -0.03641 
0.20680 0.91440 -0.03632 
0.20423 0.91440 -0.03622 
0.20165 0.91440 -0.03613 
0.19908 0.91440 -0.03603 
0.19651 0.91440 -0.03592 
0.19394 0.91440 -0.03582 
0.19137 0.91440 -0.03570 
0.18879 0.91440 -0.03559 
0.18622 0.91440 -0.03546 
0.18365 0.91440 -0.03534 
0.18108 0.91440 -0.03521 
0.17851 0.91440 -0.03507 
0.17594 0.91440 -0.03493 
0.17337 0.91440 -0.03479 
0.17080 0.91440 -0.03464 
0.16823 0.91440 -0.03448 
0.16566 0.91440 -0.03432 
0.16309 0.91440 -0.03416 
0.16052 0.91440 -0.03399 
0.15796 0.91440 -0.03381 
0.15539 0.91440 -0.03363 
0.15282 0.91440 -0.03344 
0.15025 0.91440 -0.03325 
0.14769 0.91440 -0.03305 
0.14512 0.91440 -0.03285 
0.14255 0.91440 -0.03263 
0.13999 0.91440 -0.03242 
0.13743 0.91440 -0.03219 
0.13486 0.91440 -0.03197 
0.13230 0.91440 -0.03175 
0.12973 0.91440 -0.03153 
0.12717 0.91440 -0.03130 
0.12460 0.91440 -0.03106 
0.12204 0.91440 -0.03082 
0.11948 0.91440 -0.03056 
0.11692 0.91440 -0.03030 
0.11436 0.91440 -0.03004 
0.11180 0.91440 -0.02976 
0.10921 0.91440 -0.02948 
0.10675 0.91440 -0.02920 
0.10441 0.91440 -0.02893 
0.10219 0.91440 -0.02866 
0.10006 0.91440 -0.02840 
0.09804 0.91440 -0.02815 
0.09612 0.91440 -0.02791 
0.09429 0.91440 -0.02767 
0.09255 0.91440 -0.02744 
0.09089 0.91440 -0.02721 
0.08931 0.91440 -0.02699 
0.08780 0.91440 -0.02678 
0.08637 0.91440 -0.02658 
0.08494 0.91440 -0.02637 
0.08350 0.91440 -0.02616 
0.08207 0.91440 -0.02595 
0.08064 0.91440 -0.02573 
0.07921 0.91440 -0.02551 
0.07778 0.91440 -0.02528 
0.07635 0.91440 -0.02505 
0.07492 0.91440 -0.02482 
0.07349 0.91440 -0.02459 
0.07206 0.91440 -0.02435 
0.07064 0.91440 -0.02410 
0.06921 0.91440 -0.02386 
0.06778 0.91440 -0.02361 
0.06636 0.91440 -0.02335 
0.06493 0.91440 -0.02309 
0.06351 0.91440 -0.02283 
0.06208 0.91440 -0.02256 
0.06066 0.91440 -0.02229 
0.05924 0.91440 -0.02201 
0.05782 0.91440 -0.02173 
0.05638 0.91440 -0.02149 
0.05535 0.91440 -0.02122 
0.05479 0.91440 -0.02237 
0.05271 0.91440 -0.02388 
0.05033 0.91440 -0.02405 
0.04860 0.91440 -0.02417 
0.04690 0.91440 -0.02390 
0.04540 0.91440 -0.02363 
0.04392 0.91440 -0.02327 
0.04248 0.91440 -0.02291 
0.04105 0.91440 -0.02253 
0.03962 0.91440 -0.02213 
0.03820 0.91440 -0.02173 
0.03677 0.91440 -0.02132 
0.03535 0.91440 -0.02090 
0.03393 0.91440 -0.02047 
0.03250 0.91440 -0.02003 
0.03108 0.91440 -0.01957 
0.02965 0.91440 -0.01910 
0.02823 0.91440 -0.01861 
0.02681 0.91440 -0.01810 
0.02540 0.91440 -0.01758 
0.02399 0.91440 -0.01704 
0.02259 0.91440 -0.01647 
0.02118 0.91440 -0.01588 
0.01978 0.91440 -0.01527 
0.01838 0.91440 -0.01463 
0.01700 0.91440 -0.01396 
0.01562 0.91440 -0.01326 
0.01425 0.91440 -0.01252 
0.01289 0.91440 -0.01174 
0.01154 0.91440 -0.01093 
0.01021 0.91440 -0.01007 
0.00891 0.91440 -0.00917 
0.00763 0.91440 -0.00822 
0.00637 0.91440 -0.00722 
0.00514 0.91440 -0.00617 
0.00395 0.91440 -0.00506 
0.00284 0.91440 -0.00393 
0.00184 0.91440 -0.00281 
0.00094 0.91440 -0.00171 
0.00017 0.91440 -0.00069 
-0.00054 0.91440 0.00024 
-0.00118 0.91440 0.00101 
-0.00176 0.91440 0.00164 
-0.00235 0.91440 0.00226 
-0.00297 0.91440 0.00285 
-0.00362 0.91440 0.00346 
-0.00431 0.91440 0.00417 
-0.00504 0.91440 0.00498 
-0.00578 0.91440 0.00595 
-0.00650 0.91440 0.00707 
-0.00715 0.91440 0.00837 
-0.00771 0.91440 0.00989 
-0.00807 0.91440 0.01161 
-0.00823 0.91440 0.01355 
-0.00796 0.91440 0.01556 
-0.00733 0.91440 0.01785 
-0.00601 0.91440 0.01991 
-0.00405 0.91440 0.02211 
-0.00128 0.91440 0.02345 
0.00248 0.91440 0.02408 
0.00702 0.91440 0.02212 
0.00741 0.91440 0.01940 
0.00612 0.91440 0.02015 
0.00775 0.91440 0.02056 
0.00906 0.91440 0.02100 
0.01045 0.91440 0.02146 
0.01184 0.91440 0.02190 
0.01324 0.91440 0.02231 
0.01463 0.91440 0.02271 
0.01602 0.91440 0.02308 
0.01742 0.91440 0.02344 
0.01881 0.91440 0.02381 
0.02019 0.91440 0.02422 
0.02157 0.91440 0.02464 
0.02295 0.91440 0.02503 
0.02434 0.91440 0.02540 
0.02574 0.91440 0.02576 
0.02713 0.91440 0.02610 
0.02854 0.91440 0.02642 
0.02994 0.91440 0.02673 
0.03135 0.91440 0.02703 
0.03276 0.91440 0.02731 
0.03417 0.91440 0.02758 
0.03559 0.91440 0.02784 
0.03701 0.91440 0.02809 
0.03843 0.91440 0.02833 
0.03985 0.91440 0.02856 
0.04127 0.91440 0.02878 
0.04269 0.91440 0.02899 
0.04412 0.91440 0.02919 
0.04554 0.91440 0.02939 
0.04697 0.91440 0.02957 
0.04840 0.91440 0.02975 
0.04983 0.91440 0.02992 
0.05126 0.91440 0.03008 
0.05269 0.91440 0.03023 
0.05412 0.91440 0.03038 
0.05555 0.91440 0.03052 
0.05698 0.91440 0.03066 
0.05842 0.91440 0.03079 
0.05985 0.91440 0.03091 
0.06129 0.91440 0.03103 
0.06272 0.91440 0.03114 
0.06415 0.91440 0.03125 
0.06559 0.91440 0.03135 
0.06703 0.91440 0.03144 
0.06846 0.91440 0.03154 
0.06990 0.91440 0.03162 
0.07134 0.91440 0.03170 
0.07277 0.91440 0.03178 
0.07421 0.91440 0.03185 
0.07565 0.91440 0.03192 
0.07709 0.91440 0.03198 
0.07852 0.91440 0.03204 
0.07996 0.91440 0.03209 
0.08140 0.91440 0.03214 
0.08284 0.91440 0.03218 
0.08428 0.91440 0.03223 
0.08571 0.91440 0.03226 
0.08715 0.91440 0.03230 
0.08859 0.91440 0.03233 
0.09003 0.91440 0.03235 
0.09147 0.91440 0.03238 
0.09298 0.91440 0.03240 
0.09456 0.91440 0.03241 
0.09623 0.91440 0.03243 
0.09798 0.91440 0.03244 
0.09981 0.91440 0.03244 
0.10174 0.91440 0.03244 
0.10376 0.91440 0.03243 
0.10589 0.91440 0.03242 
0.10812 0.91440 0.03240 
0.11046 0.91440 0.03237 
0.11292 0.91440 0.03233 
0.11550 0.91440 0.03228 
0.11808 0.91440 0.03222 
0.12066 0.91440 0.03215 
0.12323 0.91440 0.03208 
0.12581 0.91440 0.03200 
0.12839 0.91440 0.03191 
0.13096 0.91440 0.03181 
0.13354 0.91440 0.03170 
0.13611 0.91440 0.03159 
0.13869 0.91440 0.03147 
0.14127 0.91440 0.03134 
0.14384 0.91440 0.03121 
0.14641 0.91440 0.03107 
0.14899 0.91440 0.03092 
0.15156 0.91440 0.03077 
0.15414 0.91440 0.03061 
0.15671 0.91440 0.03045 
0.15928 0.91440 0.03027 
0.16185 0.91440 0.03010 
0.16442 0.91440 0.02992 
0.16700 0.91440 0.02973 
0.16957 0.91440 0.02954 
0.17214 0.91440 0.02934 
0.17471 0.91440 0.02913 
0.17728 0.91440 0.02893 
0.17985 0.91440 0.02871 
0.18242 0.91440 0.02849 
0.18498 0.91440 0.02827 
0.18755 0.91440 0.02804 
0.19012 0.91440 0.02781 
0.19269 0.91440 0.02757 
0.19525 0.91440 0.02733 
0.19782 0.91440 0.02708 
0.20039 0.91440 0.02683 
0.20295 0.91440 0.02658 
0.20552 0.91440 0.02632 
0.20808 0.91440 0.02606 
0.21065 0.91440 0.02579 
0.21321 0.91440 0.02552 
0.21577 0.91440 0.02525 
0.21834 0.91440 0.02497 
0.22090 0.91440 0.02469 
0.22346 0.91440 0.02440 
0.22602 0.91440 0.02411 
0.22859 0.91440 0.02382 
0.23115 0.91440 0.02353 
0.23371 0.91440 0.02323 
0.23627 0.91440 0.02292 
0.23883 0.91440 0.02262 
0.24139 0.91440 0.02231 
0.24395 0.91440 0.02200 
0.24651 0.91440 0.02168 
0.24906 0.91440 0.02136 
0.25162 0.91440 0.02104 
0.25418 0.91440 0.02072 
0.25674 0.91440 0.02039 
0.25929 0.91440 0.02006 
0.26185 0.91440 0.01973 
0.26441 0.91440 0.01939 
0.26696 0.91440 0.01905 
0.26952 0.91440 0.01871 
0.27207 0.91440 0.01837 
0.27463 0.91440 0.01802 
0.27718 0.91440 0.01767 
0.27974 0.91440 0.01732 
0.28229 0.91440 0.01696 
0.28484 0.91440 0.01661 
0.28740 0.91440 0.01625 
0.28995 0.91440 0.01589 
0.29250 0.91440 0.01552 
0.29505 0.91440 0.01516 
0.29761 0.91440 0.01479 
0.30016 0.91440 0.01442 
0.30271 0.91440 0.01404 
0.30526 0.91440 0.01367 
0.30781 0.91440 0.01329 
0.31036 0.91440 0.01291 
0.31291 0.91440 0.01253 
0.31546 0.91440 0.01214 
0.31801 0.91440 0.01176 
0.32056 0.91440 0.01137 
0.32311 0.91440 0.01098 
0.32565 0.91440 0.01059 
0.32820 0.91440 0.01019 
0.33075 0.91440 0.00980 
0.33330 0.91440 0.00940 
0.33584 0.91440 0.00900 
0.33839 0.91440 0.00860 
0.34094 0.91440 0.00819 
0.34348 0.91440 0.00779 
0.34603 0.91440 0.00738 
0.34857 0.91440 0.00697 
0.35112 0.91440 0.00656 
0.35366 0.91440 0.00615 
0.35621 0.91440 0.00573 
0.35875 0.91440 0.00531 
0.36130 0.91440 0.00489 
0.36384 0.91440 0.00447 
0.36638 0.91440 0.00405 
0.36893 0.91440 0.00363 
0.37147 0.91440 0.00320 
0.37401 0.91440 0.00278 
0.37655 0.91440 0.00235 
0.37910 0.91440 0.00192 
0.38164 0.91440 0.00149 
0.38418 0.91440 0.00105 
0.38672 0.91440 0.00062 
0.38926 0.91440 0.00018 
0.39180 0.91440 -0.00026 
0.39434 0.91440 -0.00070 
0.39688 0.91440 -0.00114 
0.39942 0.91440 -0.00159 
0.40196 0.91440 -0.00203 
0.40450 0.91440 -0.00248 
0.40704 0.91440 -0.00293 
0.40958 0.91440 -0.00338 
0.41212 0.91440 -0.00383 
0.41466 0.91440 -0.00428 
0.41719 0.91440 -0.00474 
0.41973 0.91440 -0.00519 
0.42227 0.91440 -0.00565 
0.42480 0.91440 -0.00611 
0.42734 0.91440 -0.00657 
0.42988 0.91440 -0.00704 
0.43241 0.91440 -0.00750 
0.43495 0.91440 -0.00797 
0.43748 0.91440 -0.00843 
0.44002 0.91440 -0.00890 
0.44255 0.91440 -0.00937 
0.44509 0.91440 -0.00985 
0.44762 0.91440 -0.01032 
0.45016 0.91440 -0.01080 
0.45269 0.91440 -0.01127 
0.45522 0.91440 -0.01175 
0.45776 0.91440 -0.01223 
0.46029 0.91440 -0.01272 
0.46282 0.91440 -0.01320 
0.46535 0.91440 -0.01369 
0.46789 0.91440 -0.01417 
0.47042 0.91440 -0.01466 
0.47295 0.91440 -0.01515 
0.47548 0.91440 -0.01565 
0.47801 0.91440 -0.01614 
0.48054 0.91440 -0.01664 
0.48307 0.91440 -0.01713 
0.48560 0.91440 -0.01763 
0.48813 0.91440 -0.01813 
0.49066 0.91440 -0.01864 
0.49318 0.91440 -0.01914 
0.49571 0.91440 -0.01965 
0.49824 0.91440 -0.02016 
0.50077 0.91440 -0.02067 
0.50329 0.91440 -0.02118 
0.50582 0.91440 -0.02169 
0.50835 0.91440 -0.02221 
0.51087 0.91440 -0.02273 
0.51340 0.91440 -0.02325 
0.51592 0.91440 -0.02377 
0.51845 0.91440 -0.02429 
0.52097 0.91440 -0.02482 
0.52349 0.91440 -0.02534 
0.52602 0.91440 -0.02587 
0.52854 0.91440 -0.02640 
0.53017 0.91440 -0.02675 
0.53119 0.91440 -0.02696 
0.53183 0.91440 -0.02710 
0.53222 0.91440 -0.02718 
0.53247 0.91440 -0.02724 
0.53247 0.91440 -0.02733 
0.53246 0.91440 -0.02741 
0.53245 0.91440 -0.02750 
0.53245 0.91440 -0.02759 
0.53244 0.91440 -0.02768 
0.53243 0.91440 -0.02777 
0.53243 0.91440 -0.02786 
0.53242 0.91440 -0.02795 

ZONE T="SLICE_Y_0p9144_BINS07_KS_0p5334mm_SINGLE_LAYER"
0.53242 0.91440 -0.02795 
0.53242 0.91440 -0.02804 
0.53241 0.91440 -0.02813 
0.53240 0.91440 -0.02822 
0.53240 0.91440 -0.02831 
0.53239 0.91440 -0.02840 
0.53238 0.91440 -0.02849 
0.53238 0.91440 -0.02858 
0.53213 0.91440 -0.02859 
0.53172 0.91440 -0.02862 
0.53107 0.91440 -0.02867 
0.53003 0.91440 -0.02874 
0.52837 0.91440 -0.02885 
0.52580 0.91440 -0.02903 
0.52324 0.91440 -0.02920 
0.52067 0.91440 -0.02937 
0.51810 0.91440 -0.02954 
0.51553 0.91440 -0.02971 
0.51296 0.91440 -0.02987 
0.51039 0.91440 -0.03003 
0.50782 0.91440 -0.03019 
0.50525 0.91440 -0.03035 
0.50268 0.91440 -0.03051 
0.50011 0.91440 -0.03067 
0.49754 0.91440 -0.03082 
0.49497 0.91440 -0.03097 
0.49240 0.91440 -0.03112 
0.48983 0.91440 -0.03127 
0.48726 0.91440 -0.03141 
0.48469 0.91440 -0.03156 
0.48212 0.91440 -0.03170 
0.47955 0.91440 -0.03184 
0.47698 0.91440 -0.03198 
0.47441 0.91440 -0.03212 
0.47184 0.91440 -0.03225 
0.46927 0.91440 -0.03239 
0.46670 0.91440 -0.03252 
0.46413 0.91440 -0.03265 
0.46156 0.91440 -0.03278 
0.45899 0.91440 -0.03290 
0.45642 0.91440 -0.03303 
0.45384 0.91440 -0.03315 
0.45127 0.91440 -0.03327 
0.44870 0.91440 -0.03339 
0.44613 0.91440 -0.03351 
0.44356 0.91440 -0.03363 
0.44099 0.91440 -0.03374 
0.43841 0.91440 -0.03386 
0.43584 0.91440 -0.03397 
0.43327 0.91440 -0.03408 
0.43070 0.91440 -0.03419 
0.42813 0.91440 -0.03430 
0.42555 0.91440 -0.03440 
0.42298 0.91440 -0.03450 
0.42041 0.91440 -0.03461 
0.41784 0.91440 -0.03471 
0.41527 0.91440 -0.03481 
0.41269 0.91440 -0.03490 
0.41012 0.91440 -0.03500 
0.40755 0.91440 -0.03509 
0.40498 0.91440 -0.03519 
0.40240 0.91440 -0.03528 
0.39983 0.91440 -0.03537 
0.39726 0.91440 -0.03545 
0.39468 0.91440 -0.03554 
0.39211 0.91440 -0.03562 
0.38954 0.91440 -0.03571 
0.38697 0.91440 -0.03579 
0.38439 0.91440 -0.03587 
0.38182 0.91440 -0.03594 
0.37925 0.91440 -0.03602 
0.37667 0.91440 -0.03609 
0.37410 0.91440 -0.03617 
0.37153 0.91440 -0.03624 
0.36895 0.91440 -0.03631 
0.36638 0.91440 -0.03637 
0.36381 0.91440 -0.03644 
0.36123 0.91440 -0.03650 
0.35866 0.91440 -0.03657 
0.35609 0.91440 -0.03663 
0.35351 0.91440 -0.03668 
0.35094 0.91440 -0.03674 
0.34837 0.91440 -0.03680 
0.34579 0.91440 -0.03685 
0.34322 0.91440 -0.03690 
0.34064 0.91440 -0.03695 
0.33807 0.91440 -0.03700 
0.33550 0.91440 -0.03704 
0.33292 0.91440 -0.03709 
0.33035 0.91440 -0.03713 
0.32777 0.91440 -0.03717 
0.32520 0.91440 -0.03721 
0.32263 0.91440 -0.03724 
0.32005 0.91440 -0.03728 
0.31748 0.91440 -0.03731 
0.31490 0.91440 -0.03734 
0.31233 0.91440 -0.03737 
0.30976 0.91440 -0.03739 
0.30718 0.91440 -0.03742 
0.30461 0.91440 -0.03744 
0.30203 0.91440 -0.03746 
0.29946 0.91440 -0.03747 
0.29689 0.91440 -0.03749 
0.29431 0.91440 -0.03750 
0.29174 0.91440 -0.03751 
0.28916 0.91440 -0.03752 
0.28659 0.91440 -0.03753 
0.28401 0.91440 -0.03753 
0.28144 0.91440 -0.03753 
0.27887 0.91440 -0.03753 
0.27629 0.91440 -0.03752 
0.27372 0.91440 -0.03752 
0.27114 0.91440 -0.03751 
0.26857 0.91440 -0.03750 
0.26599 0.91440 -0.03748 
0.26342 0.91440 -0.03746 
0.26085 0.91440 -0.03744 
0.25827 0.91440 -0.03742 
0.25570 0.91440 -0.03740 
0.25312 0.91440 -0.03737 
0.25055 0.91440 -0.03734 
0.24798 0.91440 -0.03730 
0.24540 0.91440 -0.03727 
0.24283 0.91440 -0.03723 
0.24025 0.91440 -0.03718 
0.23768 0.91440 -0.03714 
0.23511 0.91440 -0.03709 
0.23253 0.91440 -0.03703 
0.22996 0.91440 -0.03698 
0.22738 0.91440 -0.03692 
0.22481 0.91440 -0.03686 
0.22224 0.91440 -0.03679 
0.21966 0.91440 -0.03672 
0.21709 0.91440 -0.03665 
0.21452 0.91440 -0.03657 
0.21195 0.91440 -0.03649 
0.20937 0.91440 -0.03641 
0.20680 0.91440 -0.03632 
0.20423 0.91440 -0.03622 
0.20165 0.91440 -0.03613 
0.19908 0.91440 -0.03603 
0.19651 0.91440 -0.03592 
0.19394 0.91440 -0.03582 
0.19137 0.91440 -0.03570 
0.18879 0.91440 -0.03559 
0.18622 0.91440 -0.03546 
0.18365 0.91440 -0.03534 
0.18108 0.91440 -0.03521 
0.17851 0.91440 -0.03507 
0.17594 0.91440 -0.03493 
0.17337 0.91440 -0.03479 
0.17080 0.91440 -0.03464 
0.16823 0.91440 -0.03448 
0.16566 0.91440 -0.03432 
0.16309 0.91440 -0.03416 
0.16052 0.91440 -0.03399 
0.15796 0.91440 -0.03381 
0.15539 0.91440 -0.03363 
0.15282 0.91440 -0.03344 
0.15025 0.91440 -0.03325 
0.14769 0.91440 -0.03305 
0.14512 0.91440 -0.03285 
0.14255 0.91440 -0.03263 
0.13999 0.91440 -0.03242 
0.13742 0.91440 -0.03220 
0.13486 0.91440 -0.03198 
0.13229 0.91440 -0.03176 
0.12973 0.91440 -0.03154 
0.12717 0.91440 -0.03131 
0.12460 0.91440 -0.03107 
0.12204 0.91440 -0.03082 
0.11948 0.91440 -0.03057 
0.11692 0.91440 -0.03031 
0.11435 0.91440 -0.03005 
0.11179 0.91440 -0.02977 
0.10921 0.91440 -0.02949 
0.10675 0.91440 -0.02921 
0.10441 0.91440 -0.02894 
0.10218 0.91440 -0.02867 
0.10006 0.91440 -0.02841 
0.09804 0.91440 -0.02816 
0.09612 0.91440 -0.02791 
0.09429 0.91440 -0.02767 
0.09254 0.91440 -0.02744 
0.09088 0.91440 -0.02722 
0.08930 0.91440 -0.02700 
0.08780 0.91440 -0.02679 
0.08637 0.91440 -0.02660 
0.08493 0.91440 -0.02640 
0.08350 0.91440 -0.02621 
0.08207 0.91440 -0.02601 
0.08063 0.91440 -0.02581 
0.07920 0.91440 -0.02560 
0.07777 0.91440 -0.02539 
0.07633 0.91440 -0.02518 
0.07490 0.91440 -0.02497 
0.07347 0.91440 -0.02475 
0.07204 0.91440 -0.02453 
0.07061 0.91440 -0.02430 
0.06918 0.91440 -0.02407 
0.06775 0.91440 -0.02384 
0.06632 0.91440 -0.02361 
0.06489 0.91440 -0.02337 
0.06346 0.91440 -0.02313 
0.06203 0.91440 -0.02288 
0.06060 0.91440 -0.02263 
0.05917 0.91440 -0.02237 
0.05775 0.91440 -0.02212 
0.05633 0.91440 -0.02189 
0.05507 0.91440 -0.02177 
0.05424 0.91440 -0.02201 
0.05319 0.91440 -0.02302 
0.05085 0.91440 -0.02384 
0.04875 0.91440 -0.02391 
0.04705 0.91440 -0.02389 
0.04542 0.91440 -0.02359 
0.04394 0.91440 -0.02329 
0.04248 0.91440 -0.02291 
0.04104 0.91440 -0.02253 
0.03961 0.91440 -0.02214 
0.03819 0.91440 -0.02174 
0.03677 0.91440 -0.02132 
0.03535 0.91440 -0.02090 
0.03392 0.91440 -0.02047 
0.03250 0.91440 -0.02002 
0.03108 0.91440 -0.01956 
0.02965 0.91440 -0.01908 
0.02823 0.91440 -0.01859 
0.02681 0.91440 -0.01808 
0.02540 0.91440 -0.01755 
0.02400 0.91440 -0.01700 
0.02259 0.91440 -0.01643 
0.02119 0.91440 -0.01584 
0.01979 0.91440 -0.01522 
0.01840 0.91440 -0.01458 
0.01702 0.91440 -0.01392 
0.01564 0.91440 -0.01322 
0.01427 0.91440 -0.01249 
0.01291 0.91440 -0.01171 
0.01156 0.91440 -0.01090 
0.01023 0.91440 -0.01004 
0.00893 0.91440 -0.00914 
0.00764 0.91440 -0.00819 
0.00639 0.91440 -0.00719 
0.00516 0.91440 -0.00614 
0.00397 0.91440 -0.00503 
0.00286 0.91440 -0.00390 
0.00187 0.91440 -0.00279 
0.00096 0.91440 -0.00169 
0.00020 0.91440 -0.00066 
-0.00051 0.91440 0.00026 
-0.00115 0.91440 0.00104 
-0.00173 0.91440 0.00166 
-0.00232 0.91440 0.00228 
-0.00294 0.91440 0.00288 
-0.00359 0.91440 0.00348 
-0.00428 0.91440 0.00419 
-0.00501 0.91440 0.00500 
-0.00575 0.91440 0.00596 
-0.00647 0.91440 0.00708 
-0.00712 0.91440 0.00838 
-0.00767 0.91440 0.00990 
-0.00804 0.91440 0.01164 
-0.00815 0.91440 0.01357 
-0.00788 0.91440 0.01563 
-0.00717 0.91440 0.01788 
-0.00581 0.91440 0.01998 
-0.00375 0.91440 0.02211 
-0.00090 0.91440 0.02339 
0.00294 0.91440 0.02389 
0.00681 0.91440 0.02215 
0.00767 0.91440 0.01988 
0.00579 0.91440 0.02038 
0.00759 0.91440 0.02115 
0.00899 0.91440 0.02144 
0.01043 0.91440 0.02170 
0.01184 0.91440 0.02199 
0.01323 0.91440 0.02235 
0.01462 0.91440 0.02275 
0.01601 0.91440 0.02312 
0.01741 0.91440 0.02347 
0.01880 0.91440 0.02383 
0.02019 0.91440 0.02422 
0.02157 0.91440 0.02464 
0.02295 0.91440 0.02503 
0.02434 0.91440 0.02540 
0.02574 0.91440 0.02576 
0.02713 0.91440 0.02610 
0.02854 0.91440 0.02642 
0.02994 0.91440 0.02673 
0.03135 0.91440 0.02703 
0.03276 0.91440 0.02731 
0.03417 0.91440 0.02758 
0.03559 0.91440 0.02784 
0.03701 0.91440 0.02809 
0.03843 0.91440 0.02833 
0.03985 0.91440 0.02856 
0.04127 0.91440 0.02878 
0.04269 0.91440 0.02899 
0.04412 0.91440 0.02919 
0.04554 0.91440 0.02939 
0.04697 0.91440 0.02957 
0.04840 0.91440 0.02975 
0.04983 0.91440 0.02992 
0.05126 0.91440 0.03008 
0.05269 0.91440 0.03023 
0.05412 0.91440 0.03038 
0.05555 0.91440 0.03052 
0.05698 0.91440 0.03066 
0.05842 0.91440 0.03079 
0.05985 0.91440 0.03091 
0.06129 0.91440 0.03103 
0.06272 0.91440 0.03114 
0.06415 0.91440 0.03125 
0.06559 0.91440 0.03135 
0.06703 0.91440 0.03144 
0.06846 0.91440 0.03154 
0.06990 0.91440 0.03162 
0.07134 0.91440 0.03170 
0.07277 0.91440 0.03178 
0.07421 0.91440 0.03185 
0.07565 0.91440 0.03192 
0.07709 0.91440 0.03198 
0.07852 0.91440 0.03204 
0.07996 0.91440 0.03209 
0.08140 0.91440 0.03214 
0.08284 0.91440 0.03218 
0.08428 0.91440 0.03223 
0.08571 0.91440 0.03226 
0.08715 0.91440 0.03230 
0.08859 0.91440 0.03233 
0.09003 0.91440 0.03235 
0.09147 0.91440 0.03238 
0.09298 0.91440 0.03240 
0.09456 0.91440 0.03241 
0.09623 0.91440 0.03243 
0.09798 0.91440 0.03244 
0.09981 0.91440 0.03244 
0.10174 0.91440 0.03244 
0.10376 0.91440 0.03243 
0.10589 0.91440 0.03242 
0.10812 0.91440 0.03240 
0.11046 0.91440 0.03237 
0.11292 0.91440 0.03233 
0.11550 0.91440 0.03228 
0.11808 0.91440 0.03222 
0.12066 0.91440 0.03215 
0.12323 0.91440 0.03208 
0.12581 0.91440 0.03200 
0.12839 0.91440 0.03191 
0.13096 0.91440 0.03181 
0.13354 0.91440 0.03170 
0.13611 0.91440 0.03159 
0.13869 0.91440 0.03147 
0.14127 0.91440 0.03134 
0.14384 0.91440 0.03121 
0.14641 0.91440 0.03107 
0.14899 0.91440 0.03092 
0.15156 0.91440 0.03077 
0.15414 0.91440 0.03061 
0.15671 0.91440 0.03045 
0.15928 0.91440 0.03027 
0.16185 0.91440 0.03010 
0.16442 0.91440 0.02992 
0.16700 0.91440 0.02973 
0.16957 0.91440 0.02954 
0.17214 0.91440 0.02934 
0.17471 0.91440 0.02913 
0.17728 0.91440 0.02893 
0.17985 0.91440 0.02871 
0.18242 0.91440 0.02849 
0.18498 0.91440 0.02827 
0.18755 0.91440 0.02804 
0.19012 0.91440 0.02781 
0.19269 0.91440 0.02757 
0.19525 0.91440 0.02733 
0.19782 0.91440 0.02708 
0.20039 0.91440 0.02683 
0.20295 0.91440 0.02658 
0.20552 0.91440 0.02632 
0.20808 0.91440 0.02606 
0.21065 0.91440 0.02579 
0.21321 0.91440 0.02552 
0.21577 0.91440 0.02525 
0.21834 0.91440 0.02497 
0.22090 0.91440 0.02469 
0.22346 0.91440 0.02440 
0.22602 0.91440 0.02411 
0.22859 0.91440 0.02382 
0.23115 0.91440 0.02353 
0.23371 0.91440 0.02323 
0.23627 0.91440 0.02292 
0.23883 0.91440 0.02262 
0.24139 0.91440 0.02231 
0.24395 0.91440 0.02200 
0.24651 0.91440 0.02168 
0.24906 0.91440 0.02136 
0.25162 0.91440 0.02104 
0.25418 0.91440 0.02072 
0.25674 0.91440 0.02039 
0.25929 0.91440 0.02006 
0.26185 0.91440 0.01973 
0.26441 0.91440 0.01939 
0.26696 0.91440 0.01905 
0.26952 0.91440 0.01871 
0.27207 0.91440 0.01837 
0.27463 0.91440 0.01802 
0.27718 0.91440 0.01767 
0.27974 0.91440 0.01732 
0.28229 0.91440 0.01696 
0.28484 0.91440 0.01661 
0.28740 0.91440 0.01625 
0.28995 0.91440 0.01589 
0.29250 0.91440 0.01552 
0.29505 0.91440 0.01516 
0.29761 0.91440 0.01479 
0.30016 0.91440 0.01442 
0.30271 0.91440 0.01404 
0.30526 0.91440 0.01367 
0.30781 0.91440 0.01329 
0.31036 0.91440 0.01291 
0.31291 0.91440 0.01253 
0.31546 0.91440 0.01214 
0.31801 0.91440 0.01176 
0.32056 0.91440 0.01137 
0.32311 0.91440 0.01098 
0.32565 0.91440 0.01059 
0.32820 0.91440 0.01019 
0.33075 0.91440 0.00980 
0.33330 0.91440 0.00940 
0.33584 0.91440 0.00900 
0.33839 0.91440 0.00860 
0.34094 0.91440 0.00819 
0.34348 0.91440 0.00779 
0.34603 0.91440 0.00738 
0.34857 0.91440 0.00697 
0.35112 0.91440 0.00656 
0.35366 0.91440 0.00615 
0.35621 0.91440 0.00573 
0.35875 0.91440 0.00531 
0.36130 0.91440 0.00489 
0.36384 0.91440 0.00447 
0.36638 0.91440 0.00405 
0.36893 0.91440 0.00363 
0.37147 0.91440 0.00320 
0.37401 0.91440 0.00278 
0.37655 0.91440 0.00235 
0.37910 0.91440 0.00192 
0.38164 0.91440 0.00149 
0.38418 0.91440 0.00105 
0.38672 0.91440 0.00062 
0.38926 0.91440 0.00018 
0.39180 0.91440 -0.00026 
0.39434 0.91440 -0.00070 
0.39688 0.91440 -0.00114 
0.39942 0.91440 -0.00159 
0.40196 0.91440 -0.00203 
0.40450 0.91440 -0.00248 
0.40704 0.91440 -0.00293 
0.40958 0.91440 -0.00338 
0.41212 0.91440 -0.00383 
0.41466 0.91440 -0.00428 
0.41719 0.91440 -0.00474 
0.41973 0.91440 -0.00519 
0.42227 0.91440 -0.00565 
0.42480 0.91440 -0.00611 
0.42734 0.91440 -0.00657 
0.42988 0.91440 -0.00704 
0.43241 0.91440 -0.00750 
0.43495 0.91440 -0.00797 
0.43748 0.91440 -0.00843 
0.44002 0.91440 -0.00890 
0.44255 0.91440 -0.00937 
0.44509 0.91440 -0.00985 
0.44762 0.91440 -0.01032 
0.45016 0.91440 -0.01080 
0.45269 0.91440 -0.01127 
0.45522 0.91440 -0.01175 
0.45776 0.91440 -0.01223 
0.46029 0.91440 -0.01272 
0.46282 0.91440 -0.01320 
0.46535 0.91440 -0.01369 
0.46789 0.91440 -0.01417 
0.47042 0.91440 -0.01466 
0.47295 0.91440 -0.01515 
0.47548 0.91440 -0.01565 
0.47801 0.91440 -0.01614 
0.48054 0.91440 -0.01664 
0.48307 0.91440 -0.01713 
0.48560 0.91440 -0.01763 
0.48813 0.91440 -0.01813 
0.49066 0.91440 -0.01864 
0.49318 0.91440 -0.01914 
0.49571 0.91440 -0.01965 
0.49824 0.91440 -0.02016 
0.50077 0.91440 -0.02067 
0.50329 0.91440 -0.02118 
0.50582 0.91440 -0.02169 
0.50835 0.91440 -0.02221 
0.51087 0.91440 -0.02273 
0.51340 0.91440 -0.02325 
0.51592 0.91440 -0.02377 
0.51845 0.91440 -0.02429 
0.52097 0.91440 -0.02482 
0.52349 0.91440 -0.02534 
0.52602 0.91440 -0.02587 
0.52854 0.91440 -0.02640 
0.53017 0.91440 -0.02675 
0.53119 0.91440 -0.02696 
0.53183 0.91440 -0.02710 
0.53222 0.91440 -0.02718 
0.53247 0.91440 -0.02724 
0.53247 0.91440 -0.02733 
0.53246 0.91440 -0.02741 
0.53245 0.91440 -0.02750 
0.53245 0.91440 -0.02759 
0.53244 0.91440 -0.02768 
0.53243 0.91440 -0.02777 
0.53243 0.91440 -0.02786 
0.53242 0.91440 -0.02795 

ZONE T="SLICE_Y_0p9144_BINS15_KS_0p5334mm_SINGLE_LAYER"
0.53242 0.91440 -0.02795 
0.53242 0.91440 -0.02804 
0.53241 0.91440 -0.02813 
0.53240 0.91440 -0.02822 
0.53240 0.91440 -0.02831 
0.53239 0.91440 -0.02840 
0.53238 0.91440 -0.02849 
0.53238 0.91440 -0.02858 
0.53213 0.91440 -0.02859 
0.53172 0.91440 -0.02862 
0.53107 0.91440 -0.02867 
0.53003 0.91440 -0.02874 
0.52837 0.91440 -0.02885 
0.52580 0.91440 -0.02903 
0.52324 0.91440 -0.02920 
0.52067 0.91440 -0.02937 
0.51810 0.91440 -0.02954 
0.51553 0.91440 -0.02971 
0.51296 0.91440 -0.02987 
0.51039 0.91440 -0.03003 
0.50782 0.91440 -0.03019 
0.50525 0.91440 -0.03035 
0.50268 0.91440 -0.03051 
0.50011 0.91440 -0.03067 
0.49754 0.91440 -0.03082 
0.49497 0.91440 -0.03097 
0.49240 0.91440 -0.03112 
0.48983 0.91440 -0.03127 
0.48726 0.91440 -0.03141 
0.48469 0.91440 -0.03156 
0.48212 0.91440 -0.03170 
0.47955 0.91440 -0.03184 
0.47698 0.91440 -0.03198 
0.47441 0.91440 -0.03212 
0.47184 0.91440 -0.03225 
0.46927 0.91440 -0.03239 
0.46670 0.91440 -0.03252 
0.46413 0.91440 -0.03265 
0.46156 0.91440 -0.03278 
0.45899 0.91440 -0.03290 
0.45642 0.91440 -0.03303 
0.45384 0.91440 -0.03315 
0.45127 0.91440 -0.03327 
0.44870 0.91440 -0.03339 
0.44613 0.91440 -0.03351 
0.44356 0.91440 -0.03363 
0.44099 0.91440 -0.03374 
0.43841 0.91440 -0.03386 
0.43584 0.91440 -0.03397 
0.43327 0.91440 -0.03408 
0.43070 0.91440 -0.03419 
0.42813 0.91440 -0.03430 
0.42555 0.91440 -0.03440 
0.42298 0.91440 -0.03450 
0.42041 0.91440 -0.03461 
0.41784 0.91440 -0.03471 
0.41527 0.91440 -0.03481 
0.41269 0.91440 -0.03490 
0.41012 0.91440 -0.03500 
0.40755 0.91440 -0.03509 
0.40498 0.91440 -0.03519 
0.40240 0.91440 -0.03528 
0.39983 0.91440 -0.03537 
0.39726 0.91440 -0.03545 
0.39468 0.91440 -0.03554 
0.39211 0.91440 -0.03562 
0.38954 0.91440 -0.03571 
0.38697 0.91440 -0.03579 
0.38439 0.91440 -0.03587 
0.38182 0.91440 -0.03594 
0.37925 0.91440 -0.03602 
0.37667 0.91440 -0.03609 
0.37410 0.91440 -0.03617 
0.37153 0.91440 -0.03624 
0.36895 0.91440 -0.03631 
0.36638 0.91440 -0.03637 
0.36381 0.91440 -0.03644 
0.36123 0.91440 -0.03650 
0.35866 0.91440 -0.03657 
0.35609 0.91440 -0.03663 
0.35351 0.91440 -0.03668 
0.35094 0.91440 -0.03674 
0.34837 0.91440 -0.03680 
0.34579 0.91440 -0.03685 
0.34322 0.91440 -0.03690 
0.34064 0.91440 -0.03695 
0.33807 0.91440 -0.03700 
0.33550 0.91440 -0.03704 
0.33292 0.91440 -0.03709 
0.33035 0.91440 -0.03713 
0.32777 0.91440 -0.03717 
0.32520 0.91440 -0.03721 
0.32263 0.91440 -0.03724 
0.32005 0.91440 -0.03728 
0.31748 0.91440 -0.03731 
0.31490 0.91440 -0.03734 
0.31233 0.91440 -0.03737 
0.30976 0.91440 -0.03739 
0.30718 0.91440 -0.03742 
0.30461 0.91440 -0.03744 
0.30203 0.91440 -0.03746 
0.29946 0.91440 -0.03747 
0.29689 0.91440 -0.03749 
0.29431 0.91440 -0.03750 
0.29174 0.91440 -0.03751 
0.28916 0.91440 -0.03752 
0.28659 0.91440 -0.03753 
0.28401 0.91440 -0.03753 
0.28144 0.91440 -0.03753 
0.27887 0.91440 -0.03753 
0.27629 0.91440 -0.03752 
0.27372 0.91440 -0.03752 
0.27114 0.91440 -0.03751 
0.26857 0.91440 -0.03750 
0.26599 0.91440 -0.03748 
0.26342 0.91440 -0.03746 
0.26085 0.91440 -0.03744 
0.25827 0.91440 -0.03742 
0.25570 0.91440 -0.03740 
0.25312 0.91440 -0.03737 
0.25055 0.91440 -0.03734 
0.24798 0.91440 -0.03730 
0.24540 0.91440 -0.03727 
0.24283 0.91440 -0.03723 
0.24025 0.91440 -0.03718 
0.23768 0.91440 -0.03714 
0.23511 0.91440 -0.03709 
0.23253 0.91440 -0.03703 
0.22996 0.91440 -0.03698 
0.22738 0.91440 -0.03692 
0.22481 0.91440 -0.03686 
0.22224 0.91440 -0.03679 
0.21966 0.91440 -0.03672 
0.21709 0.91440 -0.03665 
0.21452 0.91440 -0.03657 
0.21195 0.91440 -0.03649 
0.20937 0.91440 -0.03641 
0.20680 0.91440 -0.03632 
0.20423 0.91440 -0.03622 
0.20165 0.91440 -0.03613 
0.19908 0.91440 -0.03603 
0.19651 0.91440 -0.03592 
0.19394 0.91440 -0.03582 
0.19137 0.91440 -0.03570 
0.18879 0.91440 -0.03559 
0.18622 0.91440 -0.03546 
0.18365 0.91440 -0.03534 
0.18108 0.91440 -0.03521 
0.17851 0.91440 -0.03507 
0.17594 0.91440 -0.03493 
0.17337 0.91440 -0.03479 
0.17080 0.91440 -0.03464 
0.16823 0.91440 -0.03448 
0.16566 0.91440 -0.03432 
0.16309 0.91440 -0.03416 
0.16052 0.91440 -0.03399 
0.15796 0.91440 -0.03381 
0.15539 0.91440 -0.03363 
0.15282 0.91440 -0.03344 
0.15025 0.91440 -0.03325 
0.14769 0.91440 -0.03305 
0.14512 0.91440 -0.03285 
0.14255 0.91440 -0.03264 
0.13999 0.91440 -0.03243 
0.13742 0.91440 -0.03222 
0.13486 0.91440 -0.03200 
0.13229 0.91440 -0.03178 
0.12973 0.91440 -0.03155 
0.12717 0.91440 -0.03131 
0.12460 0.91440 -0.03107 
0.12204 0.91440 -0.03082 
0.11948 0.91440 -0.03057 
0.11692 0.91440 -0.03031 
0.11436 0.91440 -0.03004 
0.11179 0.91440 -0.02977 
0.10921 0.91440 -0.02948 
0.10675 0.91440 -0.02921 
0.10441 0.91440 -0.02894 
0.10218 0.91440 -0.02867 
0.10006 0.91440 -0.02841 
0.09804 0.91440 -0.02817 
0.09612 0.91440 -0.02793 
0.09429 0.91440 -0.02769 
0.09254 0.91440 -0.02747 
0.09088 0.91440 -0.02725 
0.08930 0.91440 -0.02704 
0.08779 0.91440 -0.02683 
0.08636 0.91440 -0.02663 
0.08493 0.91440 -0.02643 
0.08349 0.91440 -0.02623 
0.08206 0.91440 -0.02603 
0.08063 0.91440 -0.02582 
0.07920 0.91440 -0.02561 
0.07776 0.91440 -0.02540 
0.07633 0.91440 -0.02519 
0.07490 0.91440 -0.02497 
0.07347 0.91440 -0.02475 
0.07204 0.91440 -0.02452 
0.07061 0.91440 -0.02429 
0.06918 0.91440 -0.02406 
0.06775 0.91440 -0.02382 
0.06632 0.91440 -0.02359 
0.06489 0.91440 -0.02335 
0.06346 0.91440 -0.02311 
0.06203 0.91440 -0.02287 
0.06060 0.91440 -0.02262 
0.05917 0.91440 -0.02237 
0.05775 0.91440 -0.02212 
0.05633 0.91440 -0.02188 
0.05496 0.91440 -0.02175 
0.05410 0.91440 -0.02175 
0.05330 0.91440 -0.02271 
0.05101 0.91440 -0.02377 
0.04879 0.91440 -0.02384 
0.04709 0.91440 -0.02388 
0.04543 0.91440 -0.02357 
0.04394 0.91440 -0.02329 
0.04248 0.91440 -0.02291 
0.04104 0.91440 -0.02253 
0.03961 0.91440 -0.02214 
0.03819 0.91440 -0.02173 
0.03677 0.91440 -0.02132 
0.03534 0.91440 -0.02090 
0.03392 0.91440 -0.02046 
0.03250 0.91440 -0.02002 
0.03108 0.91440 -0.01955 
0.02965 0.91440 -0.01908 
0.02823 0.91440 -0.01858 
0.02682 0.91440 -0.01808 
0.02541 0.91440 -0.01755 
0.02400 0.91440 -0.01700 
0.02259 0.91440 -0.01644 
0.02119 0.91440 -0.01584 
0.01979 0.91440 -0.01523 
0.01839 0.91440 -0.01458 
0.01701 0.91440 -0.01392 
0.01564 0.91440 -0.01322 
0.01427 0.91440 -0.01248 
0.01291 0.91440 -0.01171 
0.01156 0.91440 -0.01089 
0.01023 0.91440 -0.01004 
0.00893 0.91440 -0.00913 
0.00765 0.91440 -0.00818 
0.00639 0.91440 -0.00718 
0.00516 0.91440 -0.00613 
0.00397 0.91440 -0.00503 
0.00287 0.91440 -0.00390 
0.00187 0.91440 -0.00278 
0.00097 0.91440 -0.00169 
0.00020 0.91440 -0.00066 
-0.00051 0.91440 0.00026 
-0.00115 0.91440 0.00104 
-0.00172 0.91440 0.00167 
-0.00232 0.91440 0.00228 
-0.00294 0.91440 0.00288 
-0.00359 0.91440 0.00348 
-0.00428 0.91440 0.00419 
-0.00501 0.91440 0.00500 
-0.00575 0.91440 0.00596 
-0.00647 0.91440 0.00708 
-0.00712 0.91440 0.00838 
-0.00766 0.91440 0.00990 
-0.00803 0.91440 0.01164 
-0.00814 0.91440 0.01358 
-0.00787 0.91440 0.01565 
-0.00715 0.91440 0.01789 
-0.00577 0.91440 0.02000 
-0.00370 0.91440 0.02211 
-0.00083 0.91440 0.02338 
0.00301 0.91440 0.02386 
0.00668 0.91440 0.02225 
0.00789 0.91440 0.02018 
0.00609 0.91440 0.02050 
0.00760 0.91440 0.02124 
0.00900 0.91440 0.02143 
0.01041 0.91440 0.02172 
0.01182 0.91440 0.02205 
0.01322 0.91440 0.02240 
0.01462 0.91440 0.02276 
0.01601 0.91440 0.02312 
0.01741 0.91440 0.02347 
0.01880 0.91440 0.02383 
0.02019 0.91440 0.02422 
0.02157 0.91440 0.02464 
0.02295 0.91440 0.02503 
0.02434 0.91440 0.02540 
0.02574 0.91440 0.02576 
0.02713 0.91440 0.02610 
0.02854 0.91440 0.02642 
0.02994 0.91440 0.02673 
0.03135 0.91440 0.02703 
0.03276 0.91440 0.02731 
0.03417 0.91440 0.02758 
0.03559 0.91440 0.02784 
0.03701 0.91440 0.02809 
0.03843 0.91440 0.02833 
0.03985 0.91440 0.02856 
0.04127 0.91440 0.02878 
0.04269 0.91440 0.02899 
0.04412 0.91440 0.02919 
0.04554 0.91440 0.02939 
0.04697 0.91440 0.02957 
0.04840 0.91440 0.02975 
0.04983 0.91440 0.02992 
0.05126 0.91440 0.03008 
0.05269 0.91440 0.03023 
0.05412 0.91440 0.03038 
0.05555 0.91440 0.03052 
0.05698 0.91440 0.03066 
0.05842 0.91440 0.03079 
0.05985 0.91440 0.03091 
0.06129 0.91440 0.03103 
0.06272 0.91440 0.03114 
0.06415 0.91440 0.03125 
0.06559 0.91440 0.03135 
0.06703 0.91440 0.03144 
0.06846 0.91440 0.03154 
0.06990 0.91440 0.03162 
0.07134 0.91440 0.03170 
0.07277 0.91440 0.03178 
0.07421 0.91440 0.03185 
0.07565 0.91440 0.03192 
0.07709 0.91440 0.03198 
0.07852 0.91440 0.03204 
0.07996 0.91440 0.03209 
0.08140 0.91440 0.03214 
0.08284 0.91440 0.03218 
0.08428 0.91440 0.03223 
0.08571 0.91440 0.03226 
0.08715 0.91440 0.03230 
0.08859 0.91440 0.03233 
0.09003 0.91440 0.03235 
0.09147 0.91440 0.03238 
0.09298 0.91440 0.03240 
0.09456 0.91440 0.03241 
0.09623 0.91440 0.03243 
0.09798 0.91440 0.03244 
0.09981 0.91440 0.03244 
0.10174 0.91440 0.03244 
0.10376 0.91440 0.03243 
0.10589 0.91440 0.03242 
0.10812 0.91440 0.03240 
0.11046 0.91440 0.03237 
0.11292 0.91440 0.03233 
0.11550 0.91440 0.03228 
0.11808 0.91440 0.03222 
0.12066 0.91440 0.03215 
0.12323 0.91440 0.03208 
0.12581 0.91440 0.03200 
0.12839 0.91440 0.03191 
0.13096 0.91440 0.03181 
0.13354 0.91440 0.03170 
0.13611 0.91440 0.03159 
0.13869 0.91440 0.03147 
0.14127 0.91440 0.03134 
0.14384 0.91440 0.03121 
0.14641 0.91440 0.03107 
0.14899 0.91440 0.03092 
0.15156 0.91440 0.03077 
0.15414 0.91440 0.03061 
0.15671 0.91440 0.03045 
0.15928 0.91440 0.03027 
0.16185 0.91440 0.03010 
0.16442 0.91440 0.02992 
0.16700 0.91440 0.02973 
0.16957 0.91440 0.02954 
0.17214 0.91440 0.02934 
0.17471 0.91440 0.02913 
0.17728 0.91440 0.02893 
0.17985 0.91440 0.02871 
0.18242 0.91440 0.02849 
0.18498 0.91440 0.02827 
0.18755 0.91440 0.02804 
0.19012 0.91440 0.02781 
0.19269 0.91440 0.02757 
0.19525 0.91440 0.02733 
0.19782 0.91440 0.02708 
0.20039 0.91440 0.02683 
0.20295 0.91440 0.02658 
0.20552 0.91440 0.02632 
0.20808 0.91440 0.02606 
0.21065 0.91440 0.02579 
0.21321 0.91440 0.02552 
0.21577 0.91440 0.02525 
0.21834 0.91440 0.02497 
0.22090 0.91440 0.02469 
0.22346 0.91440 0.02440 
0.22602 0.91440 0.02411 
0.22859 0.91440 0.02382 
0.23115 0.91440 0.02353 
0.23371 0.91440 0.02323 
0.23627 0.91440 0.02292 
0.23883 0.91440 0.02262 
0.24139 0.91440 0.02231 
0.24395 0.91440 0.02200 
0.24651 0.91440 0.02168 
0.24906 0.91440 0.02136 
0.25162 0.91440 0.02104 
0.25418 0.91440 0.02072 
0.25674 0.91440 0.02039 
0.25929 0.91440 0.02006 
0.26185 0.91440 0.01973 
0.26441 0.91440 0.01939 
0.26696 0.91440 0.01905 
0.26952 0.91440 0.01871 
0.27207 0.91440 0.01837 
0.27463 0.91440 0.01802 
0.27718 0.91440 0.01767 
0.27974 0.91440 0.01732 
0.28229 0.91440 0.01696 
0.28484 0.91440 0.01661 
0.28740 0.91440 0.01625 
0.28995 0.91440 0.01589 
0.29250 0.91440 0.01552 
0.29505 0.91440 0.01516 
0.29761 0.91440 0.01479 
0.30016 0.91440 0.01442 
0.30271 0.91440 0.01404 
0.30526 0.91440 0.01367 
0.30781 0.91440 0.01329 
0.31036 0.91440 0.01291 
0.31291 0.91440 0.01253 
0.31546 0.91440 0.01214 
0.31801 0.91440 0.01176 
0.32056 0.91440 0.01137 
0.32311 0.91440 0.01098 
0.32565 0.91440 0.01059 
0.32820 0.91440 0.01019 
0.33075 0.91440 0.00980 
0.33330 0.91440 0.00940 
0.33584 0.91440 0.00900 
0.33839 0.91440 0.00860 
0.34094 0.91440 0.00819 
0.34348 0.91440 0.00779 
0.34603 0.91440 0.00738 
0.34857 0.91440 0.00697 
0.35112 0.91440 0.00656 
0.35366 0.91440 0.00615 
0.35621 0.91440 0.00573 
0.35875 0.91440 0.00531 
0.36130 0.91440 0.00489 
0.36384 0.91440 0.00447 
0.36638 0.91440 0.00405 
0.36893 0.91440 0.00363 
0.37147 0.91440 0.00320 
0.37401 0.91440 0.00278 
0.37655 0.91440 0.00235 
0.37910 0.91440 0.00192 
0.38164 0.91440 0.00149 
0.38418 0.91440 0.00105 
0.38672 0.91440 0.00062 
0.38926 0.91440 0.00018 
0.39180 0.91440 -0.00026 
0.39434 0.91440 -0.00070 
0.39688 0.91440 -0.00114 
0.39942 0.91440 -0.00159 
0.40196 0.91440 -0.00203 
0.40450 0.91440 -0.00248 
0.40704 0.91440 -0.00293 
0.40958 0.91440 -0.00338 
0.41212 0.91440 -0.00383 
0.41466 0.91440 -0.00428 
0.41719 0.91440 -0.00474 
0.41973 0.91440 -0.00519 
0.42227 0.91440 -0.00565 
0.42480 0.91440 -0.00611 
0.42734 0.91440 -0.00657 
0.42988 0.91440 -0.00704 
0.43241 0.91440 -0.00750 
0.43495 0.91440 -0.00797 
0.43748 0.91440 -0.00843 
0.44002 0.91440 -0.00890 
0.44255 0.91440 -0.00937 
0.44509 0.91440 -0.00985 
0.44762 0.91440 -0.01032 
0.45016 0.91440 -0.01080 
0.45269 0.91440 -0.01127 
0.45522 0.91440 -0.01175 
0.45776 0.91440 -0.01223 
0.46029 0.91440 -0.01272 
0.46282 0.91440 -0.01320 
0.46535 0.91440 -0.01369 
0.46789 0.91440 -0.01417 
0.47042 0.91440 -0.01466 
0.47295 0.91440 -0.01515 
0.47548 0.91440 -0.01565 
0.47801 0.91440 -0.01614 
0.48054 0.91440 -0.01664 
0.48307 0.91440 -0.01713 
0.48560 0.91440 -0.01763 
0.48813 0.91440 -0.01813 
0.49066 0.91440 -0.01864 
0.49318 0.91440 -0.01914 
0.49571 0.91440 -0.01965 
0.49824 0.91440 -0.02016 
0.50077 0.91440 -0.02067 
0.50329 0.91440 -0.02118 
0.50582 0.91440 -0.02169 
0.50835 0.91440 -0.02221 
0.51087 0.91440 -0.02273 
0.51340 0.91440 -0.02325 
0.51592 0.91440 -0.02377 
0.51845 0.91440 -0.02429 
0.52097 0.91440 -0.02482 
0.52349 0.91440 -0.02534 
0.52602 0.91440 -0.02587 
0.52854 0.91440 -0.02640 
0.53017 0.91440 -0.02675 
0.53119 0.91440 -0.02696 
0.53183 0.91440 -0.02710 
0.53222 0.91440 -0.02718 
0.53247 0.91440 -0.02724 
0.53247 0.91440 -0.02733 
0.53246 0.91440 -0.02741 
0.53245 0.91440 -0.02750 
0.53245 0.91440 -0.02759 
0.53244 0.91440 -0.02768 
0.53243 0.91440 -0.02777 
0.53243 0.91440 -0.02786 
0.53242 0.91440 -0.02795 

ZONE T="SLICE_Y_0p9144_BINS07_KS_0p5334mm_FINAL_LAYER"
0.53243 0.91440 -0.02798 
0.53243 0.91440 -0.02798 
0.53242 0.91440 -0.02813 
0.53242 0.91440 -0.02813 
0.53241 0.91440 -0.02827 
0.53241 0.91440 -0.02827 
0.53240 0.91440 -0.02842 
0.53240 0.91440 -0.02842 
0.53238 0.91440 -0.02857 
0.53238 0.91440 -0.02857 
0.53230 0.91440 -0.02858 
0.53230 0.91440 -0.02858 
0.53220 0.91440 -0.02859 
0.53220 0.91440 -0.02859 
0.53206 0.91440 -0.02860 
0.53206 0.91440 -0.02860 
0.53188 0.91440 -0.02861 
0.53188 0.91440 -0.02861 
0.53166 0.91440 -0.02862 
0.53166 0.91440 -0.02862 
0.53140 0.91440 -0.02864 
0.53140 0.91440 -0.02864 
0.53110 0.91440 -0.02866 
0.53110 0.91440 -0.02866 
0.53076 0.91440 -0.02869 
0.53076 0.91440 -0.02869 
0.53038 0.91440 -0.02871 
0.53038 0.91440 -0.02871 
0.52996 0.91440 -0.02874 
0.52996 0.91440 -0.02874 
0.52950 0.91440 -0.02877 
0.52950 0.91440 -0.02877 
0.52900 0.91440 -0.02881 
0.52900 0.91440 -0.02881 
0.52846 0.91440 -0.02884 
0.52846 0.91440 -0.02884 
0.52788 0.91440 -0.02888 
0.52788 0.91440 -0.02888 
0.52726 0.91440 -0.02893 
0.52726 0.91440 -0.02893 
0.52660 0.91440 -0.02897 
0.52660 0.91440 -0.02897 
0.52591 0.91440 -0.02902 
0.52591 0.91440 -0.02902 
0.52517 0.91440 -0.02907 
0.52517 0.91440 -0.02907 
0.52440 0.91440 -0.02912 
0.52440 0.91440 -0.02912 
0.52358 0.91440 -0.02917 
0.52358 0.91440 -0.02917 
0.52273 0.91440 -0.02923 
0.52273 0.91440 -0.02923 
0.52184 0.91440 -0.02929 
0.52184 0.91440 -0.02929 
0.52091 0.91440 -0.02935 
0.52091 0.91440 -0.02935 
0.51994 0.91440 -0.02942 
0.51994 0.91440 -0.02942 
0.51893 0.91440 -0.02948 
0.51893 0.91440 -0.02948 
0.51789 0.91440 -0.02955 
0.51789 0.91440 -0.02955 
0.51680 0.91440 -0.02962 
0.51680 0.91440 -0.02962 
0.51568 0.91440 -0.02969 
0.51568 0.91440 -0.02969 
0.51452 0.91440 -0.02977 
0.51452 0.91440 -0.02977 
0.51333 0.91440 -0.02984 
0.51333 0.91440 -0.02984 
0.51210 0.91440 -0.02992 
0.51210 0.91440 -0.02992 
0.51083 0.91440 -0.03000 
0.51083 0.91440 -0.03000 
0.50952 0.91440 -0.03009 
0.50952 0.91440 -0.03009 
0.50817 0.91440 -0.03017 
0.50817 0.91440 -0.03017 
0.50679 0.91440 -0.03026 
0.50679 0.91440 -0.03026 
0.50538 0.91440 -0.03034 
0.50538 0.91440 -0.03034 
0.50393 0.91440 -0.03043 
0.50393 0.91440 -0.03043 
0.50244 0.91440 -0.03052 
0.50244 0.91440 -0.03052 
0.50091 0.91440 -0.03061 
0.50091 0.91440 -0.03061 
0.49935 0.91440 -0.03071 
0.49935 0.91440 -0.03071 
0.49776 0.91440 -0.03080 
0.49776 0.91440 -0.03080 
0.49613 0.91440 -0.03090 
0.49613 0.91440 -0.03090 
0.49447 0.91440 -0.03100 
0.49447 0.91440 -0.03100 
0.49277 0.91440 -0.03110 
0.49277 0.91440 -0.03110 
0.49104 0.91440 -0.03120 
0.49104 0.91440 -0.03120 
0.48927 0.91440 -0.03130 
0.48927 0.91440 -0.03130 
0.48747 0.91440 -0.03140 
0.48747 0.91440 -0.03140 
0.48564 0.91440 -0.03150 
0.48564 0.91440 -0.03150 
0.48377 0.91440 -0.03161 
0.48377 0.91440 -0.03161 
0.48187 0.91440 -0.03171 
0.48187 0.91440 -0.03171 
0.47994 0.91440 -0.03182 
0.47994 0.91440 -0.03182 
0.47798 0.91440 -0.03192 
0.47798 0.91440 -0.03192 
0.47598 0.91440 -0.03203 
0.47598 0.91440 -0.03203 
0.47395 0.91440 -0.03214 
0.47395 0.91440 -0.03214 
0.47189 0.91440 -0.03225 
0.47189 0.91440 -0.03225 
0.46981 0.91440 -0.03235 
0.46980 0.91440 -0.03235 
0.46768 0.91440 -0.03246 
0.46768 0.91440 -0.03246 
0.46553 0.91440 -0.03257 
0.46553 0.91440 -0.03257 
0.46335 0.91440 -0.03268 
0.46335 0.91440 -0.03268 
0.46114 0.91440 -0.03279 
0.46114 0.91440 -0.03279 
0.45890 0.91440 -0.03290 
0.45890 0.91440 -0.03290 
0.45664 0.91440 -0.03301 
0.45663 0.91440 -0.03301 
0.45434 0.91440 -0.03312 
0.45434 0.91440 -0.03312 
0.45201 0.91440 -0.03324 
0.45201 0.91440 -0.03324 
0.44966 0.91440 -0.03335 
0.44966 0.91440 -0.03335 
0.44728 0.91440 -0.03346 
0.44728 0.91440 -0.03346 
0.44487 0.91440 -0.03357 
0.44487 0.91440 -0.03357 
0.44243 0.91440 -0.03368 
0.44243 0.91440 -0.03368 
0.43997 0.91440 -0.03379 
0.43997 0.91440 -0.03379 
0.43748 0.91440 -0.03389 
0.43748 0.91440 -0.03389 
0.43497 0.91440 -0.03400 
0.43497 0.91440 -0.03400 
0.43243 0.91440 -0.03411 
0.43243 0.91440 -0.03411 
0.42987 0.91440 -0.03422 
0.42986 0.91440 -0.03422 
0.42728 0.91440 -0.03433 
0.42728 0.91440 -0.03433 
0.42466 0.91440 -0.03443 
0.42466 0.91440 -0.03443 
0.42203 0.91440 -0.03454 
0.42203 0.91440 -0.03454 
0.41936 0.91440 -0.03464 
0.41936 0.91440 -0.03464 
0.41668 0.91440 -0.03475 
0.41668 0.91440 -0.03475 
0.41397 0.91440 -0.03485 
0.41397 0.91440 -0.03485 
0.41125 0.91440 -0.03495 
0.41125 0.91440 -0.03495 
0.40850 0.91440 -0.03506 
0.40850 0.91440 -0.03506 
0.40572 0.91440 -0.03516 
0.40572 0.91440 -0.03516 
0.40293 0.91440 -0.03525 
0.40293 0.91440 -0.03525 
0.40012 0.91440 -0.03535 
0.40012 0.91440 -0.03535 
0.39728 0.91440 -0.03545 
0.39728 0.91440 -0.03545 
0.39443 0.91440 -0.03554 
0.39443 0.91440 -0.03554 
0.39156 0.91440 -0.03564 
0.39156 0.91440 -0.03564 
0.38867 0.91440 -0.03573 
0.38867 0.91440 -0.03573 
0.38576 0.91440 -0.03582 
0.38576 0.91440 -0.03582 
0.38283 0.91440 -0.03591 
0.38283 0.91440 -0.03591 
0.37988 0.91440 -0.03600 
0.37988 0.91440 -0.03600 
0.37692 0.91440 -0.03608 
0.37692 0.91440 -0.03608 
0.37394 0.91440 -0.03617 
0.37394 0.91440 -0.03617 
0.37094 0.91440 -0.03625 
0.37094 0.91440 -0.03625 
0.36793 0.91440 -0.03633 
0.36793 0.91440 -0.03633 
0.36491 0.91440 -0.03641 
0.36491 0.91440 -0.03641 
0.36186 0.91440 -0.03648 
0.36186 0.91440 -0.03648 
0.35881 0.91440 -0.03656 
0.35881 0.91440 -0.03656 
0.35574 0.91440 -0.03663 
0.35574 0.91440 -0.03663 
0.35266 0.91440 -0.03670 
0.35266 0.91440 -0.03670 
0.34956 0.91440 -0.03677 
0.34956 0.91440 -0.03677 
0.34645 0.91440 -0.03683 
0.34645 0.91440 -0.03683 
0.34333 0.91440 -0.03689 
0.34333 0.91440 -0.03689 
0.34020 0.91440 -0.03696 
0.34020 0.91440 -0.03696 
0.33705 0.91440 -0.03701 
0.33705 0.91440 -0.03701 
0.33390 0.91440 -0.03707 
0.33390 0.91440 -0.03707 
0.33073 0.91440 -0.03712 
0.33073 0.91440 -0.03712 
0.32756 0.91440 -0.03717 
0.32756 0.91440 -0.03717 
0.32438 0.91440 -0.03722 
0.32438 0.91440 -0.03722 
0.32118 0.91440 -0.03726 
0.32118 0.91440 -0.03726 
0.31798 0.91440 -0.03730 
0.31798 0.91440 -0.03730 
0.31477 0.91440 -0.03734 
0.31477 0.91440 -0.03734 
0.31156 0.91440 -0.03737 
0.31156 0.91440 -0.03737 
0.30834 0.91440 -0.03740 
0.30834 0.91440 -0.03740 
0.30511 0.91440 -0.03743 
0.30511 0.91440 -0.03743 
0.30187 0.91440 -0.03745 
0.30187 0.91440 -0.03745 
0.29863 0.91440 -0.03748 
0.29863 0.91440 -0.03748 
0.29539 0.91440 -0.03749 
0.29539 0.91440 -0.03749 
0.29214 0.91440 -0.03751 
0.29214 0.91440 -0.03751 
0.28888 0.91440 -0.03752 
0.28888 0.91440 -0.03752 
0.28563 0.91440 -0.03752 
0.28563 0.91440 -0.03752 
0.28237 0.91440 -0.03753 
0.28237 0.91440 -0.03753 
0.27911 0.91440 -0.03752 
0.27911 0.91440 -0.03752 
0.27584 0.91440 -0.03752 
0.27584 0.91440 -0.03752 
0.27258 0.91440 -0.03751 
0.27258 0.91440 -0.03751 
0.26931 0.91440 -0.03750 
0.26931 0.91440 -0.03750 
0.26604 0.91440 -0.03748 
0.26604 0.91440 -0.03748 
0.26278 0.91440 -0.03746 
0.26278 0.91440 -0.03746 
0.25951 0.91440 -0.03743 
0.25688 0.91440 -0.03740 
0.25644 0.91440 -0.03740 
0.25586 0.91440 -0.03739 
0.25263 0.91440 -0.03736 
0.24896 0.91440 -0.03731 
0.24873 0.91440 -0.03731 
0.24859 0.91440 -0.03731 
0.24540 0.91440 -0.03726 
0.24515 0.91440 -0.03726 
0.24308 0.91440 -0.03723 
0.24164 0.91440 -0.03720 
0.24009 0.91440 -0.03718 
0.23890 0.91440 -0.03716 
0.23751 0.91440 -0.03713 
0.23667 0.91440 -0.03711 
0.23459 0.91440 -0.03707 
0.23451 0.91440 -0.03707 
0.23346 0.91440 -0.03705 
0.23232 0.91440 -0.03703 
0.23224 0.91440 -0.03702 
0.23160 0.91440 -0.03701 
0.23027 0.91440 -0.03698 
0.23010 0.91440 -0.03698 
0.22849 0.91440 -0.03694 
0.22790 0.91440 -0.03693 
0.22717 0.91440 -0.03691 
0.22617 0.91440 -0.03689 
0.22605 0.91440 -0.03688 
0.22579 0.91440 -0.03688 
0.22490 0.91440 -0.03685 
0.22359 0.91440 -0.03682 
0.22355 0.91440 -0.03682 
0.22353 0.91440 -0.03682 
0.22220 0.91440 -0.03678 
0.22185 0.91440 -0.03678 
0.22097 0.91440 -0.03675 
0.22014 0.91440 -0.03673 
0.21919 0.91440 -0.03670 
0.21845 0.91440 -0.03668 
0.21740 0.91440 -0.03665 
0.21720 0.91440 -0.03665 
0.21687 0.91440 -0.03664 
0.21591 0.91440 -0.03661 
0.21555 0.91440 -0.03660 
0.21435 0.91440 -0.03656 
0.21420 0.91440 -0.03656 
0.21301 0.91440 -0.03652 
0.21228 0.91440 -0.03650 
0.21093 0.91440 -0.03645 
0.21045 0.91440 -0.03644 
0.20878 0.91440 -0.03638 
0.20857 0.91440 -0.03637 
0.20835 0.91440 -0.03637 
0.20661 0.91440 -0.03631 
0.20495 0.91440 -0.03625 
0.20471 0.91440 -0.03624 
0.20462 0.91440 -0.03624 
0.20440 0.91440 -0.03623 
0.20306 0.91440 -0.03618 
0.20182 0.91440 -0.03613 
0.20170 0.91440 -0.03613 
0.20146 0.91440 -0.03612 
0.20023 0.91440 -0.03607 
0.19988 0.91440 -0.03606 
0.19867 0.91440 -0.03601 
0.19828 0.91440 -0.03599 
0.19713 0.91440 -0.03595 
0.19668 0.91440 -0.03593 
0.19537 0.91440 -0.03587 
0.19489 0.91440 -0.03585 
0.19397 0.91440 -0.03581 
0.19334 0.91440 -0.03579 
0.19293 0.91440 -0.03577 
0.19199 0.91440 -0.03573 
0.19110 0.91440 -0.03569 
0.19058 0.91440 -0.03566 
0.18941 0.91440 -0.03561 
0.18921 0.91440 -0.03560 
0.18913 0.91440 -0.03560 
0.18796 0.91440 -0.03554 
0.18757 0.91440 -0.03553 
0.18642 0.91440 -0.03547 
0.18622 0.91440 -0.03546 
0.18611 0.91440 -0.03546 
0.18492 0.91440 -0.03540 
0.18388 0.91440 -0.03535 
0.18375 0.91440 -0.03534 
0.18365 0.91440 -0.03534 
0.18264 0.91440 -0.03529 
0.18197 0.91440 -0.03525 
0.18089 0.91440 -0.03520 
0.18043 0.91440 -0.03517 
0.17949 0.91440 -0.03512 
0.17928 0.91440 -0.03511 
0.17920 0.91440 -0.03511 
0.17780 0.91440 -0.03503 
0.17760 0.91440 -0.03502 
0.17615 0.91440 -0.03494 
0.17601 0.91440 -0.03493 
0.17556 0.91440 -0.03491 
0.17441 0.91440 -0.03485 
0.17402 0.91440 -0.03482 
0.17280 0.91440 -0.03475 
0.17176 0.91440 -0.03469 
0.17120 0.91440 -0.03466 
0.17073 0.91440 -0.03463 
0.16997 0.91440 -0.03459 
0.16944 0.91440 -0.03456 
0.16811 0.91440 -0.03447 
0.16798 0.91440 -0.03447 
0.16784 0.91440 -0.03446 
0.16622 0.91440 -0.03436 
0.16517 0.91440 -0.03429 
0.16462 0.91440 -0.03425 
0.16408 0.91440 -0.03422 
0.16287 0.91440 -0.03414 
0.16209 0.91440 -0.03409 
0.16188 0.91440 -0.03407 
0.16067 0.91440 -0.03399 
0.16057 0.91440 -0.03399 
0.15908 0.91440 -0.03389 
0.15893 0.91440 -0.03388 
0.15746 0.91440 -0.03377 
0.15722 0.91440 -0.03376 
0.15570 0.91440 -0.03365 
0.15539 0.91440 -0.03363 
0.15496 0.91440 -0.03360 
0.15385 0.91440 -0.03352 
0.15309 0.91440 -0.03346 
0.15246 0.91440 -0.03341 
0.15185 0.91440 -0.03337 
0.15146 0.91440 -0.03334 
0.15059 0.91440 -0.03327 
0.15011 0.91440 -0.03324 
0.14903 0.91440 -0.03315 
0.14769 0.91440 -0.03305 
0.14742 0.91440 -0.03303 
0.14675 0.91440 -0.03297 
0.14602 0.91440 -0.03291 
0.14581 0.91440 -0.03290 
0.14423 0.91440 -0.03277 
0.14415 0.91440 -0.03276 
0.14401 0.91440 -0.03275 
0.14274 0.91440 -0.03265 
0.14145 0.91440 -0.03254 
0.14124 0.91440 -0.03252 
0.14111 0.91440 -0.03251 
0.13971 0.91440 -0.03239 
0.13889 0.91440 -0.03232 
0.13820 0.91440 -0.03226 
0.13706 0.91440 -0.03216 
0.13650 0.91440 -0.03211 
0.13510 0.91440 -0.03198 
0.13496 0.91440 -0.03197 
0.13436 0.91440 -0.03192 
0.13338 0.91440 -0.03183 
0.13319 0.91440 -0.03181 
0.13188 0.91440 -0.03169 
0.13152 0.91440 -0.03165 
0.13054 0.91440 -0.03156 
0.12970 0.91440 -0.03148 
0.12948 0.91440 -0.03146 
0.12929 0.91440 -0.03144 
0.12830 0.91440 -0.03134 
0.12740 0.91440 -0.03125 
0.12685 0.91440 -0.03120 
0.12554 0.91440 -0.03106 
0.12545 0.91440 -0.03105 
0.12541 0.91440 -0.03105 
0.12402 0.91440 -0.03090 
0.12400 0.91440 -0.03090 
0.12268 0.91440 -0.03076 
0.12248 0.91440 -0.03074 
0.12221 0.91440 -0.03071 
0.12090 0.91440 -0.03057 
0.12030 0.91440 -0.03051 
0.11909 0.91440 -0.03038 
0.11886 0.91440 -0.03035 
0.11781 0.91440 -0.03024 
0.11755 0.91440 -0.03021 
0.11749 0.91440 -0.03020 
0.11627 0.91440 -0.03006 
0.11568 0.91440 -0.03000 
0.11481 0.91440 -0.02990 
0.11394 0.91440 -0.02980 
0.11325 0.91440 -0.02972 
0.11196 0.91440 -0.02957 
0.11151 0.91440 -0.02951 
0.11005 0.91440 -0.02934 
0.10985 0.91440 -0.02932 
0.10980 0.91440 -0.02931 
0.10948 0.91440 -0.02927 
0.10808 0.91440 -0.02910 
0.10783 0.91440 -0.02907 
0.10663 0.91440 -0.02892 
0.10595 0.91440 -0.02883 
0.10576 0.91440 -0.02881 
0.10430 0.91440 -0.02863 
0.10351 0.91440 -0.02852 
0.10292 0.91440 -0.02845 
0.10182 0.91440 -0.02830 
0.10146 0.91440 -0.02826 
0.10046 0.91440 -0.02812 
0.10024 0.91440 -0.02809 
0.10016 0.91440 -0.02808 
0.09888 0.91440 -0.02791 
0.09850 0.91440 -0.02786 
0.09763 0.91440 -0.02774 
0.09685 0.91440 -0.02763 
0.09641 0.91440 -0.02757 
0.09584 0.91440 -0.02749 
0.09526 0.91440 -0.02740 
0.09413 0.91440 -0.02724 
0.09405 0.91440 -0.02723 
0.09354 0.91440 -0.02716 
0.09259 0.91440 -0.02702 
0.09249 0.91440 -0.02700 
0.09216 0.91440 -0.02695 
0.09068 0.91440 -0.02673 
0.09029 0.91440 -0.02668 
0.08949 0.91440 -0.02655 
0.08869 0.91440 -0.02643 
0.08803 0.91440 -0.02633 
0.08725 0.91440 -0.02621 
0.08594 0.91440 -0.02600 
0.08570 0.91440 -0.02597 
0.08513 0.91440 -0.02588 
0.08430 0.91440 -0.02574 
0.08390 0.91440 -0.02568 
0.08287 0.91440 -0.02551 
0.08136 0.91440 -0.02526 
0.08126 0.91440 -0.02524 
0.08116 0.91440 -0.02523 
0.07972 0.91440 -0.02499 
0.07810 0.91440 -0.02471 
0.07788 0.91440 -0.02467 
0.07773 0.91440 -0.02464 
0.07575 0.91440 -0.02430 
0.07557 0.91440 -0.02426 
0.07525 0.91440 -0.02421 
0.07406 0.91440 -0.02399 
0.07306 0.91440 -0.02381 
0.07266 0.91440 -0.02374 
0.07131 0.91440 -0.02349 
0.07104 0.91440 -0.02344 
0.06976 0.91440 -0.02319 
0.06933 0.91440 -0.02311 
0.06837 0.91440 -0.02293 
0.06787 0.91440 -0.02283 
0.06699 0.91440 -0.02266 
0.06647 0.91440 -0.02255 
0.06552 0.91440 -0.02236 
0.06486 0.91440 -0.02223 
0.06374 0.91440 -0.02200 
0.06353 0.91440 -0.02196 
0.06296 0.91440 -0.02184 
0.06228 0.91440 -0.02170 
0.06195 0.91440 -0.02163 
0.06093 0.91440 -0.02141 
0.05976 0.91440 -0.02116 
0.05937 0.91440 -0.02107 
0.05893 0.91440 -0.02097 
0.05777 0.91440 -0.02071 
0.05718 0.91440 -0.02057 
0.05613 0.91440 -0.02032 
0.05565 0.91440 -0.02021 
0.05497 0.91440 -0.02004 
0.05362 0.91440 -0.01972 
0.05341 0.91440 -0.01967 
0.05329 0.91440 -0.01964 
0.05146 0.91440 -0.01922 
0.05103 0.91440 -0.01912 
0.04945 0.91440 -0.01876 
0.04931 0.91440 -0.01873 
0.04828 0.91440 -0.01852 
0.04788 0.91440 -0.01844 
0.04783 0.91440 -0.01843 
0.04752 0.91440 -0.01838 
0.04669 0.91440 -0.01823 
0.04646 0.91440 -0.01820 
0.04550 0.91440 -0.01805 
0.04456 0.91440 -0.01790 
0.04419 0.91440 -0.01784 
0.04342 0.91440 -0.01771 
0.04255 0.91440 -0.01756 
0.04207 0.91440 -0.01748 
0.04081 0.91440 -0.01729 
0.03953 0.91440 -0.01711 
0.03940 0.91440 -0.01709 
0.03917 0.91440 -0.01706 
0.03830 0.91440 -0.01695 
0.03756 0.91440 -0.01691 
0.03694 0.91440 -0.01686 
0.03668 0.91440 -0.01686 
0.03503 0.91440 -0.01694 
0.03500 0.91440 -0.01694 
0.03493 0.91440 -0.01696 
0.03336 0.91440 -0.01719 
0.03280 0.91440 -0.01733 
0.03192 0.91440 -0.01758 
0.03119 0.91440 -0.01780 
0.03031 0.91440 -0.01805 
0.02947 0.91440 -0.01827 
0.02887 0.91440 -0.01841 
0.02777 0.91440 -0.01855 
0.02734 0.91440 -0.01860 
0.02598 0.91440 -0.01854 
0.02591 0.91440 -0.01853 
0.02528 0.91440 -0.01843 
0.02427 0.91440 -0.01828 
0.02416 0.91440 -0.01825 
0.02263 0.91440 -0.01786 
0.02253 0.91440 -0.01783 
0.02113 0.91440 -0.01727 
0.02099 0.91440 -0.01717 
0.01955 0.91440 -0.01615 
0.01946 0.91440 -0.01606 
0.01920 0.91440 -0.01570 
0.01833 0.91440 -0.01471 
0.01795 0.91440 -0.01426 
0.01744 0.91440 -0.01384 
0.01692 0.91440 -0.01369 
0.01631 0.91440 -0.01350 
0.01584 0.91440 -0.01336 
0.01506 0.91440 -0.01327 
0.01449 0.91440 -0.01335 
0.01372 0.91440 -0.01355 
0.01291 0.91440 -0.01391 
0.01199 0.91440 -0.01448 
0.01095 0.91440 -0.01486 
0.01037 0.91440 -0.01512 
0.00940 0.91440 -0.01524 
0.00908 0.91440 -0.01527 
0.00879 0.91440 -0.01522 
0.00782 0.91440 -0.01506 
0.00725 0.91440 -0.01487 
0.00661 0.91440 -0.01453 
0.00627 0.91440 -0.01427 
0.00567 0.91440 -0.01368 
0.00531 0.91440 -0.01308 
0.00488 0.91440 -0.01224 
0.00467 0.91440 -0.01165 
0.00459 0.91440 -0.01106 
0.00438 0.91440 -0.01019 
0.00397 0.91440 -0.00902 
0.00393 0.91440 -0.00893 
0.00388 0.91440 -0.00885 
0.00328 0.91440 -0.00761 
0.00266 0.91440 -0.00664 
0.00251 0.91440 -0.00640 
0.00238 0.91440 -0.00598 
0.00210 0.91440 -0.00504 
0.00203 0.91440 -0.00461 
0.00193 0.91440 -0.00353 
0.00187 0.91440 -0.00305 
0.00193 0.91440 -0.00213 
0.00208 0.91440 -0.00134 
0.00222 0.91440 -0.00038 
0.00230 0.91440 0.00015 
0.00211 0.91440 0.00108 
0.00199 0.91440 0.00176 
0.00171 0.91440 0.00229 
0.00127 0.91440 0.00320 
0.00100 0.91440 0.00361 
0.00034 0.91440 0.00446 
0.00015 0.91440 0.00472 
0.00001 0.91440 0.00486 
-0.00091 0.91440 0.00578 
-0.00184 0.91440 0.00646 
-0.00227 0.91440 0.00677 
-0.00341 0.91440 0.00741 
-0.00347 0.91440 0.00744 
-0.00369 0.91440 0.00753 
-0.00466 0.91440 0.00792 
-0.00550 0.91440 0.00814 
-0.00583 0.91440 0.00823 
-0.00595 0.91440 0.00825 
-0.00724 0.91440 0.00846 
-0.00763 0.91440 0.00850 
-0.00869 0.91440 0.00861 
-0.00946 0.91440 0.00868 
-0.01031 0.91440 0.00875 
-0.01102 0.91440 0.00881 
-0.01180 0.91440 0.00886 
-0.01269 0.91440 0.00894 
-0.01346 0.91440 0.00900 
-0.01431 0.91440 0.00910 
-0.01487 0.91440 0.00915 
-0.01571 0.91440 0.00924 
-0.01695 0.91440 0.00936 
-0.01708 0.91440 0.00938 
-0.01725 0.91440 0.00943 
-0.01862 0.91440 0.00981 
-0.01953 0.91440 0.01036 
-0.01962 0.91440 0.01041 
-0.02050 0.91440 0.01130 
-0.02068 0.91440 0.01158 
-0.02119 0.91440 0.01258 
-0.02130 0.91440 0.01330 
-0.02127 0.91440 0.01394 
-0.02078 0.91440 0.01504 
-0.02074 0.91440 0.01516 
-0.02069 0.91440 0.01522 
-0.01977 0.91440 0.01617 
-0.01924 0.91440 0.01653 
-0.01815 0.91440 0.01689 
-0.01774 0.91440 0.01702 
-0.01656 0.91440 0.01696 
-0.01649 0.91440 0.01696 
-0.01648 0.91440 0.01696 
-0.01495 0.91440 0.01696 
-0.01490 0.91440 0.01697 
-0.01467 0.91440 0.01700 
-0.01379 0.91440 0.01716 
-0.01342 0.91440 0.01721 
-0.01277 0.91440 0.01729 
-0.01229 0.91440 0.01730 
-0.01138 0.91440 0.01730 
-0.01026 0.91440 0.01728 
-0.01014 0.91440 0.01728 
-0.00890 0.91440 0.01733 
-0.00885 0.91440 0.01734 
-0.00868 0.91440 0.01735 
-0.00728 0.91440 0.01745 
-0.00688 0.91440 0.01748 
-0.00558 0.91440 0.01753 
-0.00543 0.91440 0.01753 
-0.00437 0.91440 0.01752 
-0.00304 0.91440 0.01746 
-0.00272 0.91440 0.01745 
-0.00240 0.91440 0.01743 
-0.00127 0.91440 0.01737 
-0.00012 0.91440 0.01735 
0.00051 0.91440 0.01733 
0.00097 0.91440 0.01736 
0.00215 0.91440 0.01744 
0.00288 0.91440 0.01754 
0.00369 0.91440 0.01766 
0.00497 0.91440 0.01796 
0.00506 0.91440 0.01798 
0.00515 0.91440 0.01801 
0.00655 0.91440 0.01846 
0.00778 0.91440 0.01895 
0.00781 0.91440 0.01896 
0.00782 0.91440 0.01897 
0.00943 0.91440 0.01974 
0.01063 0.91440 0.02036 
0.01117 0.91440 0.02063 
0.01219 0.91440 0.02114 
0.01258 0.91440 0.02133 
0.01284 0.91440 0.02146 
0.01402 0.91440 0.02201 
0.01497 0.91440 0.02242 
0.01534 0.91440 0.02258 
0.01645 0.91440 0.02301 
0.01665 0.91440 0.02308 
0.01819 0.91440 0.02362 
0.01824 0.91440 0.02364 
0.01968 0.91440 0.02410 
0.01979 0.91440 0.02413 
0.02104 0.91440 0.02451 
0.02150 0.91440 0.02465 
0.02272 0.91440 0.02499 
0.02347 0.91440 0.02519 
0.02430 0.91440 0.02541 
0.02544 0.91440 0.02570 
0.02575 0.91440 0.02578 
0.02603 0.91440 0.02585 
0.02707 0.91440 0.02610 
0.02771 0.91440 0.02624 
0.02867 0.91440 0.02646 
0.02959 0.91440 0.02666 
0.03044 0.91440 0.02685 
0.03135 0.91440 0.02704 
0.03212 0.91440 0.02720 
0.03286 0.91440 0.02735 
0.03394 0.91440 0.02756 
0.03456 0.91440 0.02768 
0.03535 0.91440 0.02782 
0.03634 0.91440 0.02801 
0.03735 0.91440 0.02818 
0.03832 0.91440 0.02835 
0.04015 0.91440 0.02864 
0.04016 0.91440 0.02864 
0.04017 0.91440 0.02864 
0.04205 0.91440 0.02892 
0.04307 0.91440 0.02906 
0.04430 0.91440 0.02923 
0.04519 0.91440 0.02935 
0.04623 0.91440 0.02949 
0.04681 0.91440 0.02956 
0.04787 0.91440 0.02969 
0.04819 0.91440 0.02973 
0.04836 0.91440 0.02975 
0.04963 0.91440 0.02990 
0.05024 0.91440 0.02997 
0.05103 0.91440 0.03006 
0.05183 0.91440 0.03015 
0.05267 0.91440 0.03024 
0.05354 0.91440 0.03033 
0.05417 0.91440 0.03040 
0.05571 0.91440 0.03055 
0.05582 0.91440 0.03056 
0.05603 0.91440 0.03058 
0.05730 0.91440 0.03070 
0.05815 0.91440 0.03078 
0.05892 0.91440 0.03084 
0.05978 0.91440 0.03091 
0.06051 0.91440 0.03097 
0.06138 0.91440 0.03104 
0.06216 0.91440 0.03111 
0.06263 0.91440 0.03114 
0.06379 0.91440 0.03123 
0.06523 0.91440 0.03133 
0.06537 0.91440 0.03134 
0.06562 0.91440 0.03136 
0.06706 0.91440 0.03146 
0.06793 0.91440 0.03152 
0.06858 0.91440 0.03156 
0.06940 0.91440 0.03162 
0.07015 0.91440 0.03166 
0.07064 0.91440 0.03169 
0.07167 0.91440 0.03175 
0.07249 0.91440 0.03180 
0.07295 0.91440 0.03182 
0.07429 0.91440 0.03189 
0.07448 0.91440 0.03190 
0.07626 0.91440 0.03198 
0.07636 0.91440 0.03199 
0.07651 0.91440 0.03199 
0.07789 0.91440 0.03205 
0.07889 0.91440 0.03209 
0.07937 0.91440 0.03211 
0.08071 0.91440 0.03216 
0.08093 0.91440 0.03217 
0.08117 0.91440 0.03218 
0.08261 0.91440 0.03222 
0.08311 0.91440 0.03223 
0.08413 0.91440 0.03226 
0.08458 0.91440 0.03227 
0.08587 0.91440 0.03229 
0.08609 0.91440 0.03230 
0.08640 0.91440 0.03230 
0.08766 0.91440 0.03232 
0.08842 0.91440 0.03234 
0.08951 0.91440 0.03235 
0.09006 0.91440 0.03236 
0.09126 0.91440 0.03238 
0.09200 0.91440 0.03239 
0.09313 0.91440 0.03240 
0.09351 0.91440 0.03241 
0.09478 0.91440 0.03242 
0.09500 0.91440 0.03242 
0.09656 0.91440 0.03244 
0.09672 0.91440 0.03244 
0.09844 0.91440 0.03245 
0.09854 0.91440 0.03245 
0.09873 0.91440 0.03245 
0.10040 0.91440 0.03245 
0.10108 0.91440 0.03245 
0.10215 0.91440 0.03245 
0.10258 0.91440 0.03245 
0.10379 0.91440 0.03244 
0.10380 0.91440 0.03244 
0.10381 0.91440 0.03244 
0.10490 0.91440 0.03244 
0.10517 0.91440 0.03244 
0.10632 0.91440 0.03243 
0.10780 0.91440 0.03241 
0.10817 0.91440 0.03241 
0.10842 0.91440 0.03241 
0.10977 0.91440 0.03239 
0.11015 0.91440 0.03239 
0.11146 0.91440 0.03237 
0.11165 0.91440 0.03237 
0.11242 0.91440 0.03235 
0.11319 0.91440 0.03234 
0.11340 0.91440 0.03234 
0.11496 0.91440 0.03231 
0.11570 0.91440 0.03229 
0.11678 0.91440 0.03227 
0.11789 0.91440 0.03224 
0.11885 0.91440 0.03222 
0.11977 0.91440 0.03219 
0.12102 0.91440 0.03216 
0.12161 0.91440 0.03214 
0.12318 0.91440 0.03210 
0.12349 0.91440 0.03209 
0.12389 0.91440 0.03208 
0.12511 0.91440 0.03204 
0.12637 0.91440 0.03200 
0.12666 0.91440 0.03199 
0.12711 0.91440 0.03197 
0.12816 0.91440 0.03193 
0.12883 0.91440 0.03191 
0.12956 0.91440 0.03188 
0.13038 0.91440 0.03185 
0.13085 0.91440 0.03183 
0.13186 0.91440 0.03179 
0.13195 0.91440 0.03179 
0.13301 0.91440 0.03174 
0.13389 0.91440 0.03171 
0.13434 0.91440 0.03169 
0.13550 0.91440 0.03163 
0.13561 0.91440 0.03163 
0.13678 0.91440 0.03158 
0.13766 0.91440 0.03153 
0.13859 0.91440 0.03149 
0.13950 0.91440 0.03145 
0.14039 0.91440 0.03140 
0.14184 0.91440 0.03133 
0.14189 0.91440 0.03133 
0.14202 0.91440 0.03132 
0.14330 0.91440 0.03125 
0.14374 0.91440 0.03123 
0.14501 0.91440 0.03116 
0.14528 0.91440 0.03115 
0.14559 0.91440 0.03113 
0.14658 0.91440 0.03107 
0.14730 0.91440 0.03103 
0.14796 0.91440 0.03099 
0.14875 0.91440 0.03095 
0.14953 0.91440 0.03090 
0.15024 0.91440 0.03086 
0.15105 0.91440 0.03081 
0.15246 0.91440 0.03073 
0.15278 0.91440 0.03071 
0.15306 0.91440 0.03069 
0.15430 0.91440 0.03061 
0.15522 0.91440 0.03055 
0.15575 0.91440 0.03052 
0.15703 0.91440 0.03043 
0.15723 0.91440 0.03042 
0.15730 0.91440 0.03042 
0.15883 0.91440 0.03031 
0.15938 0.91440 0.03028 
0.16032 0.91440 0.03021 
0.16177 0.91440 0.03011 
0.16196 0.91440 0.03010 
0.16304 0.91440 0.03002 
0.16340 0.91440 0.03000 
0.16439 0.91440 0.02993 
0.16505 0.91440 0.02988 
0.16561 0.91440 0.02984 
0.16642 0.91440 0.02978 
0.16711 0.91440 0.02973 
0.16843 0.91440 0.02963 
0.16848 0.91440 0.02962 
0.16862 0.91440 0.02961 
0.17002 0.91440 0.02951 
0.17052 0.91440 0.02947 
0.17136 0.91440 0.02940 
0.17243 0.91440 0.02932 
0.17260 0.91440 0.02931 
0.17284 0.91440 0.02929 
0.17403 0.91440 0.02919 
0.17541 0.91440 0.02908 
0.17554 0.91440 0.02907 
0.17564 0.91440 0.02906 
0.17718 0.91440 0.02894 
0.17874 0.91440 0.02881 
0.17876 0.91440 0.02881 
0.17878 0.91440 0.02881 
0.18059 0.91440 0.02866 
0.18170 0.91440 0.02856 
0.18225 0.91440 0.02851 
0.18352 0.91440 0.02840 
0.18356 0.91440 0.02840 
0.18490 0.91440 0.02828 
0.18572 0.91440 0.02821 
0.18670 0.91440 0.02812 
0.18775 0.91440 0.02803 
0.18824 0.91440 0.02798 
0.18903 0.91440 0.02791 
0.18964 0.91440 0.02786 
0.18998 0.91440 0.02783 
0.19102 0.91440 0.02773 
0.19204 0.91440 0.02764 
0.19256 0.91440 0.02759 
0.19405 0.91440 0.02745 
0.19427 0.91440 0.02743 
0.19432 0.91440 0.02742 
0.19483 0.91440 0.02737 
0.19573 0.91440 0.02729 
0.19597 0.91440 0.02727 
0.19697 0.91440 0.02717 
0.19744 0.91440 0.02713 
0.19830 0.91440 0.02704 
0.19867 0.91440 0.02701 
0.19917 0.91440 0.02696 
0.20005 0.91440 0.02687 
0.20090 0.91440 0.02679 
0.20186 0.91440 0.02669 
0.20279 0.91440 0.02660 
0.20309 0.91440 0.02657 
0.20424 0.91440 0.02645 
0.20457 0.91440 0.02642 
0.20464 0.91440 0.02642 
0.20605 0.91440 0.02627 
0.20676 0.91440 0.02620 
0.20764 0.91440 0.02611 
0.20845 0.91440 0.02603 
0.20931 0.91440 0.02594 
0.20998 0.91440 0.02587 
0.21057 0.91440 0.02581 
0.21085 0.91440 0.02578 
0.21154 0.91440 0.02570 
0.21252 0.91440 0.02560 
0.21308 0.91440 0.02554 
0.21385 0.91440 0.02546 
0.21494 0.91440 0.02534 
0.21655 0.91440 0.02517 
0.21660 0.91440 0.02516 
0.21664 0.91440 0.02516 
0.21812 0.91440 0.02500 
0.21857 0.91440 0.02495 
0.21941 0.91440 0.02486 
0.22005 0.91440 0.02479 
0.22095 0.91440 0.02469 
0.22224 0.91440 0.02454 
0.22259 0.91440 0.02450 
0.22418 0.91440 0.02433 
0.22456 0.91440 0.02428 
0.22500 0.91440 0.02423 
0.22640 0.91440 0.02408 
0.22750 0.91440 0.02395 
0.22812 0.91440 0.02388 
0.22850 0.91440 0.02384 
0.23033 0.91440 0.02362 
0.23064 0.91440 0.02359 
0.23254 0.91440 0.02337 
0.23274 0.91440 0.02334 
0.23513 0.91440 0.02306 
0.23530 0.91440 0.02304 
0.23778 0.91440 0.02275 
0.23835 0.91440 0.02268 
0.24057 0.91440 0.02241 
0.24174 0.91440 0.02227 
0.24354 0.91440 0.02205 
0.24513 0.91440 0.02185 
0.24764 0.91440 0.02154 
0.24902 0.91440 0.02137 
0.25113 0.91440 0.02111 
0.25200 0.91440 0.02100 
0.25702 0.91440 0.02036 
0.25702 0.91440 0.02036 
0.25702 0.91440 0.02036 
0.26026 0.91440 0.01994 
0.26026 0.91440 0.01994 
0.26349 0.91440 0.01952 
0.26349 0.91440 0.01952 
0.26673 0.91440 0.01909 
0.26673 0.91440 0.01909 
0.26997 0.91440 0.01865 
0.26997 0.91440 0.01865 
0.27321 0.91440 0.01822 
0.27321 0.91440 0.01822 
0.27644 0.91440 0.01778 
0.27644 0.91440 0.01778 
0.27968 0.91440 0.01733 
0.27968 0.91440 0.01733 
0.28291 0.91440 0.01688 
0.28291 0.91440 0.01688 
0.28614 0.91440 0.01643 
0.28614 0.91440 0.01643 
0.28937 0.91440 0.01597 
0.28937 0.91440 0.01597 
0.29259 0.91440 0.01551 
0.29259 0.91440 0.01551 
0.29581 0.91440 0.01505 
0.29581 0.91440 0.01505 
0.29903 0.91440 0.01459 
0.29903 0.91440 0.01459 
0.30224 0.91440 0.01412 
0.30224 0.91440 0.01412 
0.30545 0.91440 0.01364 
0.30545 0.91440 0.01364 
0.30865 0.91440 0.01317 
0.30865 0.91440 0.01317 
0.31184 0.91440 0.01269 
0.31184 0.91440 0.01269 
0.31503 0.91440 0.01221 
0.31503 0.91440 0.01221 
0.31821 0.91440 0.01173 
0.31821 0.91440 0.01173 
0.32138 0.91440 0.01125 
0.32138 0.91440 0.01125 
0.32454 0.91440 0.01076 
0.32454 0.91440 0.01076 
0.32770 0.91440 0.01028 
0.32770 0.91440 0.01028 
0.33084 0.91440 0.00979 
0.33084 0.91440 0.00979 
0.33398 0.91440 0.00930 
0.33398 0.91440 0.00930 
0.33711 0.91440 0.00880 
0.33711 0.91440 0.00880 
0.34022 0.91440 0.00831 
0.34022 0.91440 0.00831 
0.34333 0.91440 0.00782 
0.34333 0.91440 0.00782 
0.34642 0.91440 0.00732 
0.34642 0.91440 0.00732 
0.34950 0.91440 0.00682 
0.34950 0.91440 0.00682 
0.35257 0.91440 0.00633 
0.35257 0.91440 0.00633 
0.35563 0.91440 0.00583 
0.35563 0.91440 0.00583 
0.35867 0.91440 0.00533 
0.35867 0.91440 0.00533 
0.36170 0.91440 0.00483 
0.36170 0.91440 0.00483 
0.36472 0.91440 0.00433 
0.36472 0.91440 0.00433 
0.36772 0.91440 0.00384 
0.36772 0.91440 0.00383 
0.37071 0.91440 0.00334 
0.37071 0.91440 0.00334 
0.37368 0.91440 0.00284 
0.37368 0.91440 0.00284 
0.37663 0.91440 0.00234 
0.37663 0.91440 0.00234 
0.37957 0.91440 0.00184 
0.37957 0.91440 0.00184 
0.38249 0.91440 0.00134 
0.38249 0.91440 0.00134 
0.38540 0.91440 0.00085 
0.38540 0.91440 0.00085 
0.38829 0.91440 0.00035 
0.38829 0.91440 0.00035 
0.39115 0.91440 -0.00014 
0.39115 0.91440 -0.00014 
0.39401 0.91440 -0.00064 
0.39401 0.91440 -0.00064 
0.39684 0.91440 -0.00113 
0.39684 0.91440 -0.00113 
0.39965 0.91440 -0.00162 
0.39965 0.91440 -0.00162 
0.40244 0.91440 -0.00211 
0.40244 0.91440 -0.00211 
0.40521 0.91440 -0.00260 
0.40521 0.91440 -0.00260 
0.40797 0.91440 -0.00309 
0.40797 0.91440 -0.00309 
0.41070 0.91440 -0.00357 
0.41070 0.91440 -0.00357 
0.41341 0.91440 -0.00405 
0.41341 0.91440 -0.00405 
0.41609 0.91440 -0.00453 
0.41610 0.91440 -0.00453 
0.41876 0.91440 -0.00501 
0.41876 0.91440 -0.00501 
0.42140 0.91440 -0.00549 
0.42140 0.91440 -0.00549 
0.42402 0.91440 -0.00596 
0.42402 0.91440 -0.00596 
0.42662 0.91440 -0.00644 
0.42662 0.91440 -0.00644 
0.42919 0.91440 -0.00691 
0.42919 0.91440 -0.00691 
0.43174 0.91440 -0.00737 
0.43174 0.91440 -0.00737 
0.43427 0.91440 -0.00784 
0.43427 0.91440 -0.00784 
0.43677 0.91440 -0.00830 
0.43677 0.91440 -0.00830 
0.43924 0.91440 -0.00875 
0.43924 0.91440 -0.00875 
0.44169 0.91440 -0.00921 
0.44169 0.91440 -0.00921 
0.44411 0.91440 -0.00966 
0.44411 0.91440 -0.00966 
0.44651 0.91440 -0.01011 
0.44651 0.91440 -0.01011 
0.44888 0.91440 -0.01055 
0.44888 0.91440 -0.01055 
0.45122 0.91440 -0.01099 
0.45122 0.91440 -0.01099 
0.45354 0.91440 -0.01143 
0.45354 0.91440 -0.01143 
0.45582 0.91440 -0.01186 
0.45582 0.91440 -0.01186 
0.45808 0.91440 -0.01229 
0.45808 0.91440 -0.01229 
0.46032 0.91440 -0.01272 
0.46032 0.91440 -0.01272 
0.46252 0.91440 -0.01314 
0.46252 0.91440 -0.01314 
0.46469 0.91440 -0.01355 
0.46469 0.91440 -0.01355 
0.46684 0.91440 -0.01397 
0.46684 0.91440 -0.01397 
0.46895 0.91440 -0.01437 
0.46895 0.91440 -0.01437 
0.47103 0.91440 -0.01478 
0.47103 0.91440 -0.01478 
0.47309 0.91440 -0.01518 
0.47309 0.91440 -0.01518 
0.47511 0.91440 -0.01557 
0.47511 0.91440 -0.01557 
0.47710 0.91440 -0.01596 
0.47710 0.91440 -0.01596 
0.47907 0.91440 -0.01634 
0.47907 0.91440 -0.01634 
0.48100 0.91440 -0.01672 
0.48100 0.91440 -0.01672 
0.48289 0.91440 -0.01709 
0.48289 0.91440 -0.01709 
0.48476 0.91440 -0.01746 
0.48476 0.91440 -0.01746 
0.48659 0.91440 -0.01783 
0.48659 0.91440 -0.01783 
0.48839 0.91440 -0.01818 
0.48839 0.91440 -0.01818 
0.49016 0.91440 -0.01853 
0.49016 0.91440 -0.01853 
0.49190 0.91440 -0.01888 
0.49190 0.91440 -0.01888 
0.49360 0.91440 -0.01922 
0.49360 0.91440 -0.01922 
0.49527 0.91440 -0.01955 
0.49527 0.91440 -0.01955 
0.49690 0.91440 -0.01988 
0.49690 0.91440 -0.01988 
0.49850 0.91440 -0.02020 
0.49850 0.91440 -0.02020 
0.50007 0.91440 -0.02052 
0.50007 0.91440 -0.02052 
0.50160 0.91440 -0.02083 
0.50160 0.91440 -0.02083 
0.50309 0.91440 -0.02113 
0.50309 0.91440 -0.02113 
0.50456 0.91440 -0.02143 
0.50456 0.91440 -0.02143 
0.50598 0.91440 -0.02172 
0.50598 0.91440 -0.02172 
0.50737 0.91440 -0.02200 
0.50737 0.91440 -0.02200 
0.50873 0.91440 -0.02228 
0.50873 0.91440 -0.02228 
0.51005 0.91440 -0.02255 
0.51005 0.91440 -0.02255 
0.51133 0.91440 -0.02281 
0.51133 0.91440 -0.02281 
0.51257 0.91440 -0.02307 
0.51257 0.91440 -0.02307 
0.51378 0.91440 -0.02332 
0.51378 0.91440 -0.02332 
0.51496 0.91440 -0.02356 
0.51496 0.91440 -0.02356 
0.51609 0.91440 -0.02380 
0.51609 0.91440 -0.02380 
0.51719 0.91440 -0.02403 
0.51719 0.91440 -0.02403 
0.51826 0.91440 -0.02425 
0.51826 0.91440 -0.02425 
0.51928 0.91440 -0.02446 
0.51928 0.91440 -0.02446 
0.52027 0.91440 -0.02466 
0.52027 0.91440 -0.02466 
0.52122 0.91440 -0.02486 
0.52122 0.91440 -0.02486 
0.52213 0.91440 -0.02505 
0.52213 0.91440 -0.02505 
0.52301 0.91440 -0.02524 
0.52301 0.91440 -0.02524 
0.52385 0.91440 -0.02541 
0.52385 0.91440 -0.02541 
0.52464 0.91440 -0.02558 
0.52464 0.91440 -0.02558 
0.52540 0.91440 -0.02574 
0.52540 0.91440 -0.02574 
0.52613 0.91440 -0.02589 
0.52613 0.91440 -0.02589 
0.52681 0.91440 -0.02603 
0.52681 0.91440 -0.02603 
0.52746 0.91440 -0.02617 
0.52746 0.91440 -0.02617 
0.52806 0.91440 -0.02630 
0.52806 0.91440 -0.02630 
0.52863 0.91440 -0.02642 
0.52863 0.91440 -0.02642 
0.52916 0.91440 -0.02653 
0.52916 0.91440 -0.02653 
0.52965 0.91440 -0.02663 
0.52965 0.91440 -0.02663 
0.53010 0.91440 -0.02673 
0.53010 0.91440 -0.02673 
0.53051 0.91440 -0.02682 
0.53051 0.91440 -0.02682 
0.53089 0.91440 -0.02689 
0.53089 0.91440 -0.02689 
0.53122 0.91440 -0.02696 
0.53122 0.91440 -0.02697 
0.53151 0.91440 -0.02703 
0.53151 0.91440 -0.02703 
0.53177 0.91440 -0.02708 
0.53177 0.91440 -0.02708 
0.53199 0.91440 -0.02713 
0.53199 0.91440 -0.02713 
0.53216 0.91440 -0.02717 
0.53216 0.91440 -0.02717 
0.53230 0.91440 -0.02719 
0.53230 0.91440 -0.02719 
0.53240 0.91440 -0.02722 
0.53240 0.91440 -0.02722 
0.53248 0.91440 -0.02723 
0.53248 0.91440 -0.02723 
0.53247 0.91440 -0.02738 
0.53247 0.91440 -0.02738 
0.53246 0.91440 -0.02753 
0.53246 0.91440 -0.02753 
0.53245 0.91440 -0.02768 
0.53245 0.91440 -0.02768 
0.53244 0.91440 -0.02783 
0.53244 0.91440 -0.02783 
0.53243 0.91440 -0.02798 


