TITLE = "TC_NACA0012_3933_L3_finalIceShape_V1 | NACA0012 coordinates rotated +4 degrees about X=0.13335 m"
AUXDATA NUM_LAYERS = "insert the number of total ice layers"
VARIABLES = "X_ICED" "Y_ICED" "Z_ICED"

ZONE T="SLICE_Y_0p9144_BINS01_KS_0p5334mm_SINGLE_LAYER"
0.533399671673 0.9144 -7.41261492018e-05
0.533400159503 0.9144 -0.000224458321478
0.533400647334 0.9144 -0.000374790493755
0.533401135164 0.9144 -0.000525122666031
0.533401622995 0.9144 -0.000675454838307
0.531892301286 0.9144 -0.000881241083425
0.529480079244 0.9144 -0.00122033520317
0.525607716131 0.9144 -0.00175175210384
0.520424846555 0.9144 -0.00246502831437
0.515241279414 0.9144 -0.0031683288844
0.510057014707 0.9144 -0.00386165381393
0.504872052437 0.9144 -0.00454500310296
0.499687090166 0.9144 -0.00522835239199
0.494500732766 0.9144 -0.00589175040001
0.489314375365 0.9144 -0.00655514840803
0.484127320401 0.9144 -0.00720857077555
0.478930289795 0.9144 -0.00786269070781
0.473742537265 0.9144 -0.00850613743483
0.468554087171 0.9144 -0.00913960852134
0.463354963871 0.9144 -0.00976380153209
0.458165816212 0.9144 -0.0103872969781
0.452975970988 0.9144 -0.0110008167836
0.447775452559 0.9144 -0.0116050585134
0.442584212206 0.9144 -0.0121986270379
0.437382996212 0.9144 -0.0127928931271
0.432181780218 0.9144 -0.0133871592163
0.426989144735 0.9144 -0.0139607764598
0.421786533612 0.9144 -0.0145350912681
0.416583224923 0.9144 -0.0150994304358
0.411389891876 0.9144 -0.0156630720388
0.406185885623 0.9144 -0.016217435566
0.400981181805 0.9144 -0.0167618234528
0.395785756064 0.9144 -0.0172955381343
0.390580354681 0.9144 -0.0178299503805
0.385374255734 0.9144 -0.0183543869862
0.380168156787 0.9144 -0.0188788235919
0.374961360275 0.9144 -0.0193932845572
0.369753866199 0.9144 -0.0198977698819
0.364555650198 0.9144 -0.0203915820013
0.359347458557 0.9144 -0.0208860916856
0.354138569351 0.9144 -0.0213706257293
0.34892898258 0.9144 -0.0218451841325
0.343718698244 0.9144 -0.0223097668952
0.338508413909 0.9144 -0.0227743496579
0.333297432009 0.9144 -0.0232289567801
0.328085752544 0.9144 -0.0236735882618
0.322873375514 0.9144 -0.024108244103
0.31766030092 0.9144 -0.0245329243037
0.312447226325 0.9144 -0.0249576045044
0.307232756601 0.9144 -0.0253623334241
0.302018286877 0.9144 -0.0257670623438
0.296803119589 0.9144 -0.026161815623
0.291587254735 0.9144 -0.0265465932617
0.286370692317 0.9144 -0.0269213952598
0.281153432334 0.9144 -0.0272862216175
0.275935474787 0.9144 -0.0276410723347
0.270716819675 0.9144 -0.0279859474114
0.265496769433 0.9144 -0.0283108712071
0.260276719191 0.9144 -0.0286357950027
0.255045298179 0.9144 -0.0289414650821
0.249823852808 0.9144 -0.0292464375968
0.244601012307 0.9144 -0.0295314588305
0.239386752317 0.9144 -0.0297958312184
0.234162516687 0.9144 -0.030060901171
0.228936885927 0.9144 -0.0303060198427
0.223710557603 0.9144 -0.0305411628738
0.218482834149 0.9144 -0.030756354624
0.21325441313 0.9144 -0.0309615707336
0.208024596982 0.9144 -0.0311468355623
0.202803361345 0.9144 -0.0313114515451
0.197571452503 0.9144 -0.0314667894523
0.192348124171 0.9144 -0.0316014785137
0.18711342507 0.9144 -0.0317169138588
0.181888004045 0.9144 -0.0318216759986
0.176650514684 0.9144 -0.0318972087818
0.1714223034 0.9144 -0.0319620683596
0.166191999421 0.9144 -0.031997001016
0.160960300313 0.9144 -0.0320119823913
0.155737181716 0.9144 -0.0320063149209
0.150501994784 0.9144 -0.0319714180938
0.145275388363 0.9144 -0.0319158724209
0.140047386813 0.9144 -0.031840375467
0.134796643723 0.9144 -0.0317263710805
0.129805267285 0.9144 -0.0315942300109
0.12505330622 0.9144 -0.0314453473876
0.120520111682 0.9144 -0.0312711426996
0.116207078799 0.9144 -0.0310915672278
0.112103534366 0.9144 -0.0308973428965
0.108189527103 0.9144 -0.0306898648353
0.10447503265 0.9144 -0.0304684354793
0.100930821651 0.9144 -0.0302451231632
0.0975568941045 0.9144 -0.0300199278872
0.0943425768062 0.9144 -0.0297835715753
0.091287869756 0.9144 -0.0295360542276
0.0883742168023 0.9144 -0.0292987222546
0.0854890956406 0.9144 -0.0290393463064
0.0826032769142 0.9144 -0.0287699947177
0.0797160630583 0.9144 -0.028480691848
0.0768381272782 0.9144 -0.028180715773
0.0739587963686 0.9144 -0.027860788417
0.0710780703296 0.9144 -0.0275209097801
0.0681959491611 0.9144 -0.0271610798621
0.0653231060683 0.9144 -0.0267905767389
0.0624581459218 0.9144 -0.0263894491294
0.0592895851523 0.9144 -0.0279542886259
0.0558185407928 0.9144 -0.0312143578053
0.0525205747931 0.9144 -0.0330789543474
0.0495234191575 0.9144 -0.0329376812216
0.0465830490096 0.9144 -0.0324616314413
0.043639191038 0.9144 -0.0319357034585
0.0406925428075 0.9144 -0.0313698729136
0.0377530799585 0.9144 -0.030763442242
0.0348094317211 0.9144 -0.0300971577274
0.03186229566 0.9144 -0.0293809950103
0.0289309254915 0.9144 -0.0286035833207
0.0259939748051 0.9144 -0.0277463665071
0.0230693021875 0.9144 -0.0267780225184
0.0201583027684 0.9144 -0.0257185026358
0.0172688594939 0.9144 -0.0245371823729
0.0143889040293 0.9144 -0.023204832373
0.0115569438073 0.9144 -0.0216987110962
0.00877018856873 0.9144 -0.0199789159803
0.00604649690051 0.9144 -0.0180141249745
0.00341579572412 0.9144 -0.0158022453846
0.00112008093639 0.9144 -0.0135067947505
-0.00073321784553 0.9144 -0.0112305294705
-0.00226959855976 0.9144 -0.00904237172919
-0.00388180874377 0.9144 -0.00706000488055
-0.00576266365661 0.9144 -0.00510644792032
-0.00767790897576 0.9144 -0.00280444110724
-0.009427822157 0.9144 3.23385212083e-07
-0.0108235635955 0.9144 0.00333107492756
-0.0116421813765 0.9144 0.0071532817415
-0.0119365536957 0.9144 0.0113630020336
-0.0113992502954 0.9144 0.0157210985282
-0.00772548804608 0.9144 0.0178024372646
-0.000351128219211 0.9144 0.0151303375015
0.00605545310693 0.9144 0.0118191721913
0.00949614178141 0.9144 0.0119294511345
0.0120267493893 0.9144 0.0132993143155
0.0146362548224 0.9144 0.0145443771231
0.017283360389 0.9144 0.0156818005795
0.019977344165 0.9144 0.0167222578897
0.02269685974 0.9144 0.0176843052054
0.0254412095491 0.9144 0.0185779181671
0.0281997203871 0.9144 0.0194123748505
0.0309716946894 0.9144 0.0201976508961
0.033767805661 0.9144 0.0209244682282
0.0365667068916 0.9144 0.0216113829982
0.0393783740217 0.9144 0.022259092771
0.0421921338459 0.9144 0.0228768756223
0.0450186595697 0.9144 0.0234554534763
0.0478572536281 0.9144 0.0240048019735
0.0506879647402 0.9144 0.0245235259845
0.0535307441871 0.9144 0.0250130206387
0.0563855919687 0.9144 0.0254732859362
0.0592311616745 0.9144 0.0259228780284
0.0620894972797 0.9144 0.0263332651233
0.0649385548092 0.9144 0.026732979013
0.0677989831087 0.9144 0.0271134391865
0.0706608065377 0.9144 0.0274739480789
0.0735346983013 0.9144 0.0278052276145
0.0763993119892 0.9144 0.028125833945
0.0792646232419 0.9144 0.0284364646349
0.082131329624 0.9144 0.0287271440438
0.0850094067761 0.9144 0.0289985697364
0.0878789034171 0.9144 0.0292493465833
0.0906692924989 0.9144 0.0294845672718
0.0935900624719 0.9144 0.0297188806614
0.0966711402578 0.9144 0.0299543794463
0.0998932721401 0.9144 0.0301796928564
0.10328638504 0.9144 0.0303969135862
0.106849781394 0.9144 0.0306160172759
0.110594831971 0.9144 0.0308177502095
0.114520839206 0.9144 0.0310120880273
0.118647754381 0.9144 0.0312004258588
0.122976275061 0.9144 0.0313727880636
0.12753702573 0.9144 0.0315212916953
0.13230865998 0.9144 0.0316644929055
0.137332475501 0.9144 0.0317852306721
0.142598496654 0.9144 0.0318828074305
0.1478666105 0.9144 0.0319504572673
0.153136119476 0.9144 0.0319981558231
0.158407721146 0.9144 0.0320159274574
0.16367143987 0.9144 0.0320030746055
0.168935856159 0.9144 0.031980246113
0.174202365142 0.9144 0.0319274906991
0.179470269254 0.9144 0.0318547840041
0.184738870931 0.9144 0.0317721016686
0.189999589662 0.9144 0.0316587948469
0.195271679162 0.9144 0.031526234309
0.200534490587 0.9144 0.0313830005657
0.205798697142 0.9144 0.0312198155415
0.211064298826 0.9144 0.0310366792363
0.216320622434 0.9144 0.0308428697258
0.221588316812 0.9144 0.0306298064991
0.226847430679 0.9144 0.0303960944266
0.232106544546 0.9144 0.0301623823542
0.237367751108 0.9144 0.0298987433602
0.242628957669 0.9144 0.0296351043662
0.24789155936 0.9144 0.0293515140912
0.253154858615 0.9144 0.0290579481757
0.25840957736 0.9144 0.0287437334145
0.263664296104 0.9144 0.0284295186533
0.268920409978 0.9144 0.028095352611
0.274177221417 0.9144 0.0277512109283
0.279434032856 0.9144 0.0274070692455
0.284692239424 0.9144 0.0270429762818
0.289941167916 0.9144 0.0266682101128
0.295190793973 0.9144 0.0262834683033
0.300451093236 0.9144 0.0258894484181
0.305702114422 0.9144 0.0254847553276
0.310953833174 0.9144 0.0250700865966
0.316195576285 0.9144 0.0246547203008
0.321448690166 0.9144 0.0242201002888
0.326701804046 0.9144 0.0237854802768
0.331945639851 0.9144 0.0233401870596
0.337190173221 0.9144 0.0228849182019
0.342435404156 0.9144 0.0224196737036
0.347690610731 0.9144 0.0219551267701
0.35292656359 0.9144 0.0214792090666
0.358173189654 0.9144 0.0209940132874
0.363420513283 0.9144 0.0204988418676
0.368657861271 0.9144 0.0200029728831
0.373906580029 0.9144 0.0194878501824
0.379144625582 0.9144 0.0189820055574
0.384384066265 0.9144 0.0184562096514
0.389633482588 0.9144 0.0179311113101
0.394863645194 0.9144 0.0173946421989
0.400104481006 0.9144 0.0168488950119
0.405345316818 0.9144 0.0163031478249
0.410586850195 0.9144 0.0157474249974
0.415819105496 0.9144 0.0151810289646
0.421061336437 0.9144 0.0146153304966
0.426294289303 0.9144 0.0140389588233
0.431527939733 0.9144 0.0134526115096
0.436761590164 0.9144 0.0128662641958
0.441995938159 0.9144 0.0122699412416
0.447230983719 0.9144 0.0116636426468
0.452456053638 0.9144 0.0110566464873
0.457691796763 0.9144 0.0104403722521
0.462918261812 0.9144 0.00981342481157
0.46814472686 0.9144 0.00918647737107
0.473371889474 0.9144 0.00854955429007
0.478599749652 0.9144 0.00790265556856
0.483828307395 0.9144 0.00724578120656
0.489056865138 0.9144 0.00658890684455
0.494276144806 0.9144 0.0059213592773
0.499506097678 0.9144 0.00524453363429
0.50472607491 0.9144 0.00456701042654
0.509946749707 0.9144 0.00387951157828
0.515168122069 0.9144 0.00318203708953
0.520390191995 0.9144 0.00247458696027
0.525602983845 0.9144 0.00175646362577
0.529469483696 0.9144 0.00122488211527
0.531889237578 0.9144 0.000882842421882
0.533397930084 0.9144 0.000667559071678
0.53339772035 0.9144 0.000527202539904
0.533398208181 0.9144 0.000376870367627
0.533398696011 0.9144 0.000226538195351
0.533399183842 0.9144 7.62060230746e-05
0.533399671673 0.9144 -7.41261492018e-05

ZONE T="SLICE_Y_0p9144_BINS03_KS_0p5334mm_SINGLE_LAYER"
0.533399671673 0.9144 -7.41261492018e-05
0.533400159503 0.9144 -0.000224458321478
0.533400647334 0.9144 -0.000374790493755
0.533401135164 0.9144 -0.000525122666031
0.533401622995 0.9144 -0.000675454838307
0.531892301286 0.9144 -0.000881241083425
0.529480079244 0.9144 -0.00122033520317
0.525607716131 0.9144 -0.00175175210384
0.520424846555 0.9144 -0.00246502831437
0.515241279414 0.9144 -0.0031683288844
0.510057014707 0.9144 -0.00386165381393
0.504872052437 0.9144 -0.00454500310296
0.499687090166 0.9144 -0.00522835239199
0.494500732766 0.9144 -0.00589175040001
0.489314375365 0.9144 -0.00655514840803
0.484127320401 0.9144 -0.00720857077555
0.478930289795 0.9144 -0.00786269070781
0.473742537265 0.9144 -0.00850613743483
0.468554087171 0.9144 -0.00913960852134
0.463354963871 0.9144 -0.00976380153209
0.458165816212 0.9144 -0.0103872969781
0.452975970988 0.9144 -0.0110008167836
0.447775452559 0.9144 -0.0116050585134
0.442584212206 0.9144 -0.0121986270379
0.437382996212 0.9144 -0.0127928931271
0.432181780218 0.9144 -0.0133871592163
0.426989144735 0.9144 -0.0139607764598
0.421786533612 0.9144 -0.0145350912681
0.416583224923 0.9144 -0.0150994304358
0.411389891876 0.9144 -0.0156630720388
0.406185885623 0.9144 -0.016217435566
0.400981181805 0.9144 -0.0167618234528
0.395785756064 0.9144 -0.0172955381343
0.390580354681 0.9144 -0.0178299503805
0.385374255734 0.9144 -0.0183543869862
0.380168156787 0.9144 -0.0188788235919
0.374961360275 0.9144 -0.0193932845572
0.369753866199 0.9144 -0.0198977698819
0.364555650198 0.9144 -0.0203915820013
0.359347458557 0.9144 -0.0208860916856
0.354138569351 0.9144 -0.0213706257293
0.34892898258 0.9144 -0.0218451841325
0.343718698244 0.9144 -0.0223097668952
0.338508413909 0.9144 -0.0227743496579
0.333297432009 0.9144 -0.0232289567801
0.328085752544 0.9144 -0.0236735882618
0.322873375514 0.9144 -0.024108244103
0.31766030092 0.9144 -0.0245329243037
0.312447226325 0.9144 -0.0249576045044
0.307232756601 0.9144 -0.0253623334241
0.302018286877 0.9144 -0.0257670623438
0.296803119589 0.9144 -0.026161815623
0.291587254735 0.9144 -0.0265465932617
0.286370692317 0.9144 -0.0269213952598
0.281153432334 0.9144 -0.0272862216175
0.275935474787 0.9144 -0.0276410723347
0.270716819675 0.9144 -0.0279859474114
0.265496769433 0.9144 -0.0283108712071
0.260276719191 0.9144 -0.0286357950027
0.255045298179 0.9144 -0.0289414650821
0.249823852808 0.9144 -0.0292464375968
0.244601012307 0.9144 -0.0295314588305
0.239386752317 0.9144 -0.0297958312184
0.234162516687 0.9144 -0.030060901171
0.228936885927 0.9144 -0.0303060198427
0.223710557603 0.9144 -0.0305411628738
0.218482834149 0.9144 -0.030756354624
0.21325441313 0.9144 -0.0309615707336
0.208024596982 0.9144 -0.0311468355623
0.202803361345 0.9144 -0.0313114515451
0.197571452503 0.9144 -0.0314667894523
0.192348124171 0.9144 -0.0316014785137
0.18711342507 0.9144 -0.0317169138588
0.181888004045 0.9144 -0.0318216759986
0.176650514684 0.9144 -0.0318972087818
0.1714223034 0.9144 -0.0319620683596
0.166191999421 0.9144 -0.031997001016
0.160960300313 0.9144 -0.0320119823913
0.155737181716 0.9144 -0.0320063149209
0.150501994784 0.9144 -0.0319714180938
0.145275388363 0.9144 -0.0319158724209
0.140047386813 0.9144 -0.031840375467
0.134796643723 0.9144 -0.0317263710805
0.129805267285 0.9144 -0.0315942300109
0.12505330622 0.9144 -0.0314453473876
0.120520111682 0.9144 -0.0312711426996
0.116207078799 0.9144 -0.0310915672278
0.112103534366 0.9144 -0.0308973428965
0.108184224682 0.9144 -0.0309007484153
0.104447266785 0.9144 -0.0309315003308
0.100897265534 0.9144 -0.0307687394225
0.0975168501705 0.9144 -0.0305941199137
0.0942967426201 0.9144 -0.0304183150096
0.0912262696773 0.9144 -0.0302320466344
0.0883061289068 0.9144 -0.0300452904287
0.0854152174931 0.9144 -0.0298464658882
0.0825136328741 0.9144 -0.029638363272
0.0796206287662 0.9144 -0.02940961181
0.0767269270935 0.9144 -0.0291708847075
0.073832527856 0.9144 -0.0289221819646
0.0709367334891 0.9144 -0.0286535279406
0.0680495196332 0.9144 -0.0283642250709
0.0651516325721 0.9144 -0.0280656441254
0.0622630235868 0.9144 -0.0277563899747
0.0593795072888 0.9144 -0.0273766087757
0.0562141562465 0.9144 -0.0287006377706
0.0527966192852 0.9144 -0.0314356955613
0.0495535558132 0.9144 -0.0327952319956
0.0465758636281 0.9144 -0.032502231568
0.0436320056565 0.9144 -0.0319763035852
0.0406846598612 0.9144 -0.0314004973999
0.0377438018827 0.9144 -0.0307741154473
0.0348094317211 0.9144 -0.0300971577274
0.0318722713005 0.9144 -0.0293802974456
0.0289302279267 0.9144 -0.0285936076802
0.0260018577514 0.9144 -0.0277157420208
0.0230864632096 0.9144 -0.0267367248269
0.0201847418662 0.9144 -0.0256665317391
0.017294601027 0.9144 -0.0244752358357
0.0144232260735 0.9144 -0.0231222369901
0.0115998463624 0.9144 -0.0215954668675
0.00882306676437 0.9144 -0.0198749741869
0.00611004830139 0.9144 -0.0179194612569
0.00347006904924 0.9144 -0.0157182548721
0.00118502746675 0.9144 -0.0134320823138
-0.000666876185699 0.9144 -0.0111757683148
-0.00219328125943 0.9144 -0.00898691300877
-0.0038147695192 0.9144 -0.00701521936538
-0.00569422930257 0.9144 -0.00508161368616
-0.00760877705698 0.9144 -0.00278958251358
-0.00936727074925 0.9144 -5.46686686587e-06
-0.0107630121878 0.9144 0.00332528467548
-0.0115802348393 0.9144 0.00712754020842
-0.0118945584395 0.9144 0.011335865371
-0.0112832401672 0.9144 0.0156389909758
-0.00717766675515 0.9144 0.0172793771981
0.000402762060787 0.9144 0.0142407592612
0.00608886785212 0.9144 0.011771386683
0.00905268175229 0.9144 0.0126803460689
0.0120267493893 0.9144 0.0132993143155
0.0146362548224 0.9144 0.0145443771231
0.017283360389 0.9144 0.0156818005795
0.019977344165 0.9144 0.0167222578897
0.02269685974 0.9144 0.0176843052054
0.0254412095491 0.9144 0.0185779181671
0.0281997203871 0.9144 0.0194123748505
0.0309716946894 0.9144 0.0201976508961
0.033767805661 0.9144 0.0209244682282
0.0365667068916 0.9144 0.0216113829982
0.0393783740217 0.9144 0.022259092771
0.0421921338459 0.9144 0.0228768756223
0.0450186595697 0.9144 0.0234554534763
0.0478572536281 0.9144 0.0240048019735
0.0506879647402 0.9144 0.0245235259845
0.0535307441871 0.9144 0.0250130206387
0.0563855919687 0.9144 0.0254732859362
0.0592311616745 0.9144 0.0259228780284
0.0620894972797 0.9144 0.0263332651233
0.0649385548092 0.9144 0.026732979013
0.0677989831087 0.9144 0.0271134391865
0.0706608065377 0.9144 0.0274739480789
0.0735346983013 0.9144 0.0278052276145
0.0763993119892 0.9144 0.028125833945
0.0792646232419 0.9144 0.0284364646349
0.082131329624 0.9144 0.0287271440438
0.0850094067761 0.9144 0.0289985697364
0.0878789034171 0.9144 0.0292493465833
0.0906692924989 0.9144 0.0294845672718
0.0935900624719 0.9144 0.0297188806614
0.0966711402578 0.9144 0.0299543794463
0.0998932721401 0.9144 0.0301796928564
0.10328638504 0.9144 0.0303969135862
0.106849781394 0.9144 0.0306160172759
0.110594831971 0.9144 0.0308177502095
0.114520839206 0.9144 0.0310120880273
0.118647754381 0.9144 0.0312004258588
0.122976275061 0.9144 0.0313727880636
0.12753702573 0.9144 0.0315212916953
0.13230865998 0.9144 0.0316644929055
0.137332475501 0.9144 0.0317852306721
0.142598496654 0.9144 0.0318828074305
0.1478666105 0.9144 0.0319504572673
0.153136119476 0.9144 0.0319981558231
0.158407721146 0.9144 0.0320159274574
0.16367143987 0.9144 0.0320030746055
0.168935856159 0.9144 0.031980246113
0.174202365142 0.9144 0.0319274906991
0.179470269254 0.9144 0.0318547840041
0.184738870931 0.9144 0.0317721016686
0.189999589662 0.9144 0.0316587948469
0.195271679162 0.9144 0.031526234309
0.200534490587 0.9144 0.0313830005657
0.205798697142 0.9144 0.0312198155415
0.211064298826 0.9144 0.0310366792363
0.216320622434 0.9144 0.0308428697258
0.221588316812 0.9144 0.0306298064991
0.226847430679 0.9144 0.0303960944266
0.232106544546 0.9144 0.0301623823542
0.237367751108 0.9144 0.0298987433602
0.242628957669 0.9144 0.0296351043662
0.24789155936 0.9144 0.0293515140912
0.253154858615 0.9144 0.0290579481757
0.25840957736 0.9144 0.0287437334145
0.263664296104 0.9144 0.0284295186533
0.268920409978 0.9144 0.028095352611
0.274177221417 0.9144 0.0277512109283
0.279434032856 0.9144 0.0274070692455
0.284692239424 0.9144 0.0270429762818
0.289941167916 0.9144 0.0266682101128
0.295190793973 0.9144 0.0262834683033
0.300451093236 0.9144 0.0258894484181
0.305702114422 0.9144 0.0254847553276
0.310953833174 0.9144 0.0250700865966
0.316195576285 0.9144 0.0246547203008
0.321448690166 0.9144 0.0242201002888
0.326701804046 0.9144 0.0237854802768
0.331945639851 0.9144 0.0233401870596
0.337190173221 0.9144 0.0228849182019
0.342435404156 0.9144 0.0224196737036
0.347690610731 0.9144 0.0219551267701
0.35292656359 0.9144 0.0214792090666
0.358173189654 0.9144 0.0209940132874
0.363420513283 0.9144 0.0204988418676
0.368657861271 0.9144 0.0200029728831
0.373906580029 0.9144 0.0194878501824
0.379144625582 0.9144 0.0189820055574
0.384384066265 0.9144 0.0184562096514
0.389633482588 0.9144 0.0179311113101
0.394863645194 0.9144 0.0173946421989
0.400104481006 0.9144 0.0168488950119
0.405345316818 0.9144 0.0163031478249
0.410586850195 0.9144 0.0157474249974
0.415819105496 0.9144 0.0151810289646
0.421061336437 0.9144 0.0146153304966
0.426294289303 0.9144 0.0140389588233
0.431527939733 0.9144 0.0134526115096
0.436761590164 0.9144 0.0128662641958
0.441995938159 0.9144 0.0122699412416
0.447230983719 0.9144 0.0116636426468
0.452456053638 0.9144 0.0110566464873
0.457691796763 0.9144 0.0104403722521
0.462918261812 0.9144 0.00981342481157
0.46814472686 0.9144 0.00918647737107
0.473371889474 0.9144 0.00854955429007
0.478599749652 0.9144 0.00790265556856
0.483828307395 0.9144 0.00724578120656
0.489056865138 0.9144 0.00658890684455
0.494276144806 0.9144 0.0059213592773
0.499506097678 0.9144 0.00524453363429
0.50472607491 0.9144 0.00456701042654
0.509946749707 0.9144 0.00387951157828
0.515168122069 0.9144 0.00318203708953
0.520390191995 0.9144 0.00247458696027
0.525602983845 0.9144 0.00175646362577
0.529469483696 0.9144 0.00122488211527
0.531889237578 0.9144 0.000882842421882
0.533397930084 0.9144 0.000667559071678
0.53339772035 0.9144 0.000527202539904
0.533398208181 0.9144 0.000376870367627
0.533398696011 0.9144 0.000226538195351
0.533399183842 0.9144 7.62060230746e-05
0.533399671673 0.9144 -7.41261492018e-05

ZONE T="SLICE_Y_0p9144_BINS07_KS_0p5334mm_SINGLE_LAYER"
0.533399671673 0.9144 -7.41261492018e-05
0.533400159503 0.9144 -0.000224458321478
0.533400647334 0.9144 -0.000374790493755
0.533401135164 0.9144 -0.000525122666031
0.533401622995 0.9144 -0.000675454838307
0.531892301286 0.9144 -0.000881241083425
0.529480079244 0.9144 -0.00122033520317
0.525607716131 0.9144 -0.00175175210384
0.520424846555 0.9144 -0.00246502831437
0.515241279414 0.9144 -0.0031683288844
0.510057014707 0.9144 -0.00386165381393
0.504872052437 0.9144 -0.00454500310296
0.499687090166 0.9144 -0.00522835239199
0.494500732766 0.9144 -0.00589175040001
0.489314375365 0.9144 -0.00655514840803
0.484127320401 0.9144 -0.00720857077555
0.478930289795 0.9144 -0.00786269070781
0.473742537265 0.9144 -0.00850613743483
0.468554087171 0.9144 -0.00913960852134
0.463354963871 0.9144 -0.00976380153209
0.458165816212 0.9144 -0.0103872969781
0.452975970988 0.9144 -0.0110008167836
0.447775452559 0.9144 -0.0116050585134
0.442584212206 0.9144 -0.0121986270379
0.437382996212 0.9144 -0.0127928931271
0.432181780218 0.9144 -0.0133871592163
0.426989144735 0.9144 -0.0139607764598
0.421786533612 0.9144 -0.0145350912681
0.416583224923 0.9144 -0.0150994304358
0.411389891876 0.9144 -0.0156630720388
0.406185885623 0.9144 -0.016217435566
0.400981181805 0.9144 -0.0167618234528
0.395785756064 0.9144 -0.0172955381343
0.390580354681 0.9144 -0.0178299503805
0.385374255734 0.9144 -0.0183543869862
0.380168156787 0.9144 -0.0188788235919
0.374961360275 0.9144 -0.0193932845572
0.369753866199 0.9144 -0.0198977698819
0.364555650198 0.9144 -0.0203915820013
0.359347458557 0.9144 -0.0208860916856
0.354138569351 0.9144 -0.0213706257293
0.34892898258 0.9144 -0.0218451841325
0.343718698244 0.9144 -0.0223097668952
0.338508413909 0.9144 -0.0227743496579
0.333297432009 0.9144 -0.0232289567801
0.328085752544 0.9144 -0.0236735882618
0.322873375514 0.9144 -0.024108244103
0.31766030092 0.9144 -0.0245329243037
0.312447226325 0.9144 -0.0249576045044
0.307232756601 0.9144 -0.0253623334241
0.302018286877 0.9144 -0.0257670623438
0.296803119589 0.9144 -0.026161815623
0.291587254735 0.9144 -0.0265465932617
0.286370692317 0.9144 -0.0269213952598
0.281153432334 0.9144 -0.0272862216175
0.275935474787 0.9144 -0.0276410723347
0.270716819675 0.9144 -0.0279859474114
0.265496769433 0.9144 -0.0283108712071
0.260276719191 0.9144 -0.0286357950027
0.255045298179 0.9144 -0.0289414650821
0.249823852808 0.9144 -0.0292464375968
0.244601012307 0.9144 -0.0295314588305
0.239386752317 0.9144 -0.0297958312184
0.234162516687 0.9144 -0.030060901171
0.228936885927 0.9144 -0.0303060198427
0.223710557603 0.9144 -0.0305411628738
0.218482834149 0.9144 -0.030756354624
0.21325441313 0.9144 -0.0309615707336
0.208024596982 0.9144 -0.0311468355623
0.202803361345 0.9144 -0.0313114515451
0.197571452503 0.9144 -0.0314667894523
0.192348124171 0.9144 -0.0316014785137
0.18711342507 0.9144 -0.0317169138588
0.181888004045 0.9144 -0.0318216759986
0.176650514684 0.9144 -0.0318972087818
0.1714223034 0.9144 -0.0319620683596
0.166191999421 0.9144 -0.031997001016
0.160960300313 0.9144 -0.0320119823913
0.155737181716 0.9144 -0.0320063149209
0.150501994784 0.9144 -0.0319714180938
0.145275388363 0.9144 -0.0319158724209
0.140047386813 0.9144 -0.031840375467
0.134796643723 0.9144 -0.0317263710805
0.129805267285 0.9144 -0.0315942300109
0.12505330622 0.9144 -0.0314453473876
0.120520111682 0.9144 -0.0312711426996
0.116207078799 0.9144 -0.0310915672278
0.112103534366 0.9144 -0.0308973428965
0.108184922246 0.9144 -0.0309107240558
0.10444796435 0.9144 -0.0309414759713
0.100897963098 0.9144 -0.030778715063
0.0975175477352 0.9144 -0.0306040955542
0.0942974401849 0.9144 -0.0304282906501
0.0912269672421 0.9144 -0.0302420222749
0.088308221601 0.9144 -0.0300752173502
0.0854108223705 0.9144 -0.029926968577
0.08250205237 0.9144 -0.0297594660875
0.0796025604452 0.9144 -0.0295812903928
0.0767030685204 0.9144 -0.0294031146981
0.0738014839014 0.9144 -0.0291950120818
0.0708998992824 0.9144 -0.0289869094656
0.0679976170987 0.9144 -0.0287688312089
0.0650939397855 0.9144 -0.0285308016711
0.0621795892671 0.9144 -0.0282834940576
0.0592837949002 0.9144 -0.0280148400337
0.0562931954436 0.9144 -0.0282540363764
0.0529447220389 0.9144 -0.0305431903376
0.0495822973394 0.9144 -0.0326328314886
0.0465686782465 0.9144 -0.0325428316948
0.0436241227102 0.9144 -0.0320069280715
0.0406767769149 0.9144 -0.0314311218861
0.0377451970122 0.9144 -0.0307940667283
0.0348001536453 0.9144 -0.0301078309327
0.0318722713005 0.9144 -0.0293802974456
0.0289395060025 0.9144 -0.028582934475
0.0260104382624 0.9144 -0.0276950931751
0.0230943461559 0.9144 -0.0267061003407
0.0202012053235 0.9144 -0.0256152584071
0.0173110644843 0.9144 -0.0244239625037
0.0144403870955 0.9144 -0.0230809392986
0.0116184025139 0.9144 -0.021574120457
0.00884092535117 0.9144 -0.0198436521359
0.00612790688819 0.9144 -0.0178881392059
0.00349790327653 0.9144 -0.0156862352564
0.00121286169405 0.9144 -0.0134000626981
-0.000639041958404 0.9144 -0.0111437486991
-0.0021647494674 0.9144 -0.00896486903356
-0.00378554016243 0.9144 -0.00700315103066
-0.00566430238106 0.9144 -0.00507952099194
-0.00757885013547 0.9144 -0.00278748981937
-0.00933734382774 0.9144 -3.37417265354e-06
-0.0107323877015 0.9144 0.00331740172919
-0.0115595859936 0.9144 0.00711895969739
-0.0118945584395 0.9144 0.011335865371
-0.011155859269 0.9144 0.0155376297071
-0.00673727508136 0.9144 0.0168590735297
0.00035937167509 0.9144 0.0142878472047
0.00557697346896 0.9144 0.0124974473833
0.00855167030854 0.9144 0.0135374852252
0.0117362020573 0.9144 0.0138704379867
0.0146362548224 0.9144 0.0145443771231
0.017283360389 0.9144 0.0156818005795
0.019977344165 0.9144 0.0167222578897
0.02269685974 0.9144 0.0176843052054
0.0254412095491 0.9144 0.0185779181671
0.0281997203871 0.9144 0.0194123748505
0.0309716946894 0.9144 0.0201976508961
0.033767805661 0.9144 0.0209244682282
0.0365667068916 0.9144 0.0216113829982
0.0393783740217 0.9144 0.022259092771
0.0421921338459 0.9144 0.0228768756223
0.0450186595697 0.9144 0.0234554534763
0.0478572536281 0.9144 0.0240048019735
0.0506879647402 0.9144 0.0245235259845
0.0535307441871 0.9144 0.0250130206387
0.0563855919687 0.9144 0.0254732859362
0.0592311616745 0.9144 0.0259228780284
0.0620894972797 0.9144 0.0263332651233
0.0649385548092 0.9144 0.026732979013
0.0677989831087 0.9144 0.0271134391865
0.0706608065377 0.9144 0.0274739480789
0.0735346983013 0.9144 0.0278052276145
0.0763993119892 0.9144 0.028125833945
0.0792646232419 0.9144 0.0284364646349
0.082131329624 0.9144 0.0287271440438
0.0850094067761 0.9144 0.0289985697364
0.0878789034171 0.9144 0.0292493465833
0.0906692924989 0.9144 0.0294845672718
0.0935900624719 0.9144 0.0297188806614
0.0966711402578 0.9144 0.0299543794463
0.0998932721401 0.9144 0.0301796928564
0.10328638504 0.9144 0.0303969135862
0.106849781394 0.9144 0.0306160172759
0.110594831971 0.9144 0.0308177502095
0.114520839206 0.9144 0.0310120880273
0.118647754381 0.9144 0.0312004258588
0.122976275061 0.9144 0.0313727880636
0.12753702573 0.9144 0.0315212916953
0.13230865998 0.9144 0.0316644929055
0.137332475501 0.9144 0.0317852306721
0.142598496654 0.9144 0.0318828074305
0.1478666105 0.9144 0.0319504572673
0.153136119476 0.9144 0.0319981558231
0.158407721146 0.9144 0.0320159274574
0.16367143987 0.9144 0.0320030746055
0.168935856159 0.9144 0.031980246113
0.174202365142 0.9144 0.0319274906991
0.179470269254 0.9144 0.0318547840041
0.184738870931 0.9144 0.0317721016686
0.189999589662 0.9144 0.0316587948469
0.195271679162 0.9144 0.031526234309
0.200534490587 0.9144 0.0313830005657
0.205798697142 0.9144 0.0312198155415
0.211064298826 0.9144 0.0310366792363
0.216320622434 0.9144 0.0308428697258
0.221588316812 0.9144 0.0306298064991
0.226847430679 0.9144 0.0303960944266
0.232106544546 0.9144 0.0301623823542
0.237367751108 0.9144 0.0298987433602
0.242628957669 0.9144 0.0296351043662
0.24789155936 0.9144 0.0293515140912
0.253154858615 0.9144 0.0290579481757
0.25840957736 0.9144 0.0287437334145
0.263664296104 0.9144 0.0284295186533
0.268920409978 0.9144 0.028095352611
0.274177221417 0.9144 0.0277512109283
0.279434032856 0.9144 0.0274070692455
0.284692239424 0.9144 0.0270429762818
0.289941167916 0.9144 0.0266682101128
0.295190793973 0.9144 0.0262834683033
0.300451093236 0.9144 0.0258894484181
0.305702114422 0.9144 0.0254847553276
0.310953833174 0.9144 0.0250700865966
0.316195576285 0.9144 0.0246547203008
0.321448690166 0.9144 0.0242201002888
0.326701804046 0.9144 0.0237854802768
0.331945639851 0.9144 0.0233401870596
0.337190173221 0.9144 0.0228849182019
0.342435404156 0.9144 0.0224196737036
0.347690610731 0.9144 0.0219551267701
0.35292656359 0.9144 0.0214792090666
0.358173189654 0.9144 0.0209940132874
0.363420513283 0.9144 0.0204988418676
0.368657861271 0.9144 0.0200029728831
0.373906580029 0.9144 0.0194878501824
0.379144625582 0.9144 0.0189820055574
0.384384066265 0.9144 0.0184562096514
0.389633482588 0.9144 0.0179311113101
0.394863645194 0.9144 0.0173946421989
0.400104481006 0.9144 0.0168488950119
0.405345316818 0.9144 0.0163031478249
0.410586850195 0.9144 0.0157474249974
0.415819105496 0.9144 0.0151810289646
0.421061336437 0.9144 0.0146153304966
0.426294289303 0.9144 0.0140389588233
0.431527939733 0.9144 0.0134526115096
0.436761590164 0.9144 0.0128662641958
0.441995938159 0.9144 0.0122699412416
0.447230983719 0.9144 0.0116636426468
0.452456053638 0.9144 0.0110566464873
0.457691796763 0.9144 0.0104403722521
0.462918261812 0.9144 0.00981342481157
0.46814472686 0.9144 0.00918647737107
0.473371889474 0.9144 0.00854955429007
0.478599749652 0.9144 0.00790265556856
0.483828307395 0.9144 0.00724578120656
0.489056865138 0.9144 0.00658890684455
0.494276144806 0.9144 0.0059213592773
0.499506097678 0.9144 0.00524453363429
0.50472607491 0.9144 0.00456701042654
0.509946749707 0.9144 0.00387951157828
0.515168122069 0.9144 0.00318203708953
0.520390191995 0.9144 0.00247458696027
0.525602983845 0.9144 0.00175646362577
0.529469483696 0.9144 0.00122488211527
0.531889237578 0.9144 0.000882842421882
0.533397930084 0.9144 0.000667559071678
0.53339772035 0.9144 0.000527202539904
0.533398208181 0.9144 0.000376870367627
0.533398696011 0.9144 0.000226538195351
0.533399183842 0.9144 7.62060230746e-05
0.533399671673 0.9144 -7.41261492018e-05

ZONE T="SLICE_Y_0p9144_BINS15_KS_0p5334mm_SINGLE_LAYER"
0.533399671673 0.9144 -7.41261492018e-05
0.533400159503 0.9144 -0.000224458321478
0.533400647334 0.9144 -0.000374790493755
0.533401135164 0.9144 -0.000525122666031
0.533401622995 0.9144 -0.000675454838307
0.531892301286 0.9144 -0.000881241083425
0.529480079244 0.9144 -0.00122033520317
0.525607716131 0.9144 -0.00175175210384
0.520424846555 0.9144 -0.00246502831437
0.515241279414 0.9144 -0.0031683288844
0.510057014707 0.9144 -0.00386165381393
0.504872052437 0.9144 -0.00454500310296
0.499687090166 0.9144 -0.00522835239199
0.494500732766 0.9144 -0.00589175040001
0.489314375365 0.9144 -0.00655514840803
0.484127320401 0.9144 -0.00720857077555
0.478930289795 0.9144 -0.00786269070781
0.473742537265 0.9144 -0.00850613743483
0.468554087171 0.9144 -0.00913960852134
0.463354963871 0.9144 -0.00976380153209
0.458165816212 0.9144 -0.0103872969781
0.452975970988 0.9144 -0.0110008167836
0.447775452559 0.9144 -0.0116050585134
0.442584212206 0.9144 -0.0121986270379
0.437382996212 0.9144 -0.0127928931271
0.432181780218 0.9144 -0.0133871592163
0.426989144735 0.9144 -0.0139607764598
0.421786533612 0.9144 -0.0145350912681
0.416583224923 0.9144 -0.0150994304358
0.411389891876 0.9144 -0.0156630720388
0.406185885623 0.9144 -0.016217435566
0.400981181805 0.9144 -0.0167618234528
0.395785756064 0.9144 -0.0172955381343
0.390580354681 0.9144 -0.0178299503805
0.385374255734 0.9144 -0.0183543869862
0.380168156787 0.9144 -0.0188788235919
0.374961360275 0.9144 -0.0193932845572
0.369753866199 0.9144 -0.0198977698819
0.364555650198 0.9144 -0.0203915820013
0.359347458557 0.9144 -0.0208860916856
0.354138569351 0.9144 -0.0213706257293
0.34892898258 0.9144 -0.0218451841325
0.343718698244 0.9144 -0.0223097668952
0.338508413909 0.9144 -0.0227743496579
0.333297432009 0.9144 -0.0232289567801
0.328085752544 0.9144 -0.0236735882618
0.322873375514 0.9144 -0.024108244103
0.31766030092 0.9144 -0.0245329243037
0.312447226325 0.9144 -0.0249576045044
0.307232756601 0.9144 -0.0253623334241
0.302018286877 0.9144 -0.0257670623438
0.296803119589 0.9144 -0.026161815623
0.291587254735 0.9144 -0.0265465932617
0.286370692317 0.9144 -0.0269213952598
0.281153432334 0.9144 -0.0272862216175
0.275935474787 0.9144 -0.0276410723347
0.270716819675 0.9144 -0.0279859474114
0.265496769433 0.9144 -0.0283108712071
0.260276719191 0.9144 -0.0286357950027
0.255045298179 0.9144 -0.0289414650821
0.249823852808 0.9144 -0.0292464375968
0.244601012307 0.9144 -0.0295314588305
0.239386752317 0.9144 -0.0297958312184
0.234162516687 0.9144 -0.030060901171
0.228936885927 0.9144 -0.0303060198427
0.223710557603 0.9144 -0.0305411628738
0.218482834149 0.9144 -0.030756354624
0.21325441313 0.9144 -0.0309615707336
0.208024596982 0.9144 -0.0311468355623
0.202803361345 0.9144 -0.0313114515451
0.197571452503 0.9144 -0.0314667894523
0.192348124171 0.9144 -0.0316014785137
0.18711342507 0.9144 -0.0317169138588
0.181888004045 0.9144 -0.0318216759986
0.176650514684 0.9144 -0.0318972087818
0.1714223034 0.9144 -0.0319620683596
0.166191999421 0.9144 -0.031997001016
0.160960300313 0.9144 -0.0320119823913
0.155737181716 0.9144 -0.0320063149209
0.150501994784 0.9144 -0.0319714180938
0.145275388363 0.9144 -0.0319158724209
0.140047386813 0.9144 -0.031840375467
0.134796643723 0.9144 -0.0317263710805
0.129805267285 0.9144 -0.0315942300109
0.12505330622 0.9144 -0.0314453473876
0.120520111682 0.9144 -0.0312711426996
0.116207078799 0.9144 -0.0310915672278
0.112103534366 0.9144 -0.0308973428965
0.108184922246 0.9144 -0.0309107240558
0.104448661915 0.9144 -0.0309514516118
0.100888685023 0.9144 -0.0307893882683
0.0975096647889 0.9144 -0.0306347200405
0.0942902548033 0.9144 -0.0304688907768
0.09122117699 0.9144 -0.0303025736827
0.088302431349 0.9144 -0.0301357687579
0.0854029394242 0.9144 -0.0299575930632
0.0825034474994 0.9144 -0.0297794173685
0.0796032580099 0.9144 -0.0295912660333
0.0767023709557 0.9144 -0.0293931390575
0.0738007863367 0.9144 -0.0291850364413
0.070898504153 0.9144 -0.0289669581846
0.0679955244045 0.9144 -0.0287389042874
0.0650925446561 0.9144 -0.0285108503901
0.0621895649076 0.9144 -0.0282827964929
0.0592745168244 0.9144 -0.0280255132389
0.0563191467109 0.9144 -0.0280517333074
0.0529871367635 0.9144 -0.0302896139366
0.0495887851562 0.9144 -0.0325822557214
0.0465686782465 0.9144 -0.0325428316948
0.0436241227102 0.9144 -0.0320069280715
0.0406767769149 0.9144 -0.0314311218861
0.0377451970122 0.9144 -0.0307940667283
0.0348101292858 0.9144 -0.0301071333679
0.0318715737358 0.9144 -0.0293703218051
0.0289388084378 0.9144 -0.0285729588345
0.0260097406976 0.9144 -0.0276851175346
0.0230943461559 0.9144 -0.0267061003407
0.0201919272478 0.9144 -0.0256259316123
0.0173110644843 0.9144 -0.0244239625037
0.014450362736 0.9144 -0.0230802417338
0.0116177049492 0.9144 -0.0215641448165
0.00884092535117 0.9144 -0.0198436521359
0.00612720932345 0.9144 -0.0178781635654
0.0034972057118 0.9144 -0.0156762596159
0.00121286169405 0.9144 -0.0134000626981
-0.000639041958404 0.9144 -0.0111437486991
-0.0021647494674 0.9144 -0.00896486903356
-0.00377556452193 0.9144 -0.00700245346592
-0.0056649999458 0.9144 -0.00506954535144
-0.00757885013547 0.9144 -0.00278748981937
-0.00933734382774 0.9144 -3.37417265354e-06
-0.0107323877015 0.9144 0.00331740172919
-0.0115496103531 0.9144 0.00711965726213
-0.0118945584395 0.9144 0.011335865371
-0.0111451860638 0.9144 0.0155283516313
-0.00667323584992 0.9144 0.0168034050751
0.00037004488033 0.9144 0.014278569129
0.00556560269898 0.9144 0.0125167010996
0.00854029953856 0.9144 0.0135567389415
0.0117127629526 0.9144 0.0139189210597
0.0146362548224 0.9144 0.0145443771231
0.017283360389 0.9144 0.0156818005795
0.019977344165 0.9144 0.0167222578897
0.02269685974 0.9144 0.0176843052054
0.0254412095491 0.9144 0.0185779181671
0.0281997203871 0.9144 0.0194123748505
0.0309716946894 0.9144 0.0201976508961
0.033767805661 0.9144 0.0209244682282
0.0365667068916 0.9144 0.0216113829982
0.0393783740217 0.9144 0.022259092771
0.0421921338459 0.9144 0.0228768756223
0.0450186595697 0.9144 0.0234554534763
0.0478572536281 0.9144 0.0240048019735
0.0506879647402 0.9144 0.0245235259845
0.0535307441871 0.9144 0.0250130206387
0.0563855919687 0.9144 0.0254732859362
0.0592311616745 0.9144 0.0259228780284
0.0620894972797 0.9144 0.0263332651233
0.0649385548092 0.9144 0.026732979013
0.0677989831087 0.9144 0.0271134391865
0.0706608065377 0.9144 0.0274739480789
0.0735346983013 0.9144 0.0278052276145
0.0763993119892 0.9144 0.028125833945
0.0792646232419 0.9144 0.0284364646349
0.082131329624 0.9144 0.0287271440438
0.0850094067761 0.9144 0.0289985697364
0.0878789034171 0.9144 0.0292493465833
0.0906692924989 0.9144 0.0294845672718
0.0935900624719 0.9144 0.0297188806614
0.0966711402578 0.9144 0.0299543794463
0.0998932721401 0.9144 0.0301796928564
0.10328638504 0.9144 0.0303969135862
0.106849781394 0.9144 0.0306160172759
0.110594831971 0.9144 0.0308177502095
0.114520839206 0.9144 0.0310120880273
0.118647754381 0.9144 0.0312004258588
0.122976275061 0.9144 0.0313727880636
0.12753702573 0.9144 0.0315212916953
0.13230865998 0.9144 0.0316644929055
0.137332475501 0.9144 0.0317852306721
0.142598496654 0.9144 0.0318828074305
0.1478666105 0.9144 0.0319504572673
0.153136119476 0.9144 0.0319981558231
0.158407721146 0.9144 0.0320159274574
0.16367143987 0.9144 0.0320030746055
0.168935856159 0.9144 0.031980246113
0.174202365142 0.9144 0.0319274906991
0.179470269254 0.9144 0.0318547840041
0.184738870931 0.9144 0.0317721016686
0.189999589662 0.9144 0.0316587948469
0.195271679162 0.9144 0.031526234309
0.200534490587 0.9144 0.0313830005657
0.205798697142 0.9144 0.0312198155415
0.211064298826 0.9144 0.0310366792363
0.216320622434 0.9144 0.0308428697258
0.221588316812 0.9144 0.0306298064991
0.226847430679 0.9144 0.0303960944266
0.232106544546 0.9144 0.0301623823542
0.237367751108 0.9144 0.0298987433602
0.242628957669 0.9144 0.0296351043662
0.24789155936 0.9144 0.0293515140912
0.253154858615 0.9144 0.0290579481757
0.25840957736 0.9144 0.0287437334145
0.263664296104 0.9144 0.0284295186533
0.268920409978 0.9144 0.028095352611
0.274177221417 0.9144 0.0277512109283
0.279434032856 0.9144 0.0274070692455
0.284692239424 0.9144 0.0270429762818
0.289941167916 0.9144 0.0266682101128
0.295190793973 0.9144 0.0262834683033
0.300451093236 0.9144 0.0258894484181
0.305702114422 0.9144 0.0254847553276
0.310953833174 0.9144 0.0250700865966
0.316195576285 0.9144 0.0246547203008
0.321448690166 0.9144 0.0242201002888
0.326701804046 0.9144 0.0237854802768
0.331945639851 0.9144 0.0233401870596
0.337190173221 0.9144 0.0228849182019
0.342435404156 0.9144 0.0224196737036
0.347690610731 0.9144 0.0219551267701
0.35292656359 0.9144 0.0214792090666
0.358173189654 0.9144 0.0209940132874
0.363420513283 0.9144 0.0204988418676
0.368657861271 0.9144 0.0200029728831
0.373906580029 0.9144 0.0194878501824
0.379144625582 0.9144 0.0189820055574
0.384384066265 0.9144 0.0184562096514
0.389633482588 0.9144 0.0179311113101
0.394863645194 0.9144 0.0173946421989
0.400104481006 0.9144 0.0168488950119
0.405345316818 0.9144 0.0163031478249
0.410586850195 0.9144 0.0157474249974
0.415819105496 0.9144 0.0151810289646
0.421061336437 0.9144 0.0146153304966
0.426294289303 0.9144 0.0140389588233
0.431527939733 0.9144 0.0134526115096
0.436761590164 0.9144 0.0128662641958
0.441995938159 0.9144 0.0122699412416
0.447230983719 0.9144 0.0116636426468
0.452456053638 0.9144 0.0110566464873
0.457691796763 0.9144 0.0104403722521
0.462918261812 0.9144 0.00981342481157
0.46814472686 0.9144 0.00918647737107
0.473371889474 0.9144 0.00854955429007
0.478599749652 0.9144 0.00790265556856
0.483828307395 0.9144 0.00724578120656
0.489056865138 0.9144 0.00658890684455
0.494276144806 0.9144 0.0059213592773
0.499506097678 0.9144 0.00524453363429
0.50472607491 0.9144 0.00456701042654
0.509946749707 0.9144 0.00387951157828
0.515168122069 0.9144 0.00318203708953
0.520390191995 0.9144 0.00247458696027
0.525602983845 0.9144 0.00175646362577
0.529469483696 0.9144 0.00122488211527
0.531889237578 0.9144 0.000882842421882
0.533397930084 0.9144 0.000667559071678
0.53339772035 0.9144 0.000527202539904
0.533398208181 0.9144 0.000376870367627
0.533398696011 0.9144 0.000226538195351
0.533399183842 0.9144 7.62060230746e-05
0.533399671673 0.9144 -7.41261492018e-05
