TITLE = "TC_NACA0012_3933_L4_finalIceShape_V1 | NACA0012 coordinates rotated +4 degrees about X=0.13335 m"
AUXDATA NUM_LAYERS = "insert the number of total ice layers"
VARIABLES = "X_ICED" "Y_ICED" "Z_ICED"

ZONE T="SLICE_Y_0p9144_BINS01_KS_0p5334mm_SINGLE_LAYER"
0.53340476436 0.9144 -3.59910094617e-06
0.533400159503 0.9144 -0.000224458321478
0.533395554646 0.9144 -0.00044531754201
0.533401622995 0.9144 -0.000675454838307
0.532686864702 0.9144 -0.000775557701916
0.531545246562 0.9144 -0.000935582770743
0.529718099487 0.9144 -0.00118364236846
0.526789236833 0.9144 -0.00158893677606
0.522103056588 0.9144 -0.00223740782822
0.51460562868 0.9144 -0.00325287558961
0.506451203629 0.9144 -0.00433433390468
0.498286105373 0.9144 -0.00540651414399
0.490119611987 0.9144 -0.00645874310229
0.481951723472 0.9144 -0.00749102077959
0.473782439827 0.9144 -0.00850334717588
0.465601785413 0.9144 -0.0094964198559
0.457429711509 0.9144 -0.0104688436902
0.449256940041 0.9144 -0.011431291884
0.441072797802 0.9144 -0.0123744863615
0.43289793364 0.9144 -0.0133070076337
0.424711001142 0.9144 -0.0142102995492
0.41652337108 0.9144 -0.0151036158242
0.408345019094 0.9144 -0.015986258894
0.400155296338 0.9144 -0.0168496482475
0.391964178452 0.9144 -0.01769308632
0.383771665437 0.9144 -0.0185165731114
0.375578454857 0.9144 -0.0193300842624
0.367383849148 0.9144 -0.0201236441324
0.359187848309 0.9144 -0.0208972527214
0.35099045234 0.9144 -0.0216509100293
0.342792358807 0.9144 -0.0223945916968
0.33459217258 0.9144 -0.0231083464427
0.326381313147 0.9144 -0.0238128231129
0.318179034226 0.9144 -0.0244966509374
0.30997466261 0.9144 -0.0251505518403
0.301768895865 0.9144 -0.0257845014622
0.29355175835 0.9144 -0.0263991973679
0.285343201346 0.9144 -0.0269932444278
0.277132551647 0.9144 -0.0275573645662
0.268910531179 0.9144 -0.0281022309884
0.260695696092 0.9144 -0.0286064972838
0.252479465876 0.9144 -0.0290908122981
0.244261142965 0.9144 -0.029545200391
0.23603075172 0.9144 -0.0299703591271
0.227807545856 0.9144 -0.0303549177365
0.219582247299 0.9144 -0.0307095494244
0.211354158482 0.9144 -0.0310242785502
0.203133255046 0.9144 -0.0312984075493
0.194900283276 0.9144 -0.0315433071916
0.186673101759 0.9144 -0.0317276554262
0.178433154341 0.9144 -0.0318727986635
0.170520310366 0.9144 -0.031964995343
0.16297516996 0.9144 -0.0320114308461
0.155787059918 0.9144 -0.0320028270973
0.148947399729 0.9144 -0.0319598329421
0.142435540547 0.9144 -0.0318738678695
0.136222253016 0.9144 -0.0317570002143
0.130317512775 0.9144 -0.0316085324118
0.124691392903 0.9144 -0.0314305571561
0.119333917761 0.9144 -0.031223772012
0.114235809271 0.9144 -0.0309988501848
0.109377116154 0.9144 -0.0307571868038
0.104757140843 0.9144 -0.0304888062286
0.100346653984 0.9144 -0.030205776794
0.0961563287798 0.9144 -0.0299173765756
0.0921754920265 0.9144 -0.0296143274978
0.0883742168023 0.9144 -0.0292987222546
0.0845202731166 0.9144 -0.0289467022732
0.0806749099419 0.9144 -0.028574033446
0.0768281516377 0.9144 -0.0281814133377
0.0729885787151 0.9144 -0.0277481931028
0.0691469130983 0.9144 -0.0272850459463
0.065312432863 0.9144 -0.0267812986631
0.0613562889719 0.9144 -0.0271180857069
0.0569148172247 0.9144 -0.0304059161038
0.0524554185286 0.9144 -0.0332940233159
0.0484623037064 0.9144 -0.033102101413
0.0445254865413 0.9144 -0.0324250706834
0.0405937620636 0.9144 -0.0316775129055
0.0366657351437 0.9144 -0.0308394767984
0.032740708217 0.9144 -0.0299009867215
0.0288087056429 0.9144 -0.0288627402396
0.0248961665192 0.9144 -0.0276727664559
0.0210016957165 0.9144 -0.0263111140895
0.0171324786164 0.9144 -0.0247371830135
0.013304978676 0.9144 -0.0228996998961
0.00954354229918 0.9144 -0.020716766919
0.00589316473511 0.9144 -0.0181150667749
0.00238377290535 0.9144 -0.0150925067696
-0.000356797040977 0.9144 -0.0120262099201
-0.00251410661917 0.9144 -0.00912964033114
-0.00484072398952 0.9144 -0.00653561804674
-0.00738568841783 0.9144 -0.00368620476352
-0.00961805689129 0.9144 -2.9547042967e-06
-0.0110562084068 0.9144 0.00450771267631
-0.0120648465404 0.9144 0.00990049017176
-0.011810134516 0.9144 0.0158627818272
-0.00661616761828 0.9144 0.0182809852648
0.00254445641352 0.9144 0.0147213269458
0.00945833191361 0.9144 0.011896733954
0.0128502640662 0.9144 0.0137077547357
0.0163579966129 0.9144 0.0152963114333
0.0199381391678 0.9144 0.0167094919903
0.0235686477558 0.9144 0.0179758281986
0.0272367564774 0.9144 0.0191345250556
0.0309424653326 0.9144 0.0201855825614
0.0346644279109 0.9144 0.0211475568673
0.0384112247235 0.9144 0.0220410968192
0.0421728801297 0.9144 0.0228655048523
0.0459387209243 0.9144 0.0236300590424
0.0497280008236 0.9144 0.0243461301595
0.0535107929061 0.9144 0.0250116255093
0.0573170240933 0.9144 0.025628637786
0.0611167674636 0.9144 0.0261950742955
0.0649285791687 0.9144 0.0267322814483
0.0687431811328 0.9144 0.027229586039
0.0725698514315 0.9144 0.027697661273
0.0763893363487 0.9144 0.0281251363802
0.0802201920359 0.9144 0.0285333577712
0.0840431647768 0.9144 0.0289109546759
0.0878789034171 0.9144 0.0292493465833
0.0915756806552 0.9144 0.0295679969439
0.0954541121165 0.9144 0.0298692765483
0.099534149082 0.9144 0.0301545805259
0.103815093987 0.9144 0.0304338845173
0.108317595677 0.9144 0.0306986080113
0.113042351718 0.9144 0.0309387753676
0.11800791826 0.9144 0.0311757329966
0.123226363638 0.9144 0.0313802515415
0.128696990288 0.9144 0.0315623066428
0.134450422695 0.9144 0.0317140153543
0.140485963295 0.9144 0.0318453533164
0.14683493414 0.9144 0.0319384619423
0.153487359588 0.9144 0.0319926436674
0.160483142201 0.9144 0.0320106887505
0.167822979545 0.9144 0.0319826215512
0.175536798541 0.9144 0.0319105347636
0.183625296753 0.9144 0.0317844527473
0.191937444444 0.9144 0.0316138633122
0.200243104319 0.9144 0.0313926981099
0.208552252017 0.9144 0.031121654705
0.216853516769 0.9144 0.0308199868139
0.22515757178 0.9144 0.0304784163608
0.233454441409 0.9144 0.0300962457809
0.241754101298 0.9144 0.0296741726391
0.250045180675 0.9144 0.0292314506515
0.258349025952 0.9144 0.0287495236666
0.266634315077 0.9144 0.0282462502712
0.274932370102 0.9144 0.0277037718786
0.283221844616 0.9144 0.0271406446402
0.291503436183 0.9144 0.0265468929156
0.299796398521 0.9144 0.0259338874747
0.308080780347 0.9144 0.025300233188
0.316357279227 0.9144 0.0246359544151
0.324644451312 0.9144 0.0239623975665
0.332923740451 0.9144 0.0232582162316
0.34120442472 0.9144 0.0225340836157
0.349476528477 0.9144 0.0217893021541
0.357749329799 0.9144 0.0210345450519
0.366024223816 0.9144 0.0202498610283
0.374289839757 0.9144 0.0194545037994
0.382566826467 0.9144 0.0186398928542
0.390825257026 0.9144 0.0178039354986
0.399094360791 0.9144 0.0169587000672
0.407354884044 0.9144 0.01609281579
0.415616802427 0.9144 0.0152069802319
0.423880115939 0.9144 0.0143011933927
0.432144127016 0.9144 0.013385430913
0.440399557582 0.9144 0.0124490195876
0.448645710072 0.9144 0.011501935057
0.456903233332 0.9144 0.0105355968101
0.465152176082 0.9144 0.00954860971744
0.47340251396 0.9144 0.00854167134378
0.481643573763 0.9144 0.00752405976488
0.489886028695 0.9144 0.00648649690498
0.498129878757 0.9144 0.00542898276407
0.506375123949 0.9144 0.00435151734215
0.514611788629 0.9144 0.0032534030745
0.52210118757 0.9144 0.0022333523428
0.526787572903 0.9144 0.00158868768749
0.529712386892 0.9144 0.00119174546645
0.531545182848 0.9144 0.000928954704327
0.532689171778 0.9144 0.000768364147596
0.533397930084 0.9144 0.000667559071678
0.533403300868 0.9144 0.000447397415883
0.533398696011 0.9144 0.000226538195351
0.53340476436 0.9144 -3.59910094617e-06

ZONE T="SLICE_Y_0p9144_BINS03_KS_0p5334mm_SINGLE_LAYER"
0.53340476436 0.9144 -3.59910094617e-06
0.533400159503 0.9144 -0.000224458321478
0.533395554646 0.9144 -0.00044531754201
0.533401622995 0.9144 -0.000675454838307
0.532686864702 0.9144 -0.000775557701916
0.531545246562 0.9144 -0.000935582770743
0.529718099487 0.9144 -0.00118364236846
0.526789236833 0.9144 -0.00158893677606
0.522103056588 0.9144 -0.00223740782822
0.51460562868 0.9144 -0.00325287558961
0.506451203629 0.9144 -0.00433433390468
0.498286105373 0.9144 -0.00540651414399
0.490119611987 0.9144 -0.00645874310229
0.481951723472 0.9144 -0.00749102077959
0.473782439827 0.9144 -0.00850334717588
0.465601785413 0.9144 -0.0094964198559
0.457429711509 0.9144 -0.0104688436902
0.449256940041 0.9144 -0.011431291884
0.441072797802 0.9144 -0.0123744863615
0.43289793364 0.9144 -0.0133070076337
0.424711001142 0.9144 -0.0142102995492
0.41652337108 0.9144 -0.0151036158242
0.408345019094 0.9144 -0.015986258894
0.400155296338 0.9144 -0.0168496482475
0.391964178452 0.9144 -0.01769308632
0.383771665437 0.9144 -0.0185165731114
0.375578454857 0.9144 -0.0193300842624
0.367383849148 0.9144 -0.0201236441324
0.359187848309 0.9144 -0.0208972527214
0.35099045234 0.9144 -0.0216509100293
0.342792358807 0.9144 -0.0223945916968
0.33459217258 0.9144 -0.0231083464427
0.326381313147 0.9144 -0.0238128231129
0.318179034226 0.9144 -0.0244966509374
0.30997466261 0.9144 -0.0251505518403
0.301768895865 0.9144 -0.0257845014622
0.29355175835 0.9144 -0.0263991973679
0.285343201346 0.9144 -0.0269932444278
0.277132551647 0.9144 -0.0275573645662
0.268910531179 0.9144 -0.0281022309884
0.260695696092 0.9144 -0.0286064972838
0.252479465876 0.9144 -0.0290908122981
0.244261142965 0.9144 -0.029545200391
0.23603075172 0.9144 -0.0299703591271
0.227807545856 0.9144 -0.0303549177365
0.219582247299 0.9144 -0.0307095494244
0.211354158482 0.9144 -0.0310242785502
0.203133255046 0.9144 -0.0312984075493
0.194900283276 0.9144 -0.0315433071916
0.186673101759 0.9144 -0.0317276554262
0.178433154341 0.9144 -0.0318727986635
0.170520310366 0.9144 -0.031964995343
0.16297516996 0.9144 -0.0320114308461
0.155787059918 0.9144 -0.0320028270973
0.148947399729 0.9144 -0.0319598329421
0.142435540547 0.9144 -0.0318738678695
0.136222253016 0.9144 -0.0317570002143
0.130317512775 0.9144 -0.0316085324118
0.124691392903 0.9144 -0.0314305571561
0.119333917761 0.9144 -0.031223772012
0.114235809271 0.9144 -0.0309988501848
0.109361838092 0.9144 -0.0309687679486
0.104720794467 0.9144 -0.0309725199259
0.100315888125 0.9144 -0.0307692956153
0.0961104945938 0.9144 -0.0305521200099
0.0921145895126 0.9144 -0.030320295545
0.0883089191658 0.9144 -0.0300851929907
0.0844413022817 0.9144 -0.0298243489032
0.0805815683439 0.9144 -0.0295328803295
0.0767104636361 0.9144 -0.0292221580395
0.0728479394394 0.9144 -0.0288907869038
0.0689932981889 0.9144 -0.0285287912819
0.0651265886038 0.9144 -0.0281375663031
0.0612663668354 0.9144 -0.0276957655571
0.0571716080006 0.9144 -0.0287740280876
0.0527544142948 0.9144 -0.0315489154305
0.0484745817753 0.9144 -0.032990974238
0.0445183011597 0.9144 -0.0324656708102
0.0405858791173 0.9144 -0.0317081373918
0.036656457068 0.9144 -0.0308501500037
0.032740708217 0.9144 -0.0299009867215
0.0288179837186 0.9144 -0.0288520670343
0.0249040494655 0.9144 -0.0276421419697
0.0210181591739 0.9144 -0.0262598407575
0.0171575225847 0.9144 -0.0246652608358
0.0133478812312 0.9144 -0.0227964556674
0.00959642049482 0.9144 -0.0206128251255
0.00595671613599 0.9144 -0.0180204030572
0.00244802187097 0.9144 -0.0150078186925
-0.000291850510621 0.9144 -0.0119514974834
-0.0024470673946 0.9144 -0.00908485481597
-0.00477298720021 0.9144 -0.00650080817207
-0.00731725406379 0.9144 -0.00366137052935
-0.00955820304827 0.9144 1.23068412794e-06
-0.0109750081533 0.9144 0.0044933419132
-0.0120335244894 0.9144 0.00988263158497
-0.0116307827211 0.9144 0.0157349814607
-0.00582865285891 0.9144 0.0174839780479
0.00261128590391 0.9144 0.0146257559292
0.00900489624399 0.9144 0.0126469313237
0.0128502640662 0.9144 0.0137077547357
0.0163579966129 0.9144 0.0152963114333
0.0199381391678 0.9144 0.0167094919903
0.0235686477558 0.9144 0.0179758281986
0.0272367564774 0.9144 0.0191345250556
0.0309424653326 0.9144 0.0201855825614
0.0346644279109 0.9144 0.0211475568673
0.0384112247235 0.9144 0.0220410968192
0.0421728801297 0.9144 0.0228655048523
0.0459387209243 0.9144 0.0236300590424
0.0497280008236 0.9144 0.0243461301595
0.0535107929061 0.9144 0.0250116255093
0.0573170240933 0.9144 0.025628637786
0.0611167674636 0.9144 0.0261950742955
0.0649285791687 0.9144 0.0267322814483
0.0687431811328 0.9144 0.027229586039
0.0725698514315 0.9144 0.027697661273
0.0763893363487 0.9144 0.0281251363802
0.0802201920359 0.9144 0.0285333577712
0.0840431647768 0.9144 0.0289109546759
0.0878789034171 0.9144 0.0292493465833
0.0915756806552 0.9144 0.0295679969439
0.0954541121165 0.9144 0.0298692765483
0.099534149082 0.9144 0.0301545805259
0.103815093987 0.9144 0.0304338845173
0.108317595677 0.9144 0.0306986080113
0.113042351718 0.9144 0.0309387753676
0.11800791826 0.9144 0.0311757329966
0.123226363638 0.9144 0.0313802515415
0.128696990288 0.9144 0.0315623066428
0.134450422695 0.9144 0.0317140153543
0.140485963295 0.9144 0.0318453533164
0.14683493414 0.9144 0.0319384619423
0.153487359588 0.9144 0.0319926436674
0.160483142201 0.9144 0.0320106887505
0.167822979545 0.9144 0.0319826215512
0.175536798541 0.9144 0.0319105347636
0.183625296753 0.9144 0.0317844527473
0.191937444444 0.9144 0.0316138633122
0.200243104319 0.9144 0.0313926981099
0.208552252017 0.9144 0.031121654705
0.216853516769 0.9144 0.0308199868139
0.22515757178 0.9144 0.0304784163608
0.233454441409 0.9144 0.0300962457809
0.241754101298 0.9144 0.0296741726391
0.250045180675 0.9144 0.0292314506515
0.258349025952 0.9144 0.0287495236666
0.266634315077 0.9144 0.0282462502712
0.274932370102 0.9144 0.0277037718786
0.283221844616 0.9144 0.0271406446402
0.291503436183 0.9144 0.0265468929156
0.299796398521 0.9144 0.0259338874747
0.308080780347 0.9144 0.025300233188
0.316357279227 0.9144 0.0246359544151
0.324644451312 0.9144 0.0239623975665
0.332923740451 0.9144 0.0232582162316
0.34120442472 0.9144 0.0225340836157
0.349476528477 0.9144 0.0217893021541
0.357749329799 0.9144 0.0210345450519
0.366024223816 0.9144 0.0202498610283
0.374289839757 0.9144 0.0194545037994
0.382566826467 0.9144 0.0186398928542
0.390825257026 0.9144 0.0178039354986
0.399094360791 0.9144 0.0169587000672
0.407354884044 0.9144 0.01609281579
0.415616802427 0.9144 0.0152069802319
0.423880115939 0.9144 0.0143011933927
0.432144127016 0.9144 0.013385430913
0.440399557582 0.9144 0.0124490195876
0.448645710072 0.9144 0.011501935057
0.456903233332 0.9144 0.0105355968101
0.465152176082 0.9144 0.00954860971744
0.47340251396 0.9144 0.00854167134378
0.481643573763 0.9144 0.00752405976488
0.489886028695 0.9144 0.00648649690498
0.498129878757 0.9144 0.00542898276407
0.506375123949 0.9144 0.00435151734215
0.514611788629 0.9144 0.0032534030745
0.52210118757 0.9144 0.0022333523428
0.526787572903 0.9144 0.00158868768749
0.529712386892 0.9144 0.00119174546645
0.531545182848 0.9144 0.000928954704327
0.532689171778 0.9144 0.000768364147596
0.533397930084 0.9144 0.000667559071678
0.533403300868 0.9144 0.000447397415883
0.533398696011 0.9144 0.000226538195351
0.53340476436 0.9144 -3.59910094617e-06

ZONE T="SLICE_Y_0p9144_BINS07_KS_0p5334mm_SINGLE_LAYER"
0.53340476436 0.9144 -3.59910094617e-06
0.533400159503 0.9144 -0.000224458321478
0.533395554646 0.9144 -0.00044531754201
0.533401622995 0.9144 -0.000675454838307
0.532686864702 0.9144 -0.000775557701916
0.531545246562 0.9144 -0.000935582770743
0.529718099487 0.9144 -0.00118364236846
0.526789236833 0.9144 -0.00158893677606
0.522103056588 0.9144 -0.00223740782822
0.51460562868 0.9144 -0.00325287558961
0.506451203629 0.9144 -0.00433433390468
0.498286105373 0.9144 -0.00540651414399
0.490119611987 0.9144 -0.00645874310229
0.481951723472 0.9144 -0.00749102077959
0.473782439827 0.9144 -0.00850334717588
0.465601785413 0.9144 -0.0094964198559
0.457429711509 0.9144 -0.0104688436902
0.449256940041 0.9144 -0.011431291884
0.441072797802 0.9144 -0.0123744863615
0.43289793364 0.9144 -0.0133070076337
0.424711001142 0.9144 -0.0142102995492
0.41652337108 0.9144 -0.0151036158242
0.408345019094 0.9144 -0.015986258894
0.400155296338 0.9144 -0.0168496482475
0.391964178452 0.9144 -0.01769308632
0.383771665437 0.9144 -0.0185165731114
0.375578454857 0.9144 -0.0193300842624
0.367383849148 0.9144 -0.0201236441324
0.359187848309 0.9144 -0.0208972527214
0.35099045234 0.9144 -0.0216509100293
0.342792358807 0.9144 -0.0223945916968
0.33459217258 0.9144 -0.0231083464427
0.326381313147 0.9144 -0.0238128231129
0.318179034226 0.9144 -0.0244966509374
0.30997466261 0.9144 -0.0251505518403
0.301768895865 0.9144 -0.0257845014622
0.29355175835 0.9144 -0.0263991973679
0.285343201346 0.9144 -0.0269932444278
0.277132551647 0.9144 -0.0275573645662
0.268910531179 0.9144 -0.0281022309884
0.260695696092 0.9144 -0.0286064972838
0.252479465876 0.9144 -0.0290908122981
0.244261142965 0.9144 -0.029545200391
0.23603075172 0.9144 -0.0299703591271
0.227807545856 0.9144 -0.0303549177365
0.219582247299 0.9144 -0.0307095494244
0.211354158482 0.9144 -0.0310242785502
0.203133255046 0.9144 -0.0312984075493
0.194900283276 0.9144 -0.0315433071916
0.186673101759 0.9144 -0.0317276554262
0.178433154341 0.9144 -0.0318727986635
0.170520310366 0.9144 -0.031964995343
0.16297516996 0.9144 -0.0320114308461
0.155787059918 0.9144 -0.0320028270973
0.148947399729 0.9144 -0.0319598329421
0.142435540547 0.9144 -0.0318738678695
0.136222253016 0.9144 -0.0317570002143
0.130317512775 0.9144 -0.0316085324118
0.124691392903 0.9144 -0.0314305571561
0.119333917761 0.9144 -0.031223772012
0.114235809271 0.9144 -0.0309988501848
0.109361838092 0.9144 -0.0309687679486
0.104720096902 0.9144 -0.0309625442854
0.100315190561 0.9144 -0.0307593199748
0.0961190751048 0.9144 -0.0305314711642
0.0921131943832 0.9144 -0.030300344264
0.0883096167305 0.9144 -0.0300951686312
0.0844355120296 0.9144 -0.029884900311
0.0805699878398 0.9144 -0.029653983145
0.0766937904446 0.9144 -0.0294137879033
0.0728254759958 0.9144 -0.0291429681753
0.0689464883418 0.9144 -0.0288628703716
0.065075383634 0.9144 -0.0285521480816
0.0611922105915 0.9144 -0.0282121964349
0.0572276959236 0.9144 -0.0284292757926
0.0528881462854 0.9144 -0.0307376104603
0.0485471331555 0.9144 -0.0325949486111
0.0445850622879 0.9144 -0.0321301965909
0.0406619183212 0.9144 -0.0313619899673
0.0367417743477 0.9144 -0.0304933293739
0.032825327932 0.9144 -0.0295341904513
0.0289218571499 0.9144 -0.0284738999942
0.025027176613 0.9144 -0.0272526041595
0.0211512619619 0.9144 -0.0258696053826
0.017301298578 0.9144 -0.0242843035367
0.0134844718429 0.9144 -0.022456098495
0.00974507944124 0.9144 -0.0203016973099
0.00611744341712 0.9144 -0.0177385045983
0.00263149069206 0.9144 -0.0147644276661
-0.000104196301105 0.9144 -0.0117679603002
-0.00224664728563 0.9144 -0.00894052262995
-0.00454982555129 0.9144 -0.00639498341858
-0.00705070202917 0.9144 -0.00360263371943
-0.00923688985797 0.9144 -6.37416578173e-06
-0.0106381388046 0.9144 0.00440662950401
-0.0116604501365 0.9144 0.00970823110547
-0.0111446982332 0.9144 0.015378019459
-0.00527873887377 0.9144 0.0169309910598
0.00268878859954 0.9144 0.0145209068368
0.00882296392435 0.9144 0.012954990784
0.0128502640662 0.9144 0.0137077547357
0.0163579966129 0.9144 0.0152963114333
0.0199381391678 0.9144 0.0167094919903
0.0235686477558 0.9144 0.0179758281986
0.0272367564774 0.9144 0.0191345250556
0.0309424653326 0.9144 0.0201855825614
0.0346644279109 0.9144 0.0211475568673
0.0384112247235 0.9144 0.0220410968192
0.0421728801297 0.9144 0.0228655048523
0.0459387209243 0.9144 0.0236300590424
0.0497280008236 0.9144 0.0243461301595
0.0535107929061 0.9144 0.0250116255093
0.0573170240933 0.9144 0.025628637786
0.0611167674636 0.9144 0.0261950742955
0.0649285791687 0.9144 0.0267322814483
0.0687431811328 0.9144 0.027229586039
0.0725698514315 0.9144 0.027697661273
0.0763893363487 0.9144 0.0281251363802
0.0802201920359 0.9144 0.0285333577712
0.0840431647768 0.9144 0.0289109546759
0.0878789034171 0.9144 0.0292493465833
0.0915756806552 0.9144 0.0295679969439
0.0954541121165 0.9144 0.0298692765483
0.099534149082 0.9144 0.0301545805259
0.103815093987 0.9144 0.0304338845173
0.108317595677 0.9144 0.0306986080113
0.113042351718 0.9144 0.0309387753676
0.11800791826 0.9144 0.0311757329966
0.123226363638 0.9144 0.0313802515415
0.128696990288 0.9144 0.0315623066428
0.134450422695 0.9144 0.0317140153543
0.140485963295 0.9144 0.0318453533164
0.14683493414 0.9144 0.0319384619423
0.153487359588 0.9144 0.0319926436674
0.160483142201 0.9144 0.0320106887505
0.167822979545 0.9144 0.0319826215512
0.175536798541 0.9144 0.0319105347636
0.183625296753 0.9144 0.0317844527473
0.191937444444 0.9144 0.0316138633122
0.200243104319 0.9144 0.0313926981099
0.208552252017 0.9144 0.031121654705
0.216853516769 0.9144 0.0308199868139
0.22515757178 0.9144 0.0304784163608
0.233454441409 0.9144 0.0300962457809
0.241754101298 0.9144 0.0296741726391
0.250045180675 0.9144 0.0292314506515
0.258349025952 0.9144 0.0287495236666
0.266634315077 0.9144 0.0282462502712
0.274932370102 0.9144 0.0277037718786
0.283221844616 0.9144 0.0271406446402
0.291503436183 0.9144 0.0265468929156
0.299796398521 0.9144 0.0259338874747
0.308080780347 0.9144 0.025300233188
0.316357279227 0.9144 0.0246359544151
0.324644451312 0.9144 0.0239623975665
0.332923740451 0.9144 0.0232582162316
0.34120442472 0.9144 0.0225340836157
0.349476528477 0.9144 0.0217893021541
0.357749329799 0.9144 0.0210345450519
0.366024223816 0.9144 0.0202498610283
0.374289839757 0.9144 0.0194545037994
0.382566826467 0.9144 0.0186398928542
0.390825257026 0.9144 0.0178039354986
0.399094360791 0.9144 0.0169587000672
0.407354884044 0.9144 0.01609281579
0.415616802427 0.9144 0.0152069802319
0.423880115939 0.9144 0.0143011933927
0.432144127016 0.9144 0.013385430913
0.440399557582 0.9144 0.0124490195876
0.448645710072 0.9144 0.011501935057
0.456903233332 0.9144 0.0105355968101
0.465152176082 0.9144 0.00954860971744
0.47340251396 0.9144 0.00854167134378
0.481643573763 0.9144 0.00752405976488
0.489886028695 0.9144 0.00648649690498
0.498129878757 0.9144 0.00542898276407
0.506375123949 0.9144 0.00435151734215
0.514611788629 0.9144 0.0032534030745
0.52210118757 0.9144 0.0022333523428
0.526787572903 0.9144 0.00158868768749
0.529712386892 0.9144 0.00119174546645
0.531545182848 0.9144 0.000928954704327
0.532689171778 0.9144 0.000768364147596
0.533397930084 0.9144 0.000667559071678
0.533403300868 0.9144 0.000447397415883
0.533398696011 0.9144 0.000226538195351
0.53340476436 0.9144 -3.59910094617e-06

ZONE T="SLICE_Y_0p9144_BINS15_KS_0p5334mm_SINGLE_LAYER"
0.53340476436 0.9144 -3.59910094617e-06
0.533400159503 0.9144 -0.000224458321478
0.533395554646 0.9144 -0.00044531754201
0.533401622995 0.9144 -0.000675454838307
0.532686864702 0.9144 -0.000775557701916
0.531545246562 0.9144 -0.000935582770743
0.529718099487 0.9144 -0.00118364236846
0.526789236833 0.9144 -0.00158893677606
0.522103056588 0.9144 -0.00223740782822
0.51460562868 0.9144 -0.00325287558961
0.506451203629 0.9144 -0.00433433390468
0.498286105373 0.9144 -0.00540651414399
0.490119611987 0.9144 -0.00645874310229
0.481951723472 0.9144 -0.00749102077959
0.473782439827 0.9144 -0.00850334717588
0.465601785413 0.9144 -0.0094964198559
0.457429711509 0.9144 -0.0104688436902
0.449256940041 0.9144 -0.011431291884
0.441072797802 0.9144 -0.0123744863615
0.43289793364 0.9144 -0.0133070076337
0.424711001142 0.9144 -0.0142102995492
0.41652337108 0.9144 -0.0151036158242
0.408345019094 0.9144 -0.015986258894
0.400155296338 0.9144 -0.0168496482475
0.391964178452 0.9144 -0.01769308632
0.383771665437 0.9144 -0.0185165731114
0.375578454857 0.9144 -0.0193300842624
0.367383849148 0.9144 -0.0201236441324
0.359187848309 0.9144 -0.0208972527214
0.35099045234 0.9144 -0.0216509100293
0.342792358807 0.9144 -0.0223945916968
0.33459217258 0.9144 -0.0231083464427
0.326381313147 0.9144 -0.0238128231129
0.318179034226 0.9144 -0.0244966509374
0.30997466261 0.9144 -0.0251505518403
0.301768895865 0.9144 -0.0257845014622
0.29355175835 0.9144 -0.0263991973679
0.285343201346 0.9144 -0.0269932444278
0.277132551647 0.9144 -0.0275573645662
0.268910531179 0.9144 -0.0281022309884
0.260695696092 0.9144 -0.0286064972838
0.252479465876 0.9144 -0.0290908122981
0.244261142965 0.9144 -0.029545200391
0.23603075172 0.9144 -0.0299703591271
0.227807545856 0.9144 -0.0303549177365
0.219582247299 0.9144 -0.0307095494244
0.211354158482 0.9144 -0.0310242785502
0.203133255046 0.9144 -0.0312984075493
0.194900283276 0.9144 -0.0315433071916
0.186673101759 0.9144 -0.0317276554262
0.178433154341 0.9144 -0.0318727986635
0.170520310366 0.9144 -0.031964995343
0.16297516996 0.9144 -0.0320114308461
0.155787059918 0.9144 -0.0320028270973
0.148947399729 0.9144 -0.0319598329421
0.142435540547 0.9144 -0.0318738678695
0.136222253016 0.9144 -0.0317570002143
0.130317512775 0.9144 -0.0316085324118
0.124691392903 0.9144 -0.0314305571561
0.119333917761 0.9144 -0.031223772012
0.114235809271 0.9144 -0.0309988501848
0.109361838092 0.9144 -0.0309687679486
0.104720096902 0.9144 -0.0309625442854
0.100315888125 0.9144 -0.0307692956153
0.0961118897233 0.9144 -0.0305720712909
0.0921074041311 0.9144 -0.0303608956718
0.0883031289137 0.9144 -0.0301457443984
0.0844376047238 0.9144 -0.0299148272325
0.0805614073287 0.9144 -0.0296746319908
0.0766937904446 0.9144 -0.0294137879033
0.0728240808664 0.9144 -0.0291230168943
0.0689543712881 0.9144 -0.0288322458854
0.0650739885045 0.9144 -0.0285321968006
0.0611922105915 0.9144 -0.0282121964349
0.0572485545035 0.9144 -0.0282974997719
0.0529083073006 0.9144 -0.030595858799
0.0485557136666 0.9144 -0.0325742997653
0.0445850622879 0.9144 -0.0321301965909
0.0406612207565 0.9144 -0.0313520143268
0.0367417743477 0.9144 -0.0304933293739
0.032825327932 0.9144 -0.0295341904513
0.0289211595852 0.9144 -0.0284639243537
0.025027176613 0.9144 -0.0272526041595
0.0211512619619 0.9144 -0.0258696053826
0.017301298578 0.9144 -0.0242843035367
0.0134944474834 0.9144 -0.0224554009303
0.00975505508174 0.9144 -0.0203009997452
0.00612741905763 0.9144 -0.0177378070336
0.00263149069206 0.9144 -0.0147644276661
-0.000104196301105 0.9144 -0.0117679603002
-0.00224734485037 0.9144 -0.00893054698945
-0.00453984991079 0.9144 -0.00639428585385
-0.00705070202917 0.9144 -0.00360263371943
-0.00923688985797 0.9144 -6.37416578173e-06
-0.0106281631641 0.9144 0.00440732706874
-0.0116604501365 0.9144 0.00970823110547
-0.011134025028 0.9144 0.0153687413833
-0.00522467528283 0.9144 0.0168746250405
0.00269946180478 0.9144 0.014511628761
0.00851455800548 0.9144 0.0134947924042
0.01255762404 0.9144 0.0143088053285
0.0163579966129 0.9144 0.0152963114333
0.0199381391678 0.9144 0.0167094919903
0.0235686477558 0.9144 0.0179758281986
0.0272367564774 0.9144 0.0191345250556
0.0309424653326 0.9144 0.0201855825614
0.0346644279109 0.9144 0.0211475568673
0.0384112247235 0.9144 0.0220410968192
0.0421728801297 0.9144 0.0228655048523
0.0459387209243 0.9144 0.0236300590424
0.0497280008236 0.9144 0.0243461301595
0.0535107929061 0.9144 0.0250116255093
0.0573170240933 0.9144 0.025628637786
0.0611167674636 0.9144 0.0261950742955
0.0649285791687 0.9144 0.0267322814483
0.0687431811328 0.9144 0.027229586039
0.0725698514315 0.9144 0.027697661273
0.0763893363487 0.9144 0.0281251363802
0.0802201920359 0.9144 0.0285333577712
0.0840431647768 0.9144 0.0289109546759
0.0878789034171 0.9144 0.0292493465833
0.0915756806552 0.9144 0.0295679969439
0.0954541121165 0.9144 0.0298692765483
0.099534149082 0.9144 0.0301545805259
0.103815093987 0.9144 0.0304338845173
0.108317595677 0.9144 0.0306986080113
0.113042351718 0.9144 0.0309387753676
0.11800791826 0.9144 0.0311757329966
0.123226363638 0.9144 0.0313802515415
0.128696990288 0.9144 0.0315623066428
0.134450422695 0.9144 0.0317140153543
0.140485963295 0.9144 0.0318453533164
0.14683493414 0.9144 0.0319384619423
0.153487359588 0.9144 0.0319926436674
0.160483142201 0.9144 0.0320106887505
0.167822979545 0.9144 0.0319826215512
0.175536798541 0.9144 0.0319105347636
0.183625296753 0.9144 0.0317844527473
0.191937444444 0.9144 0.0316138633122
0.200243104319 0.9144 0.0313926981099
0.208552252017 0.9144 0.031121654705
0.216853516769 0.9144 0.0308199868139
0.22515757178 0.9144 0.0304784163608
0.233454441409 0.9144 0.0300962457809
0.241754101298 0.9144 0.0296741726391
0.250045180675 0.9144 0.0292314506515
0.258349025952 0.9144 0.0287495236666
0.266634315077 0.9144 0.0282462502712
0.274932370102 0.9144 0.0277037718786
0.283221844616 0.9144 0.0271406446402
0.291503436183 0.9144 0.0265468929156
0.299796398521 0.9144 0.0259338874747
0.308080780347 0.9144 0.025300233188
0.316357279227 0.9144 0.0246359544151
0.324644451312 0.9144 0.0239623975665
0.332923740451 0.9144 0.0232582162316
0.34120442472 0.9144 0.0225340836157
0.349476528477 0.9144 0.0217893021541
0.357749329799 0.9144 0.0210345450519
0.366024223816 0.9144 0.0202498610283
0.374289839757 0.9144 0.0194545037994
0.382566826467 0.9144 0.0186398928542
0.390825257026 0.9144 0.0178039354986
0.399094360791 0.9144 0.0169587000672
0.407354884044 0.9144 0.01609281579
0.415616802427 0.9144 0.0152069802319
0.423880115939 0.9144 0.0143011933927
0.432144127016 0.9144 0.013385430913
0.440399557582 0.9144 0.0124490195876
0.448645710072 0.9144 0.011501935057
0.456903233332 0.9144 0.0105355968101
0.465152176082 0.9144 0.00954860971744
0.47340251396 0.9144 0.00854167134378
0.481643573763 0.9144 0.00752405976488
0.489886028695 0.9144 0.00648649690498
0.498129878757 0.9144 0.00542898276407
0.506375123949 0.9144 0.00435151734215
0.514611788629 0.9144 0.0032534030745
0.52210118757 0.9144 0.0022333523428
0.526787572903 0.9144 0.00158868768749
0.529712386892 0.9144 0.00119174546645
0.531545182848 0.9144 0.000928954704327
0.532689171778 0.9144 0.000768364147596
0.533397930084 0.9144 0.000667559071678
0.533403300868 0.9144 0.000447397415883
0.533398696011 0.9144 0.000226538195351
0.53340476436 0.9144 -3.59910094617e-06
